8.000000 1.763475e+00 4.741119e-02 1.410318e-02 0.297465
8.001000 1.763874e+00 4.736128e-02 1.408935e-02 0.297487
8.002000 1.764273e+00 4.731143e-02 1.407287e-02 0.297452
8.003000 1.764672e+00 4.726163e-02 1.405907e-02 0.297473
8.004000 1.765071e+00 4.721189e-02 1.404263e-02 0.297438
8.005000 1.765470e+00 4.716220e-02 1.402886e-02 0.297460
8.006000 1.765869e+00 4.711257e-02 1.401168e-02 0.297409
8.007000 1.766268e+00 4.706300e-02 1.399740e-02 0.297418
8.008000 1.766667e+00 4.701349e-02 1.398632e-02 0.297496
8.009000 1.767066e+00 4.696403e-02 1.396788e-02 0.297417
8.010000 1.767465e+00 4.691462e-02 1.395155e-02 0.297382
8.011000 1.767864e+00 4.686528e-02 1.393656e-02 0.297375
8.012000 1.768263e+00 4.681598e-02 1.392291e-02 0.297396
8.013000 1.768662e+00 4.676675e-02 1.390664e-02 0.297362
8.014000 1.769061e+00 4.671757e-02 1.389038e-02 0.297327
8.015000 1.769461e+00 4.666845e-02 1.387809e-02 0.297376
8.016000 1.769860e+00 4.661938e-02 1.386188e-02 0.297341
8.017000 1.770259e+00 4.657037e-02 1.384699e-02 0.297335
8.018000 1.770659e+00 4.652141e-02 1.383212e-02 0.297328
8.019000 1.771058e+00 4.647251e-02 1.381651e-02 0.297305
8.020000 1.771457e+00 4.642366e-02 1.379850e-02 0.297230
8.021000 1.771857e+00 4.637487e-02 1.378947e-02 0.297348
8.022000 1.772256e+00 4.632614e-02 1.377543e-02 0.297358
8.023000 1.772656e+00 4.627746e-02 1.375466e-02 0.297222
8.024000 1.773055e+00 4.622883e-02 1.374512e-02 0.297328
8.025000 1.773455e+00 4.618026e-02 1.373113e-02 0.297338
8.026000 1.773854e+00 4.613175e-02 1.371564e-02 0.297315
8.027000 1.774254e+00 4.608329e-02 1.369572e-02 0.297195
8.028000 1.774653e+00 4.603488e-02 1.368493e-02 0.297273
8.029000 1.775053e+00 4.598653e-02 1.367154e-02 0.297294
8.030000 1.775453e+00 4.593824e-02 1.365688e-02 0.297288
8.031000 1.775853e+00 4.589000e-02 1.364223e-02 0.297281
8.032000 1.776252e+00 4.584181e-02 1.362760e-02 0.297274
8.033000 1.776652e+00 4.579368e-02 1.361170e-02 0.297240
8.034000 1.777052e+00 4.574561e-02 1.359839e-02 0.297261
8.035000 1.777452e+00 4.569758e-02 1.357919e-02 0.297153
8.036000 1.777852e+00 4.564962e-02 1.356850e-02 0.297231
8.037000 1.778252e+00 4.560170e-02 1.355395e-02 0.297225
8.038000 1.778652e+00 4.555384e-02 1.353428e-02 0.297105
8.039000 1.779051e+00 4.550604e-02 1.352235e-02 0.297155
8.040000 1.779451e+00 4.545829e-02 1.350785e-02 0.297148
8.041000 1.779852e+00 4.541059e-02 1.349722e-02 0.297226
8.042000 1.780252e+00 4.536295e-02 1.347892e-02 0.297135
8.043000 1.780652e+00 4.531536e-02 1.346448e-02 0.297128
8.044000 1.781052e+00 4.526783e-02 1.345005e-02 0.297122
8.045000 1.781452e+00 4.522034e-02 1.343692e-02 0.297143
8.046000 1.781852e+00 4.517292e-02 1.342253e-02 0.297137
8.047000 1.782252e+00 4.512554e-02 1.340741e-02 0.297113
8.048000 1.782653e+00 4.507822e-02 1.339432e-02 0.297135
8.049000 1.783053e+00 4.503096e-02 1.338072e-02 0.297145
8.050000 1.783453e+00 4.498374e-02 1.336639e-02 0.297138
8.051000 1.783854e+00 4.493659e-02 1.334880e-02 0.297059
8.052000 1.784254e+00 4.488948e-02 1.333324e-02 0.297024
8.053000 1.784654e+00 4.484243e-02 1.331897e-02 0.297017
8.054000 1.785055e+00 4.479543e-02 1.330344e-02 0.296982
8.055000 1.785455e+00 4.474848e-02 1.329426e-02 0.297089
8.056000 1.785856e+00 4.470159e-02 1.327877e-02 0.297054
8.057000 1.786256e+00 4.465475e-02 1.326204e-02 0.296991
8.058000 1.786657e+00 4.460796e-02 1.324911e-02 0.297012
8.059000 1.787057e+00 4.456122e-02 1.323419e-02 0.296989
8.060000 1.787458e+00 4.451454e-02 1.322203e-02 0.297027
8.061000 1.787859e+00 4.446791e-02 1.320663e-02 0.296992
8.062000 1.788259e+00 4.442134e-02 1.319177e-02 0.296969
8.063000 1.788660e+00 4.437481e-02 1.317514e-02 0.296906
8.064000 1.789061e+00 4.432834e-02 1.316555e-02 0.297001
8.065000 1.789461e+00 4.428192e-02 1.314949e-02 0.296949
8.066000 1.789862e+00 4.423556e-02 1.313166e-02 0.296858
8.067000 1.790263e+00 4.418924e-02 1.312263e-02 0.296964
8.068000 1.790664e+00 4.414298e-02 1.310610e-02 0.296901
8.069000 1.791065e+00 4.409677e-02 1.309209e-02 0.296895
8.070000 1.791466e+00 4.405062e-02 1.307737e-02 0.296871
8.071000 1.791867e+00 4.400451e-02 1.306412e-02 0.296881
8.072000 1.792268e+00 4.395846e-02 1.305388e-02 0.296959
8.073000 1.792669e+00 4.391246e-02 1.303745e-02 0.296896
8.074000 1.793070e+00 4.386651e-02 1.302403e-02 0.296901
8.075000 1.793471e+00 4.382061e-02 1.300764e-02 0.296838
8.076000 1.793872e+00 4.377477e-02 1.299498e-02 0.296860
8.077000 1.794273e+00 4.372898e-02 1.297986e-02 0.296825
8.078000 1.794674e+00 4.368324e-02 1.296846e-02 0.296875
8.079000 1.795075e+00 4.363755e-02 1.295091e-02 0.296784
8.080000 1.795477e+00 4.359191e-02 1.294201e-02 0.296890
8.081000 1.795878e+00 4.354632e-02 1.292449e-02 0.296799
8.082000 1.796279e+00 4.350079e-02 1.291192e-02 0.296820
8.083000 1.796680e+00 4.345530e-02 1.289936e-02 0.296842
8.084000 1.797082e+00 4.340987e-02 1.288190e-02 0.296751
8.085000 1.797483e+00 4.336449e-02 1.286815e-02 0.296744
8.086000 1.797885e+00 4.331916e-02 1.285810e-02 0.296822
8.087000 1.798286e+00 4.327388e-02 1.284120e-02 0.296743
8.088000 1.798687e+00 4.322865e-02 1.282994e-02 0.296793
8.089000 1.799089e+00 4.318347e-02 1.281625e-02 0.296786
8.090000 1.799490e+00 4.313835e-02 1.280013e-02 0.296723
8.091000 1.799892e+00 4.309327e-02 1.278770e-02 0.296745
8.092000 1.800294e+00 4.304825e-02 1.277283e-02 0.296710
8.093000 1.800695e+00 4.300328e-02 1.275605e-02 0.296630
8.094000 1.801097e+00 4.295835e-02 1.275045e-02 0.296810
8.095000 1.801499e+00 4.291348e-02 1.273128e-02 0.296673
8.096000 1.801900e+00 4.286866e-02 1.271720e-02 0.296655
8.097000 1.802302e+00 4.282389e-02 1.270849e-02 0.296762
8.098000 1.802704e+00 4.277917e-02 1.269131e-02 0.296670
8.099000 1.803106e+00 4.273450e-02 1.267827e-02 0.296675
8.100000 1.803507e+00 4.268988e-02 1.266355e-02 0.296640
8.101000 1.803909e+00 4.264531e-02 1.265005e-02 0.296634
8.102000 1.804311e+00 4.260079e-02 1.263777e-02 0.296656
8.103000 1.804713e+00 4.255632e-02 1.262670e-02 0.296706
8.104000 1.805115e+00 4.251190e-02 1.260964e-02 0.296614
8.105000 1.805517e+00 4.246753e-02 1.259620e-02 0.296608
8.106000 1.805919e+00 4.242322e-02 1.258398e-02 0.296630
8.107000 1.806321e+00 4.237895e-02 1.257106e-02 0.296635
8.108000 1.806723e+00 4.233473e-02 1.255477e-02 0.296560
8.109000 1.807125e+00 4.229056e-02 1.254548e-02 0.296650
8.110000 1.807527e+00 4.224644e-02 1.252973e-02 0.296587
8.111000 1.807929e+00 4.220237e-02 1.251758e-02 0.296608
8.112000 1.808332e+00 4.215835e-02 1.250185e-02 0.296545
8.113000 1.808734e+00 4.211438e-02 1.248805e-02 0.296527
8.114000 1.809136e+00 4.207046e-02 1.247714e-02 0.296577
8.115000 1.809538e+00 4.202659e-02 1.246315e-02 0.296554
8.116000 1.809941e+00 4.198276e-02 1.244749e-02 0.296491
8.117000 1.810343e+00 4.193899e-02 1.243543e-02 0.296512
8.118000 1.810745e+00 4.189527e-02 1.242101e-02 0.296478
8.119000 1.811148e+00 4.185159e-02 1.241016e-02 0.296528
8.120000 1.811550e+00 4.180797e-02 1.239388e-02 0.296448
8.121000 1.811953e+00 4.176439e-02 1.238376e-02 0.296515
8.122000 1.812355e+00 4.172086e-02 1.237176e-02 0.296537
8.123000 1.812758e+00 4.167739e-02 1.235860e-02 0.296530
8.124000 1.813160e+00 4.163396e-02 1.234309e-02 0.296467
8.125000 1.813563e+00 4.159058e-02 1.233231e-02 0.296517
8.126000 1.813965e+00 4.154724e-02 1.231496e-02 0.296409
8.127000 1.814368e+00 4.150396e-02 1.230304e-02 0.296431
8.128000 1.814771e+00 4.146073e-02 1.229231e-02 0.296481
8.129000 1.815173e+00 4.141754e-02 1.227806e-02 0.296446
8.130000 1.815576e+00 4.137440e-02 1.226265e-02 0.296383
8.131000 1.815979e+00 4.133132e-02 1.224961e-02 0.296376
8.132000 1.816382e+00 4.128828e-02 1.223893e-02 0.296426
8.133000 1.816785e+00 4.124528e-02 1.222709e-02 0.296448
8.134000 1.817187e+00 4.120234e-02 1.221409e-02 0.296442
8.135000 1.817590e+00 4.115945e-02 1.219994e-02 0.296407
8.136000 1.817993e+00 4.111660e-02 1.218581e-02 0.296372
8.137000 1.818396e+00 4.107380e-02 1.217285e-02 0.296365
8.138000 1.818799e+00 4.103105e-02 1.216225e-02 0.296416
8.139000 1.819202e+00 4.098835e-02 1.214583e-02 0.296324
8.140000 1.819605e+00 4.094569e-02 1.213292e-02 0.296317
8.141000 1.820008e+00 4.090309e-02 1.211935e-02 0.296294
8.142000 1.820411e+00 4.086053e-02 1.210763e-02 0.296316
8.143000 1.820814e+00 4.081802e-02 1.209593e-02 0.296338
8.144000 1.821218e+00 4.077555e-02 1.208308e-02 0.296332
8.145000 1.821621e+00 4.073314e-02 1.207025e-02 0.296325
8.146000 1.822024e+00 4.069077e-02 1.205743e-02 0.296319
8.147000 1.822427e+00 4.064845e-02 1.204578e-02 0.296340
8.148000 1.822831e+00 4.060618e-02 1.202837e-02 0.296220
8.149000 1.823234e+00 4.056395e-02 1.201791e-02 0.296271
8.150000 1.823637e+00 4.052177e-02 1.200745e-02 0.296321
8.151000 1.824041e+00 4.047964e-02 1.199356e-02 0.296286
8.152000 1.824444e+00 4.043756e-02 1.197968e-02 0.296251
8.153000 1.824847e+00 4.039552e-02 1.196743e-02 0.296256
8.154000 1.825251e+00 4.035353e-02 1.195541e-02 0.296267
8.155000 1.825654e+00 4.031159e-02 1.194319e-02 0.296272
8.156000 1.826058e+00 4.026970e-02 1.193166e-02 0.296294
8.157000 1.826461e+00 4.022785e-02 1.191672e-02 0.296231
8.158000 1.826865e+00 4.018605e-02 1.190293e-02 0.296196
8.159000 1.827268e+00 4.014430e-02 1.189145e-02 0.296218
8.160000 1.827672e+00 4.010259e-02 1.187884e-02 0.296211
8.161000 1.828076e+00 4.006093e-02 1.186510e-02 0.296176
8.162000 1.828479e+00 4.001931e-02 1.185365e-02 0.296198
8.163000 1.828883e+00 3.997775e-02 1.183927e-02 0.296147
8.164000 1.829287e+00 3.993623e-02 1.182672e-02 0.296140
8.165000 1.829691e+00 3.989475e-02 1.181304e-02 0.296105
8.166000 1.830095e+00 3.985333e-02 1.180459e-02 0.296201
8.167000 1.830498e+00 3.981195e-02 1.179208e-02 0.296194
8.168000 1.830902e+00 3.977061e-02 1.177958e-02 0.296188
8.169000 1.831306e+00 3.972932e-02 1.176709e-02 0.296181
8.170000 1.831710e+00 3.968808e-02 1.175169e-02 0.296101
8.171000 1.832114e+00 3.964689e-02 1.173811e-02 0.296066
8.172000 1.832518e+00 3.960574e-02 1.172567e-02 0.296060
8.173000 1.832922e+00 3.956464e-02 1.171596e-02 0.296122
8.174000 1.833326e+00 3.952358e-02 1.170084e-02 0.296047
8.175000 1.833730e+00 3.948257e-02 1.169069e-02 0.296098
8.176000 1.834134e+00 3.944160e-02 1.167606e-02 0.296034
8.177000 1.834538e+00 3.940068e-02 1.166482e-02 0.296056
8.178000 1.834943e+00 3.935981e-02 1.165134e-02 0.296021
8.179000 1.835347e+00 3.931898e-02 1.164124e-02 0.296072
8.180000 1.835751e+00 3.927820e-02 1.162489e-02 0.295963
8.181000 1.836155e+00 3.923746e-02 1.161594e-02 0.296042
8.182000 1.836560e+00 3.919677e-02 1.160319e-02 0.296024
8.183000 1.836964e+00 3.915613e-02 1.158979e-02 0.295989
8.184000 1.837368e+00 3.911553e-02 1.157686e-02 0.295966
8.185000 1.837773e+00 3.907498e-02 1.156572e-02 0.295988
8.186000 1.838177e+00 3.903447e-02 1.155348e-02 0.295982
8.187000 1.838581e+00 3.899400e-02 1.154347e-02 0.296032
8.188000 1.838986e+00 3.895359e-02 1.152793e-02 0.295940
8.189000 1.839390e+00 3.891321e-02 1.151462e-02 0.295905
8.190000 1.839795e+00 3.887289e-02 1.150687e-02 0.296013
8.191000 1.840199e+00 3.883260e-02 1.149359e-02 0.295978
8.192000 1.840604e+00 3.879237e-02 1.148144e-02 0.295972
8.193000 1.841009e+00 3.875217e-02 1.146598e-02 0.295880
8.194000 1.841413e+00 3.871203e-02 1.145606e-02 0.295930
8.195000 1.841818e+00 3.867193e-02 1.144504e-02 0.295952
8.196000 1.842223e+00 3.863187e-02 1.142898e-02 0.295843
8.197000 1.842627e+00 3.859186e-02 1.141690e-02 0.295837
8.198000 1.843032e+00 3.855189e-02 1.141032e-02 0.295973
8.199000 1.843437e+00 3.851196e-02 1.139497e-02 0.295881
8.200000 1.843842e+00 3.847209e-02 1.138402e-02 0.295903
8.201000 1.844247e+00 3.843225e-02 1.137089e-02 0.295868
8.202000 1.844652e+00 3.839246e-02 1.135668e-02 0.295805
8.203000 1.845056e+00 3.835272e-02 1.134687e-02 0.295856
8.204000 1.845461e+00 3.831302e-02 1.133379e-02 0.295821
8.205000 1.845866e+00 3.827336e-02 1.131962e-02 0.295757
8.206000 1.846271e+00 3.823375e-02 1.131138e-02 0.295848
8.207000 1.846676e+00 3.819418e-02 1.130225e-02 0.295915
8.208000 1.847081e+00 3.815466e-02 1.128641e-02 0.295807
8.209000 1.847487e+00 3.811518e-02 1.127340e-02 0.295772
8.210000 1.847892e+00 3.807575e-02 1.126474e-02 0.295851
8.211000 1.848297e+00 3.803635e-02 1.125068e-02 0.295788
8.212000 1.848702e+00 3.799701e-02 1.123880e-02 0.295781
8.213000 1.849107e+00 3.795770e-02 1.122802e-02 0.295803
8.214000 1.849512e+00 3.791845e-02 1.121291e-02 0.295711
8.215000 1.849918e+00 3.787923e-02 1.120324e-02 0.295762
8.216000 1.850323e+00 3.784006e-02 1.119464e-02 0.295841
8.217000 1.850728e+00 3.780093e-02 1.117788e-02 0.295704
8.218000 1.851134e+00 3.776185e-02 1.116780e-02 0.295743
8.219000 1.851539e+00 3.772281e-02 1.115816e-02 0.295794
8.220000 1.851944e+00 3.768381e-02 1.114424e-02 0.295730
8.221000 1.852350e+00 3.764486e-02 1.113184e-02 0.295707
8.222000 1.852755e+00 3.760595e-02 1.111902e-02 0.295672
8.223000 1.853161e+00 3.756708e-02 1.111008e-02 0.295740
8.224000 1.853566e+00 3.752826e-02 1.109879e-02 0.295745
8.225000 1.853972e+00 3.748948e-02 1.108387e-02 0.295653
8.226000 1.854378e+00 3.745075e-02 1.107432e-02 0.295704
8.227000 1.854783e+00 3.741205e-02 1.105836e-02 0.295583
8.228000 1.855189e+00 3.737340e-02 1.105097e-02 0.295691
8.229000 1.855595e+00 3.733480e-02 1.103719e-02 0.295627
8.230000 1.856000e+00 3.729623e-02 1.102555e-02 0.295621
8.231000 1.856406e+00 3.725771e-02 1.101286e-02 0.295586
8.232000 1.856812e+00 3.721924e-02 1.100125e-02 0.295580
8.233000 1.857218e+00 3.718080e-02 1.099284e-02 0.295659
8.234000 1.857623e+00 3.714241e-02 1.098126e-02 0.295653
8.235000 1.858029e+00 3.710406e-02 1.096650e-02 0.295561
8.236000 1.858435e+00 3.706575e-02 1.095643e-02 0.295595
8.237000 1.858841e+00 3.702749e-02 1.094489e-02 0.295588
8.238000 1.859247e+00 3.698927e-02 1.093441e-02 0.295610
8.239000 1.859653e+00 3.695109e-02 1.092184e-02 0.295576
8.240000 1.860059e+00 3.691296e-02 1.090928e-02 0.295541
8.241000 1.860465e+00 3.687486e-02 1.089779e-02 0.295534
8.242000 1.860871e+00 3.683681e-02 1.088841e-02 0.295585
8.243000 1.861277e+00 3.679881e-02 1.087484e-02 0.295522
8.244000 1.861683e+00 3.676084e-02 1.086339e-02 0.295515
8.245000 1.862089e+00 3.672292e-02 1.085300e-02 0.295538
8.246000 1.862496e+00 3.668504e-02 1.084052e-02 0.295503
8.247000 1.862902e+00 3.664720e-02 1.082743e-02 0.295451
8.248000 1.863308e+00 3.660940e-02 1.081918e-02 0.295530
8.249000 1.863714e+00 3.657165e-02 1.080737e-02 0.295512
8.250000 1.864121e+00 3.653393e-02 1.079808e-02 0.295563
8.251000 1.864527e+00 3.649626e-02 1.078401e-02 0.295483
8.252000 1.864933e+00 3.645863e-02 1.077266e-02 0.295476
8.253000 1.865340e+00 3.642105e-02 1.075924e-02 0.295413
8.254000 1.865746e+00 3.638350e-02 1.075000e-02 0.295464
8.255000 1.866153e+00 3.634600e-02 1.073661e-02 0.295400
8.256000 1.866559e+00 3.630854e-02 1.072635e-02 0.295422
8.257000 1.866966e+00 3.627112e-02 1.071818e-02 0.295502
8.258000 1.867372e+00 3.623374e-02 1.070214e-02 0.295364
8.259000 1.867779e+00 3.619641e-02 1.069088e-02 0.295358
8.260000 1.868185e+00 3.615911e-02 1.067964e-02 0.295351
8.261000 1.868592e+00 3.612186e-02 1.066903e-02 0.295362
8.262000 1.868998e+00 3.608465e-02 1.065885e-02 0.295385
8.263000 1.869405e+00 3.604748e-02 1.064805e-02 0.295390
8.264000 1.869812e+00 3.601035e-02 1.063169e-02 0.295240
8.265000 1.870219e+00 3.597326e-02 1.062568e-02 0.295377
8.266000 1.870625e+00 3.593621e-02 1.061348e-02 0.295342
8.267000 1.871032e+00 3.589921e-02 1.060026e-02 0.295278
8.268000 1.871439e+00 3.586225e-02 1.059221e-02 0.295358
8.269000 1.871846e+00 3.582532e-02 1.058210e-02 0.295381
8.270000 1.872253e+00 3.578844e-02 1.056894e-02 0.295317
8.271000 1.872660e+00 3.575160e-02 1.055886e-02 0.295339
8.272000 1.873067e+00 3.571480e-02 1.054202e-02 0.295172
8.273000 1.873474e+00 3.567804e-02 1.053566e-02 0.295298
8.274000 1.873881e+00 3.564132e-02 1.052561e-02 0.295321
8.275000 1.874288e+00 3.560465e-02 1.051456e-02 0.295314
8.276000 1.874695e+00 3.556801e-02 1.050148e-02 0.295251
8.277000 1.875102e+00 3.553142e-02 1.049350e-02 0.295330
8.278000 1.875509e+00 3.549486e-02 1.048086e-02 0.295278
8.279000 1.875916e+00 3.545835e-02 1.047087e-02 0.295301
8.280000 1.876323e+00 3.542187e-02 1.045886e-02 0.295266
8.281000 1.876730e+00 3.538544e-02 1.044849e-02 0.295277
8.282000 1.877138e+00 3.534905e-02 1.043388e-02 0.295167
8.283000 1.877545e+00 3.531270e-02 1.042596e-02 0.295247
8.284000 1.877952e+00 3.527638e-02 1.041300e-02 0.295183
8.285000 1.878360e+00 3.524011e-02 1.040248e-02 0.295188
8.286000 1.878767e+00 3.520388e-02 1.039014e-02 0.295142
8.287000 1.879174e+00 3.516769e-02 1.038126e-02 0.295193
8.288000 1.879582e+00 3.513154e-02 1.037037e-02 0.295187
8.289000 1.879989e+00 3.509543e-02 1.035949e-02 0.295181
8.290000 1.880397e+00 3.505936e-02 1.034863e-02 0.295174
8.291000 1.880804e+00 3.502333e-02 1.033717e-02 0.295151
8.292000 1.881212e+00 3.498734e-02 1.032532e-02 0.295116
8.293000 1.881619e+00 3.495139e-02 1.031349e-02 0.295081
8.294000 1.882027e+00 3.491548e-02 1.030568e-02 0.295161
8.295000 1.882434e+00 3.487961e-02 1.029187e-02 0.295068
8.296000 1.882842e+00 3.484378e-02 1.028209e-02 0.295091
8.297000 1.883250e+00 3.480799e-02 1.027231e-02 0.295113
8.298000 1.883657e+00 3.477224e-02 1.026253e-02 0.295136
8.299000 1.884065e+00 3.473653e-02 1.024979e-02 0.295072
8.300000 1.884473e+00 3.470085e-02 1.024103e-02 0.295123
8.301000 1.884881e+00 3.466522e-02 1.022831e-02 0.295060
8.302000 1.885288e+00 3.462963e-02 1.021799e-02 0.295065
8.303000 1.885696e+00 3.459408e-02 1.020887e-02 0.295105
8.304000 1.886104e+00 3.455856e-02 1.019818e-02 0.295098
8.305000 1.886512e+00 3.452309e-02 1.018651e-02 0.295064
8.306000 1.886920e+00 3.448765e-02 1.017524e-02 0.295040
8.307000 1.887328e+00 3.445226e-02 1.016458e-02 0.295034
8.308000 1.887736e+00 3.441690e-02 1.015295e-02 0.294999
8.309000 1.888144e+00 3.438158e-02 1.014330e-02 0.295021
8.310000 1.888552e+00 3.434631e-02 1.013367e-02 0.295044
8.311000 1.888960e+00 3.431107e-02 1.012306e-02 0.295038
8.312000 1.889368e+00 3.427587e-02 1.011147e-02 0.295003
8.313000 1.889776e+00 3.424071e-02 1.010285e-02 0.295054
8.314000 1.890185e+00 3.420559e-02 1.009228e-02 0.295048
8.315000 1.890593e+00 3.417050e-02 1.008073e-02 0.295013
8.316000 1.891001e+00 3.413546e-02 1.006920e-02 0.294978
8.317000 1.891409e+00 3.410045e-02 1.005710e-02 0.294926
8.318000 1.891817e+00 3.406549e-02 1.004912e-02 0.294994
8.319000 1.892226e+00 3.403056e-02 1.003860e-02 0.294988
8.320000 1.892634e+00 3.399567e-02 1.002654e-02 0.294936
8.321000 1.893043e+00 3.396082e-02 1.001507e-02 0.294901
8.322000 1.893451e+00 3.392601e-02 1.000654e-02 0.294952
8.323000 1.893859e+00 3.389124e-02 9.996077e-03 0.294946
8.324000 1.894268e+00 3.385650e-02 9.983677e-03 0.294882
8.325000 1.894676e+00 3.382181e-02 9.973236e-03 0.294876
8.326000 1.895085e+00 3.378715e-02 9.964749e-03 0.294927
8.327000 1.895493e+00 3.375253e-02 9.956262e-03 0.294978
8.328000 1.895902e+00 3.371795e-02 9.941985e-03 0.294857
8.329000 1.896311e+00 3.368341e-02 9.933527e-03 0.294909
8.330000 1.896719e+00 3.364890e-02 9.919655e-03 0.294799
8.331000 1.897128e+00 3.361444e-02 9.910255e-03 0.294821
8.332000 1.897536e+00 3.358001e-02 9.900863e-03 0.294844
8.333000 1.897945e+00 3.354562e-02 9.889167e-03 0.294798
8.334000 1.898354e+00 3.351127e-02 9.879216e-03 0.294803
8.335000 1.898763e+00 3.347695e-02 9.870818e-03 0.294854
8.336000 1.899172e+00 3.344268e-02 9.862044e-03 0.294894
8.337000 1.899580e+00 3.340844e-02 9.850203e-03 0.294842
8.338000 1.899989e+00 3.337424e-02 9.837033e-03 0.294749
8.339000 1.900398e+00 3.334008e-02 9.827719e-03 0.294772
8.340000 1.900807e+00 3.330595e-02 9.817454e-03 0.294766
8.341000 1.901216e+00 3.327187e-02 9.807201e-03 0.294760
8.342000 1.901625e+00 3.323782e-02 9.796960e-03 0.294753
8.343000 1.902034e+00 3.320381e-02 9.786730e-03 0.294747
8.344000 1.902443e+00 3.316983e-02 9.776512e-03 0.294741
8.345000 1.902852e+00 3.313590e-02 9.765728e-03 0.294717
8.346000 1.903261e+00 3.310200e-02 9.754200e-03 0.294671
8.347000 1.903670e+00 3.306814e-02 9.745926e-03 0.294723
8.348000 1.904079e+00 3.303432e-02 9.736130e-03 0.294728
8.349000 1.904489e+00 3.300053e-02 9.725969e-03 0.294722
8.350000 1.904898e+00 3.296678e-02 9.715444e-03 0.294704
8.351000 1.905307e+00 3.293307e-02 9.705681e-03 0.294709
8.352000 1.905716e+00 3.289940e-02 9.697444e-03 0.294761
8.353000 1.906126e+00 3.286576e-02 9.683546e-03 0.294639
8.354000 1.906535e+00 3.283216e-02 9.674391e-03 0.294662
8.355000 1.906944e+00 3.279860e-02 9.669005e-03 0.294799
8.356000 1.907354e+00 3.276507e-02 9.656105e-03 0.294707
8.357000 1.907763e+00 3.273158e-02 9.643206e-03 0.294615
8.358000 1.908173e+00 3.269813e-02 9.637850e-03 0.294752
8.359000 1.908582e+00 3.266472e-02 9.624418e-03 0.294643
8.360000 1.908991e+00 3.263134e-02 9.611559e-03 0.294550
8.361000 1.909401e+00 3.259800e-02 9.603049e-03 0.294590
8.362000 1.909811e+00 3.256470e-02 9.595852e-03 0.294670
8.363000 1.910220e+00 3.253143e-02 9.584346e-03 0.294618
8.364000 1.910630e+00 3.249820e-02 9.573988e-03 0.294601
8.365000 1.911039e+00 3.246501e-02 9.563443e-03 0.294577
8.366000 1.911449e+00 3.243185e-02 9.554411e-03 0.294600
8.367000 1.911859e+00 3.239873e-02 9.545387e-03 0.294622
8.368000 1.912268e+00 3.236565e-02 9.534511e-03 0.294587
8.369000 1.912678e+00 3.233260e-02 9.526436e-03 0.294639
8.370000 1.913088e+00 3.229959e-02 9.514655e-03 0.294575
8.371000 1.913498e+00 3.226661e-02 9.505672e-03 0.294598
8.372000 1.913908e+00 3.223368e-02 9.495771e-03 0.294592
8.373000 1.914318e+00 3.220077e-02 9.484027e-03 0.294528
8.374000 1.914727e+00 3.216791e-02 9.476003e-03 0.294579
8.375000 1.915137e+00 3.213508e-02 9.465573e-03 0.294556
8.376000 1.915547e+00 3.210229e-02 9.454431e-03 0.294510
8.377000 1.915957e+00 3.206953e-02 9.444587e-03 0.294503
8.378000 1.916367e+00 3.203681e-02 9.432903e-03 0.294440
8.379000 1.916777e+00 3.200413e-02 9.423450e-03 0.294445
8.380000 1.917187e+00 3.197148e-02 9.415124e-03 0.294485
8.381000 1.917597e+00 3.193887e-02 9.404766e-03 0.294461
8.382000 1.918008e+00 3.190629e-02 9.394057e-03 0.294426
8.383000 1.918418e+00 3.187375e-02 9.387039e-03 0.294507
8.384000 1.918828e+00 3.184125e-02 9.376355e-03 0.294472
8.385000 1.919238e+00 3.180878e-02 9.366600e-03 0.294466
8.386000 1.919648e+00 3.177634e-02 9.355021e-03 0.294402
8.387000 1.920059e+00 3.174395e-02 9.345290e-03 0.294396
8.388000 1.920469e+00 3.171159e-02 9.337400e-03 0.294448
8.389000 1.920879e+00 3.167926e-02 9.326775e-03 0.294413
8.390000 1.921290e+00 3.164697e-02 9.315606e-03 0.294360
8.391000 1.921700e+00 3.161472e-02 9.307744e-03 0.294412
8.392000 1.922110e+00 3.158250e-02 9.298066e-03 0.294406
8.393000 1.922521e+00 3.155031e-02 9.286577e-03 0.294342
8.394000 1.922931e+00 3.151817e-02 9.277833e-03 0.294365
8.395000 1.923342e+00 3.148605e-02 9.269097e-03 0.294387
8.396000 1.923752e+00 3.145398e-02 9.259463e-03 0.294381
8.397000 1.924163e+00 3.142194e-02 9.248932e-03 0.294346
8.398000 1.924574e+00 3.138993e-02 9.240226e-03 0.294369
8.399000 1.924984e+00 3.135796e-02 9.229719e-03 0.294334
8.400000 1.925395e+00 3.132602e-02 9.220129e-03 0.294328
8.401000 1.925805e+00 3.129412e-02 9.211452e-03 0.294351
8.402000 1.926216e+00 3.126226e-02 9.199171e-03 0.294258
8.403000 1.926627e+00 3.123043e-02 9.190873e-03 0.294292
8.404000 1.927038e+00 3.119863e-02 9.183674e-03 0.294361
8.405000 1.927448e+00 3.116687e-02 9.172339e-03 0.294298
8.406000 1.927859e+00 3.113514e-02 9.164609e-03 0.294349
8.407000 1.928270e+00 3.110345e-02 9.152751e-03 0.294268
8.408000 1.928681e+00 3.107180e-02 9.143247e-03 0.294262
8.409000 1.929092e+00 3.104018e-02 9.133754e-03 0.294256
8.410000 1.929503e+00 3.100859e-02 9.126060e-03 0.294307
8.411000 1.929914e+00 3.097704e-02 9.115694e-03 0.294273
8.412000 1.930325e+00 3.094552e-02 9.107124e-03 0.294295
8.413000 1.930736e+00 3.091404e-02 9.095888e-03 0.294232
8.414000 1.931147e+00 3.088259e-02 9.086448e-03 0.294226
8.415000 1.931558e+00 3.085118e-02 9.077018e-03 0.294219
8.416000 1.931969e+00 3.081980e-02 9.065815e-03 0.294155
8.417000 1.932380e+00 3.078846e-02 9.059968e-03 0.294265
8.418000 1.932791e+00 3.075715e-02 9.048794e-03 0.294201
8.419000 1.933202e+00 3.072588e-02 9.037627e-03 0.294137
8.420000 1.933614e+00 3.069464e-02 9.029489e-03 0.294172
8.421000 1.934025e+00 3.066343e-02 9.019236e-03 0.294137
8.422000 1.934436e+00 3.063226e-02 9.009882e-03 0.294131
8.423000 1.934847e+00 3.060112e-02 9.002309e-03 0.294182
8.424000 1.935259e+00 3.057002e-02 8.992091e-03 0.294147
8.425000 1.935670e+00 3.053895e-02 8.983650e-03 0.294170
8.426000 1.936081e+00 3.050792e-02 8.974336e-03 0.294164
8.427000 1.936493e+00 3.047692e-02 8.964152e-03 0.294129
8.428000 1.936904e+00 3.044595e-02 8.953979e-03 0.294094
8.429000 1.937316e+00 3.041502e-02 8.948211e-03 0.294204
8.430000 1.937727e+00 3.038412e-02 8.936307e-03 0.294111
8.431000 1.938139e+00 3.035325e-02 8.927047e-03 0.294105
8.432000 1.938550e+00 3.032242e-02 8.918673e-03 0.294128
8.433000 1.938962e+00 3.029163e-02 8.907679e-03 0.294064
8.434000 1.939373e+00 3.026086e-02 8.900201e-03 0.294116
8.435000 1.939785e+00 3.023013e-02 8.889573e-03 0.294063
8.436000 1.940197e+00 3.019944e-02 8.878270e-03 0.293988
8.437000 1.940608e+00 3.016878e-02 8.871700e-03 0.294069
8.438000 1.941020e+00 3.013815e-02 8.861106e-03 0.294016
8.439000 1.941432e+00 3.010756e-02 8.852801e-03 0.294039
8.440000 1.941844e+00 3.007699e-02 8.841891e-03 0.293975
8.441000 1.942255e+00 3.004647e-02 8.835346e-03 0.294056
8.442000 1.942667e+00 3.001597e-02 8.824462e-03 0.293992
8.443000 1.943079e+00 2.998551e-02 8.815326e-03 0.293986
8.444000 1.943491e+00 2.995509e-02 8.806201e-03 0.293980
8.445000 1.943903e+00 2.992469e-02 8.797953e-03 0.294003
8.446000 1.944315e+00 2.989433e-02 8.790575e-03 0.294055
8.447000 1.944727e+00 2.986401e-02 8.780616e-03 0.294020
8.448000 1.945139e+00 2.983371e-02 8.768407e-03 0.293909
8.449000 1.945551e+00 2.980345e-02 8.761063e-03 0.293961
8.450000 1.945963e+00 2.977323e-02 8.749406e-03 0.293868
8.451000 1.946375e+00 2.974303e-02 8.742610e-03 0.293938
8.452000 1.946787e+00 2.971287e-02 8.734760e-03 0.293972
8.453000 1.947199e+00 2.968275e-02 8.726583e-03 0.293995
8.454000 1.947611e+00 2.965265e-02 8.717227e-03 0.293978
8.455000 1.948024e+00 2.962259e-02 8.707687e-03 0.293954
8.456000 1.948436e+00 2.959256e-02 8.696968e-03 0.293890
8.457000 1.948848e+00 2.956257e-02 8.689688e-03 0.293942
8.458000 1.949260e+00 2.953260e-02 8.680704e-03 0.293936
8.459000 1.949673e+00 2.950267e-02 8.669164e-03 0.293843
8.460000 1.950085e+00 2.947278e-02 8.661913e-03 0.293895
8.461000 1.950497e+00 2.944291e-02 8.652436e-03 0.293872
8.462000 1.950910e+00 2.941308e-02 8.643163e-03 0.293854
8.463000 1.951322e+00 2.938328e-02 8.635083e-03 0.293877
8.464000 1.951735e+00 2.935352e-02 8.625309e-03 0.293842
8.465000 1.952147e+00 2.932378e-02 8.618095e-03 0.293894
8.466000 1.952560e+00 2.929408e-02 8.607823e-03 0.293842
8.467000 1.952972e+00 2.926441e-02 8.597751e-03 0.293795
8.468000 1.953385e+00 2.923478e-02 8.589199e-03 0.293801
8.469000 1.953797e+00 2.920517e-02 8.581174e-03 0.293824
8.470000 1.954210e+00 2.917560e-02 8.571465e-03 0.293789
8.471000 1.954623e+00 2.914606e-02 8.564302e-03 0.293841
8.472000 1.955035e+00 2.911656e-02 8.552925e-03 0.293748
8.473000 1.955448e+00 2.908708e-02 8.545782e-03 0.293800
8.474000 1.955861e+00 2.905764e-02 8.537800e-03 0.293823
8.475000 1.956274e+00 2.902823e-02 8.527303e-03 0.293759
8.476000 1.956686e+00 2.899886e-02 8.518500e-03 0.293753
8.477000 1.957099e+00 2.896951e-02 8.509708e-03 0.293747
8.478000 1.957512e+00 2.894020e-02 8.502602e-03 0.293799
8.479000 1.957925e+00 2.891092e-02 8.492151e-03 0.293735
8.480000 1.958338e+00 2.888167e-02 8.484548e-03 0.293769
8.481000 1.958751e+00 2.885245e-02 8.477460e-03 0.293821
8.482000 1.959164e+00 2.882327e-02 8.465377e-03 0.293699
8.483000 1.959577e+00 2.879412e-02 8.459146e-03 0.293780
8.484000 1.959990e+00 2.876500e-02 8.449587e-03 0.293745
8.485000 1.960403e+00 2.873591e-02 8.439205e-03 0.293682
8.486000 1.960816e+00 2.870685e-02 8.431334e-03 0.293705
8.487000 1.961229e+00 2.867782e-02 8.420972e-03 0.293641
8.488000 1.961642e+00 2.864883e-02 8.413121e-03 0.293664
8.489000 1.962055e+00 2.861987e-02 8.404446e-03 0.293658
8.490000 1.962468e+00 2.859094e-02 8.396611e-03 0.293681
8.491000 1.962882e+00 2.856204e-02 8.387444e-03 0.293657
8.492000 1.963295e+00 2.853317e-02 8.380134e-03 0.293698
8.493000 1.963708e+00 2.850434e-02 8.369333e-03 0.293616
8.494000 1.964121e+00 2.847553e-02 8.361215e-03 0.293628
8.495000 1.964535e+00 2.844676e-02 8.350433e-03 0.293546
8.496000 1.964948e+00 2.841802e-02 8.343990e-03 0.293616
8.497000 1.965361e+00 2.838931e-02 8.334059e-03 0.293563
8.498000 1.965775e+00 2.836063e-02 8.327943e-03 0.293644
8.499000 1.966188e+00 2.833199e-02 8.316895e-03 0.293551
8.500000 1.966602e+00 2.830337e-02 8.310793e-03 0.293633
8.501000 1.967015e+00 2.827479e-02 8.299769e-03 0.293540
8.502000 1.967429e+00 2.824623e-02 8.293681e-03 0.293621
8.503000 1.967842e+00 2.821771e-02 8.285140e-03 0.293615
8.504000 1.968256e+00 2.818922e-02 8.273329e-03 0.293493
8.505000 1.968669e+00 2.816076e-02 8.266450e-03 0.293545
8.506000 1.969083e+00 2.813234e-02 8.256300e-03 0.293481
8.507000 1.969497e+00 2.810394e-02 8.248619e-03 0.293504
8.508000 1.969910e+00 2.807557e-02 8.242574e-03 0.293585
8.509000 1.970324e+00 2.804724e-02 8.231645e-03 0.293492
8.510000 1.970738e+00 2.801893e-02 8.224300e-03 0.293527
8.511000 1.971152e+00 2.799066e-02 8.217149e-03 0.293568
8.512000 1.971565e+00 2.796242e-02 8.208693e-03 0.293562
8.513000 1.971979e+00 2.793421e-02 8.199435e-03 0.293527
8.514000 1.972393e+00 2.790603e-02 8.191309e-03 0.293532
8.515000 1.972807e+00 2.787788e-02 8.184188e-03 0.293573
8.516000 1.973221e+00 2.784976e-02 8.172034e-03 0.293433
8.517000 1.973635e+00 2.782167e-02 8.163628e-03 0.293427
8.518000 1.974049e+00 2.779361e-02 8.153608e-03 0.293363
8.519000 1.974463e+00 2.776558e-02 8.146844e-03 0.293415
8.520000 1.974877e+00 2.773759e-02 8.140885e-03 0.293497
8.521000 1.975291e+00 2.770962e-02 8.130096e-03 0.293403
8.522000 1.975705e+00 2.768168e-02 8.122543e-03 0.293427
8.523000 1.976119e+00 2.765378e-02 8.113386e-03 0.293392
8.524000 1.976533e+00 2.762590e-02 8.106654e-03 0.293444
8.525000 1.976947e+00 2.759806e-02 8.096218e-03 0.293362
8.526000 1.977362e+00 2.757025e-02 8.088699e-03 0.293385
8.527000 1.977776e+00 2.754246e-02 8.078780e-03 0.293321
8.528000 1.978190e+00 2.751471e-02 8.072576e-03 0.293391
8.529000 1.978604e+00 2.748699e-02 8.065385e-03 0.293426
8.530000 1.979019e+00 2.745929e-02 8.055994e-03 0.293380
8.531000 1.979433e+00 2.743163e-02 8.048023e-03 0.293385
8.532000 1.979847e+00 2.740400e-02 8.038159e-03 0.293321
8.533000 1.980262e+00 2.737640e-02 8.029902e-03 0.293315
8.534000 1.980676e+00 2.734883e-02 8.021654e-03 0.293309
8.535000 1.981090e+00 2.732128e-02 8.016592e-03 0.293419
8.536000 1.981505e+00 2.729377e-02 8.005981e-03 0.293326
8.537000 1.981919e+00 2.726629e-02 7.996965e-03 0.293291
8.538000 1.982334e+00 2.723884e-02 7.987958e-03 0.293256
8.539000 1.982749e+00 2.721142e-02 7.982136e-03 0.293338
8.540000 1.983163e+00 2.718402e-02 7.971868e-03 0.293256
8.541000 1.983578e+00 2.715666e-02 7.964965e-03 0.293297
8.542000 1.983992e+00 2.712933e-02 7.956301e-03 0.293273
8.543000 1.984407e+00 2.710202e-02 7.947345e-03 0.293238
8.544000 1.984822e+00 2.707475e-02 7.941254e-03 0.293308
8.545000 1.985236e+00 2.704751e-02 7.932618e-03 0.293285
8.546000 1.985651e+00 2.702029e-02 7.923692e-03 0.293250
8.547000 1.986066e+00 2.699311e-02 7.914775e-03 0.293215
8.548000 1.986481e+00 2.696596e-02 7.909010e-03 0.293296
8.549000 1.986895e+00 2.693883e-02 7.898544e-03 0.293203
8.550000 1.987310e+00 2.691174e-02 7.890442e-03 0.293197
8.551000 1.987725e+00 2.688467e-02 7.882349e-03 0.293191
8.552000 1.988140e+00 2.685763e-02 7.875048e-03 0.293215
8.553000 1.988555e+00 2.683063e-02 7.867754e-03 0.293238
8.554000 1.988970e+00 2.680365e-02 7.858124e-03 0.293174
8.555000 1.989385e+00 2.677670e-02 7.849284e-03 0.293139
8.556000 1.989800e+00 2.674978e-02 7.841237e-03 0.293133
8.557000 1.990215e+00 2.672289e-02 7.834759e-03 0.293185
8.558000 1.990630e+00 2.669603e-02 7.825467e-03 0.293132
8.559000 1.991045e+00 2.666920e-02 7.819002e-03 0.293185
8.560000 1.991460e+00 2.664240e-02 7.810212e-03 0.293150
8.561000 1.991876e+00 2.661563e-02 7.802209e-03 0.293144
8.562000 1.992291e+00 2.658888e-02 7.795762e-03 0.293196
8.563000 1.992706e+00 2.656217e-02 7.786228e-03 0.293132
8.564000 1.993121e+00 2.653548e-02 7.778251e-03 0.293126
8.565000 1.993536e+00 2.650883e-02 7.771055e-03 0.293150
8.566000 1.993952e+00 2.648220e-02 7.762323e-03 0.293115
8.567000 1.994367e+00 2.645560e-02 7.752827e-03 0.293050
8.568000 1.994782e+00 2.642903e-02 7.744112e-03 0.293015
8.569000 1.995198e+00 2.640249e-02 7.739267e-03 0.293126
8.570000 1.995613e+00 2.637598e-02 7.730574e-03 0.293091
8.571000 1.996029e+00 2.634950e-02 7.723427e-03 0.293115
8.572000 1.996444e+00 2.632304e-02 7.715043e-03 0.293091
8.573000 1.996860e+00 2.629662e-02 7.707145e-03 0.293085
8.574000 1.997275e+00 2.627022e-02 7.699731e-03 0.293097
8.575000 1.997691e+00 2.624385e-02 7.692139e-03 0.293102
8.576000 1.998106e+00 2.621752e-02 7.684267e-03 0.293097
8.577000 1.998522e+00 2.619120e-02 7.674877e-03 0.293033
8.578000 1.998937e+00 2.616492e-02 7.665494e-03 0.292968
8.579000 1.999353e+00 2.613867e-02 7.659179e-03 0.293021
8.580000 1.999769e+00 2.611244e-02 7.652864e-03 0.293073
8.581000 2.000184e+00 2.608625e-02 7.643987e-03 0.293027
8.582000 2.000600e+00 2.606008e-02 7.636928e-03 0.293051
8.583000 2.001016e+00 2.603394e-02 7.628358e-03 0.293016
8.584000 2.001432e+00 2.600783e-02 7.620556e-03 0.293010
8.585000 2.001848e+00 2.598175e-02 7.615786e-03 0.293121
8.586000 2.002263e+00 2.595569e-02 7.606491e-03 0.293057
8.587000 2.002679e+00 2.592967e-02 7.598713e-03 0.293051
8.588000 2.003095e+00 2.590367e-02 7.589435e-03 0.292987
8.589000 2.003511e+00 2.587770e-02 7.583937e-03 0.293068
8.590000 2.003927e+00 2.585176e-02 7.576935e-03 0.293092
8.591000 2.004343e+00 2.582584e-02 7.568441e-03 0.293057
8.592000 2.004759e+00 2.579996e-02 7.558269e-03 0.292957
8.593000 2.005175e+00 2.577410e-02 7.549040e-03 0.292892
8.594000 2.005591e+00 2.574827e-02 7.545261e-03 0.293040
8.595000 2.006007e+00 2.572247e-02 7.536804e-03 0.293005
8.596000 2.006423e+00 2.569670e-02 7.526674e-03 0.292904
8.597000 2.006839e+00 2.567095e-02 7.520664e-03 0.292964
8.598000 2.007256e+00 2.564524e-02 7.514475e-03 0.293016
8.599000 2.007672e+00 2.561955e-02 7.506615e-03 0.293003
8.600000 2.008088e+00 2.559388e-02 7.495968e-03 0.292881
8.601000 2.008504e+00 2.556825e-02 7.491474e-03 0.292999
8.602000 2.008921e+00 2.554265e-02 7.481412e-03 0.292899
8.603000 2.009337e+00 2.551707e-02 7.473773e-03 0.292893
8.604000 2.009753e+00 2.549152e-02 7.467627e-03 0.292946
8.605000 2.010170e+00 2.546599e-02 7.459262e-03 0.292911
8.606000 2.010586e+00 2.544050e-02 7.451648e-03 0.292905
8.607000 2.011002e+00 2.541503e-02 7.443301e-03 0.292870
8.608000 2.011419e+00 2.538959e-02 7.436445e-03 0.292893
8.609000 2.011835e+00 2.536418e-02 7.428116e-03 0.292858
8.610000 2.012252e+00 2.533880e-02 7.422012e-03 0.292911
8.611000 2.012668e+00 2.531344e-02 7.413702e-03 0.292876
8.612000 2.013085e+00 2.528811e-02 7.406874e-03 0.292899
8.613000 2.013502e+00 2.526281e-02 7.397846e-03 0.292835
8.614000 2.013918e+00 2.523753e-02 7.389563e-03 0.292801
8.615000 2.014335e+00 2.521229e-02 7.382762e-03 0.292824
8.616000 2.014751e+00 2.518707e-02 7.375232e-03 0.292818
8.617000 2.015168e+00 2.516187e-02 7.366239e-03 0.292754
8.618000 2.015585e+00 2.513671e-02 7.360930e-03 0.292836
8.619000 2.016002e+00 2.511157e-02 7.353424e-03 0.292830
8.620000 2.016418e+00 2.508646e-02 7.346658e-03 0.292853
8.621000 2.016835e+00 2.506138e-02 7.339896e-03 0.292877
8.622000 2.017252e+00 2.503632e-02 7.330227e-03 0.292784
8.623000 2.017669e+00 2.501129e-02 7.323485e-03 0.292807
8.624000 2.018086e+00 2.498629e-02 7.317475e-03 0.292860
8.625000 2.018503e+00 2.496131e-02 7.305468e-03 0.292672
8.626000 2.018920e+00 2.493637e-02 7.302568e-03 0.292848
8.627000 2.019337e+00 2.491145e-02 7.294403e-03 0.292813
8.628000 2.019754e+00 2.488655e-02 7.283887e-03 0.292684
8.629000 2.020171e+00 2.486168e-02 7.277193e-03 0.292707
8.630000 2.020588e+00 2.483684e-02 7.271228e-03 0.292760
8.631000 2.021005e+00 2.481203e-02 7.263821e-03 0.292754
8.632000 2.021422e+00 2.478725e-02 7.257326e-03 0.292785
8.633000 2.021839e+00 2.476249e-02 7.249033e-03 0.292743
8.634000 2.022256e+00 2.473775e-02 7.244706e-03 0.292860
8.635000 2.022673e+00 2.471305e-02 7.233557e-03 0.292702
8.636000 2.023090e+00 2.468837e-02 7.227630e-03 0.292754
8.637000 2.023508e+00 2.466371e-02 7.217395e-03 0.292632
8.638000 2.023925e+00 2.463909e-02 7.211487e-03 0.292685
8.639000 2.024342e+00 2.461449e-02 7.204147e-03 0.292679
8.640000 2.024760e+00 2.458992e-02 7.196814e-03 0.292673
8.641000 2.025177e+00 2.456537e-02 7.188773e-03 0.292638
8.642000 2.025594e+00 2.454085e-02 7.180020e-03 0.292574
8.643000 2.026012e+00 2.451636e-02 7.174865e-03 0.292656
8.644000 2.026429e+00 2.449189e-02 7.166134e-03 0.292592
8.645000 2.026847e+00 2.446745e-02 7.159559e-03 0.292616
8.646000 2.027264e+00 2.444304e-02 7.152989e-03 0.292639
8.647000 2.027681e+00 2.441865e-02 7.144286e-03 0.292575
8.648000 2.028099e+00 2.439429e-02 7.137733e-03 0.292599
8.649000 2.028517e+00 2.436996e-02 7.129761e-03 0.292564
8.650000 2.028934e+00 2.434565e-02 7.122510e-03 0.292558
8.651000 2.029352e+00 2.432137e-02 7.115268e-03 0.292552
8.652000 2.029769e+00 2.429711e-02 7.108744e-03 0.292576
8.653000 2.030187e+00 2.427288e-02 7.101517e-03 0.292570
8.654000 2.030605e+00 2.424868e-02 7.097123e-03 0.292681
8.655000 2.031023e+00 2.422450e-02 7.087086e-03 0.292559
8.656000 2.031440e+00 2.420035e-02 7.079883e-03 0.292553
8.657000 2.031858e+00 2.417622e-02 7.075505e-03 0.292664
8.658000 2.032276e+00 2.415212e-02 7.061781e-03 0.292388
8.659000 2.032694e+00 2.412805e-02 7.057437e-03 0.292499
8.660000 2.033112e+00 2.410400e-02 7.052556e-03 0.292589
8.661000 2.033529e+00 2.407998e-02 7.043103e-03 0.292488
8.662000 2.033947e+00 2.405599e-02 7.035948e-03 0.292482
8.663000 2.034365e+00 2.403202e-02 7.031084e-03 0.292572
8.664000 2.034783e+00 2.400808e-02 7.023064e-03 0.292529
8.665000 2.035201e+00 2.398416e-02 7.013125e-03 0.292407
8.666000 2.035619e+00 2.396027e-02 7.007407e-03 0.292459
8.667000 2.036037e+00 2.393640e-02 7.000292e-03 0.292454
8.668000 2.036455e+00 2.391256e-02 6.993184e-03 0.292448
8.669000 2.036873e+00 2.388875e-02 6.986084e-03 0.292442
8.670000 2.037292e+00 2.386496e-02 6.978992e-03 0.292437
8.671000 2.037710e+00 2.384119e-02 6.973300e-03 0.292490
8.672000 2.038128e+00 2.381746e-02 6.964831e-03 0.292425
8.673000 2.038546e+00 2.379375e-02 6.957762e-03 0.292420
8.674000 2.038964e+00 2.377006e-02 6.952090e-03 0.292473
8.675000 2.039383e+00 2.374640e-02 6.943648e-03 0.292408
8.676000 2.039801e+00 2.372276e-02 6.937989e-03 0.292461
8.677000 2.040219e+00 2.369915e-02 6.930950e-03 0.292456
8.678000 2.040638e+00 2.367557e-02 6.921147e-03 0.292333
8.679000 2.041056e+00 2.365201e-02 6.916895e-03 0.292444
8.680000 2.041474e+00 2.362848e-02 6.907113e-03 0.292322
8.681000 2.041893e+00 2.360497e-02 6.901492e-03 0.292375
8.682000 2.042311e+00 2.358149e-02 6.894493e-03 0.292369
8.683000 2.042730e+00 2.355803e-02 6.887501e-03 0.292363
8.684000 2.043148e+00 2.353460e-02 6.880518e-03 0.292358
8.685000 2.043567e+00 2.351119e-02 6.873542e-03 0.292352
8.686000 2.043985e+00 2.348781e-02 6.864331e-03 0.292251
8.687000 2.044404e+00 2.346445e-02 6.860985e-03 0.292399
8.688000 2.044823e+00 2.344112e-02 6.851797e-03 0.292298
8.689000 2.045241e+00 2.341782e-02 6.845715e-03 0.292329
8.690000 2.045660e+00 2.339454e-02 6.838777e-03 0.292324
8.691000 2.046079e+00 2.337128e-02 6.834575e-03 0.292435
8.692000 2.046497e+00 2.334805e-02 6.826290e-03 0.292371
8.693000 2.046916e+00 2.332484e-02 6.818515e-03 0.292328
8.694000 2.047335e+00 2.330166e-02 6.811103e-03 0.292301
8.695000 2.047754e+00 2.327851e-02 6.803346e-03 0.292259
8.696000 2.048172e+00 2.325538e-02 6.796455e-03 0.292253
8.697000 2.048591e+00 2.323227e-02 6.788208e-03 0.292189
8.698000 2.049010e+00 2.320919e-02 6.781333e-03 0.292183
8.699000 2.049429e+00 2.318613e-02 6.777183e-03 0.292295
8.700000 2.049848e+00 2.316310e-02 6.768966e-03 0.292231
8.701000 2.050267e+00 2.314010e-02 6.760754e-03 0.292166
8.702000 2.050686e+00 2.311711e-02 6.755267e-03 0.292219
8.703000 2.051105e+00 2.309416e-02 6.749278e-03 0.292250
8.704000 2.051524e+00 2.307122e-02 6.741598e-03 0.292208
8.705000 2.051943e+00 2.304832e-02 6.736123e-03 0.292261
8.706000 2.052362e+00 2.302543e-02 6.726607e-03 0.292138
8.707000 2.052781e+00 2.300258e-02 6.721150e-03 0.292191
8.708000 2.053200e+00 2.297974e-02 6.714350e-03 0.292186
8.709000 2.053620e+00 2.295693e-02 6.708900e-03 0.292239
8.710000 2.054039e+00 2.293415e-02 6.702113e-03 0.292233
8.711000 2.054458e+00 2.291139e-02 6.693992e-03 0.292169
8.712000 2.054877e+00 2.288865e-02 6.688560e-03 0.292222
8.713000 2.055297e+00 2.286594e-02 6.680457e-03 0.292158
8.714000 2.055716e+00 2.284325e-02 6.673701e-03 0.292152
8.715000 2.056135e+00 2.282059e-02 6.668288e-03 0.292205
8.716000 2.056555e+00 2.279795e-02 6.658871e-03 0.292082
8.717000 2.056974e+00 2.277534e-02 6.656139e-03 0.292252
8.718000 2.057393e+00 2.275275e-02 6.646750e-03 0.292130
8.719000 2.057813e+00 2.273019e-02 6.640031e-03 0.292124
8.720000 2.058232e+00 2.270765e-02 6.634649e-03 0.292177
8.721000 2.058652e+00 2.268513e-02 6.626615e-03 0.292113
8.722000 2.059071e+00 2.266264e-02 6.617747e-03 0.292011
8.723000 2.059491e+00 2.264017e-02 6.611060e-03 0.292006
8.724000 2.059910e+00 2.261772e-02 6.605709e-03 0.292059
8.725000 2.060330e+00 2.259530e-02 6.599034e-03 0.292053
8.726000 2.060750e+00 2.257291e-02 6.592367e-03 0.292048
8.727000 2.061169e+00 2.255054e-02 6.584382e-03 0.291983
8.728000 2.061589e+00 2.252819e-02 6.577731e-03 0.291978
8.729000 2.062009e+00 2.250587e-02 6.572411e-03 0.292031
8.730000 2.062428e+00 2.248357e-02 6.565773e-03 0.292025
8.731000 2.062848e+00 2.246129e-02 6.559142e-03 0.292020
8.732000 2.063268e+00 2.243904e-02 6.551200e-03 0.291955
8.733000 2.063688e+00 2.241681e-02 6.545903e-03 0.292009
8.734000 2.064108e+00 2.239461e-02 6.541435e-03 0.292099
8.735000 2.064527e+00 2.237243e-02 6.532693e-03 0.291998
8.736000 2.064947e+00 2.235027e-02 6.526099e-03 0.291992
8.737000 2.065367e+00 2.232814e-02 6.519512e-03 0.291986
8.738000 2.065787e+00 2.230603e-02 6.512932e-03 0.291981
8.739000 2.066207e+00 2.228394e-02 6.506360e-03 0.291975
8.740000 2.066627e+00 2.226188e-02 6.499795e-03 0.291970
8.741000 2.067047e+00 2.223984e-02 6.491928e-03 0.291905
8.742000 2.067467e+00 2.221783e-02 6.485378e-03 0.291900
8.743000 2.067887e+00 2.219584e-02 6.478836e-03 0.291894
8.744000 2.068308e+00 2.217387e-02 6.472300e-03 0.291889
8.745000 2.068728e+00 2.215193e-02 6.465772e-03 0.291883
8.746000 2.069148e+00 2.213001e-02 6.460553e-03 0.291936
8.747000 2.069568e+00 2.210811e-02 6.455334e-03 0.291989
8.748000 2.069988e+00 2.208624e-02 6.446230e-03 0.291866
8.749000 2.070408e+00 2.206439e-02 6.443612e-03 0.292037
8.750000 2.070829e+00 2.204256e-02 6.433238e-03 0.291855
8.751000 2.071249e+00 2.202076e-02 6.428049e-03 0.291909
8.752000 2.071669e+00 2.199898e-02 6.420274e-03 0.291844
8.753000 2.072090e+00 2.197723e-02 6.415096e-03 0.291897
8.754000 2.072510e+00 2.195549e-02 6.408631e-03 0.291892
8.755000 2.072930e+00 2.193379e-02 6.403459e-03 0.291945
8.756000 2.073351e+00 2.191210e-02 6.397007e-03 0.291939
8.757000 2.073771e+00 2.189044e-02 6.389277e-03 0.291875
8.758000 2.074192e+00 2.186880e-02 6.383309e-03 0.291891
8.759000 2.074612e+00 2.184718e-02 6.375597e-03 0.291827
8.760000 2.075033e+00 2.182559e-02 6.368702e-03 0.291800
8.761000 2.075453e+00 2.180402e-02 6.361476e-03 0.291757
8.762000 2.075874e+00 2.178247e-02 6.357162e-03 0.291848
8.763000 2.076295e+00 2.176095e-02 6.348669e-03 0.291746
8.764000 2.076715e+00 2.173945e-02 6.343556e-03 0.291799
8.765000 2.077136e+00 2.171797e-02 6.337168e-03 0.291794
8.766000 2.077557e+00 2.169652e-02 6.329510e-03 0.291729
8.767000 2.077977e+00 2.167508e-02 6.324415e-03 0.291783
8.768000 2.078398e+00 2.165368e-02 6.316773e-03 0.291718
8.769000 2.078819e+00 2.163229e-02 6.313763e-03 0.291868
8.770000 2.079240e+00 2.161093e-02 6.306605e-03 0.291825
8.771000 2.079660e+00 2.158959e-02 6.297720e-03 0.291702
8.772000 2.080081e+00 2.156827e-02 6.290107e-03 0.291637
8.773000 2.080502e+00 2.154698e-02 6.283778e-03 0.291632
8.774000 2.080923e+00 2.152570e-02 6.278728e-03 0.291685
8.775000 2.081344e+00 2.150446e-02 6.274941e-03 0.291797
8.776000 2.081765e+00 2.148323e-02 6.267368e-03 0.291733
8.777000 2.082186e+00 2.146203e-02 6.262324e-03 0.291786
8.778000 2.082607e+00 2.144085e-02 6.253503e-03 0.291663
8.779000 2.083028e+00 2.141969e-02 6.250988e-03 0.291834
8.780000 2.083449e+00 2.139855e-02 6.240932e-03 0.291652
8.781000 2.083870e+00 2.137744e-02 6.234657e-03 0.291647
8.782000 2.084291e+00 2.135635e-02 6.229647e-03 0.291700
8.783000 2.084712e+00 2.133528e-02 6.223384e-03 0.291694
8.784000 2.085134e+00 2.131424e-02 6.215872e-03 0.291630
8.785000 2.085555e+00 2.129322e-02 6.210879e-03 0.291683
8.786000 2.085976e+00 2.127222e-02 6.205886e-03 0.291737
8.787000 2.086397e+00 2.125124e-02 6.195096e-03 0.291517
8.788000 2.086818e+00 2.123028e-02 6.191378e-03 0.291630
8.789000 2.087240e+00 2.120935e-02 6.183906e-03 0.291565
8.790000 2.087661e+00 2.118844e-02 6.176440e-03 0.291500
8.791000 2.088082e+00 2.116755e-02 6.172735e-03 0.291613
8.792000 2.088504e+00 2.114669e-02 6.168568e-03 0.291704
8.793000 2.088925e+00 2.112584e-02 6.161131e-03 0.291640
8.794000 2.089347e+00 2.110502e-02 6.154153e-03 0.291597
8.795000 2.089768e+00 2.108422e-02 6.147973e-03 0.291591
8.796000 2.090190e+00 2.106345e-02 6.140557e-03 0.291527
8.797000 2.090611e+00 2.104269e-02 6.133145e-03 0.291462
8.798000 2.091033e+00 2.102196e-02 6.129472e-03 0.291575
8.799000 2.091454e+00 2.100125e-02 6.123318e-03 0.291569
8.800000 2.091876e+00 2.098056e-02 6.117171e-03 0.291564
8.801000 2.092297e+00 2.095990e-02 6.109794e-03 0.291499
8.802000 2.092719e+00 2.093925e-02 6.105681e-03 0.291590
8.803000 2.093141e+00 2.091863e-02 6.098771e-03 0.291547
8.804000 2.093562e+00 2.089803e-02 6.091418e-03 0.291483
8.805000 2.093984e+00 2.087746e-02 6.085305e-03 0.291477
8.806000 2.094406e+00 2.085690e-02 6.080430e-03 0.291531
8.807000 2.094828e+00 2.083637e-02 6.074330e-03 0.291525
8.808000 2.095249e+00 2.081586e-02 6.068237e-03 0.291520
8.809000 2.095671e+00 2.079537e-02 6.060923e-03 0.291455
8.810000 2.096093e+00 2.077490e-02 6.054844e-03 0.291450
8.811000 2.096515e+00 2.075445e-02 6.048771e-03 0.291445
8.812000 2.096937e+00 2.073403e-02 6.041477e-03 0.291380
8.813000 2.097359e+00 2.071363e-02 6.037869e-03 0.291493
8.814000 2.097781e+00 2.069325e-02 6.031815e-03 0.291487
8.815000 2.098203e+00 2.067289e-02 6.024547e-03 0.291423
8.816000 2.098625e+00 2.065255e-02 6.016507e-03 0.291320
8.817000 2.099047e+00 2.063223e-02 6.013693e-03 0.291471
8.818000 2.099469e+00 2.061194e-02 6.007666e-03 0.291465
8.819000 2.099891e+00 2.059167e-02 6.002856e-03 0.291519
8.820000 2.100313e+00 2.057142e-02 5.993642e-03 0.291358
8.821000 2.100735e+00 2.055119e-02 5.986418e-03 0.291293
8.822000 2.101157e+00 2.053098e-02 5.981637e-03 0.291347
8.823000 2.101579e+00 2.051080e-02 5.975644e-03 0.291341
8.824000 2.102002e+00 2.049063e-02 5.968443e-03 0.291277
8.825000 2.102424e+00 2.047049e-02 5.964887e-03 0.291390
8.826000 2.102846e+00 2.045037e-02 5.960885e-03 0.291481
8.827000 2.103268e+00 2.043027e-02 5.951738e-03 0.291320
8.828000 2.103691e+00 2.041019e-02 5.947751e-03 0.291411
8.829000 2.104113e+00 2.039013e-02 5.939824e-03 0.291309
8.830000 2.104535e+00 2.037010e-02 5.937045e-03 0.291459
8.831000 2.104958e+00 2.035008e-02 5.929903e-03 0.291395
8.832000 2.105380e+00 2.033009e-02 5.923202e-03 0.291352
8.833000 2.105803e+00 2.031012e-02 5.917273e-03 0.291346
8.834000 2.106225e+00 2.029017e-02 5.910152e-03 0.291282
8.835000 2.106648e+00 2.027024e-02 5.904237e-03 0.291276
8.836000 2.107070e+00 2.025033e-02 5.899525e-03 0.291330
8.837000 2.107493e+00 2.023044e-02 5.893622e-03 0.291324
8.838000 2.107915e+00 2.021058e-02 5.886530e-03 0.291260
8.839000 2.108338e+00 2.019074e-02 5.879443e-03 0.291195
8.840000 2.108761e+00 2.017091e-02 5.874758e-03 0.291249
8.841000 2.109183e+00 2.015111e-02 5.868881e-03 0.291244
8.842000 2.109606e+00 2.013133e-02 5.863011e-03 0.291238
8.843000 2.110029e+00 2.011157e-02 5.857147e-03 0.291233
8.844000 2.110451e+00 2.009183e-02 5.852478e-03 0.291286
8.845000 2.110874e+00 2.007211e-02 5.846626e-03 0.291281
8.846000 2.111297e+00 2.005242e-02 5.840780e-03 0.291276
8.847000 2.111720e+00 2.003274e-02 5.833756e-03 0.291211
8.848000 2.112142e+00 2.001309e-02 5.827924e-03 0.291206
8.849000 2.112565e+00 1.999345e-02 5.822098e-03 0.291200
8.850000 2.112988e+00 1.997384e-02 5.816279e-03 0.291195
8.851000 2.113411e+00 1.995425e-02 5.811646e-03 0.291249
8.852000 2.113834e+00 1.993468e-02 5.803905e-03 0.291146
8.853000 2.114257e+00 1.991513e-02 5.797677e-03 0.291119
8.854000 2.114680e+00 1.989560e-02 5.795414e-03 0.291291
8.855000 2.115103e+00 1.987609e-02 5.787277e-03 0.291168
8.856000 2.115526e+00 1.985660e-02 5.781918e-03 0.291184
8.857000 2.115949e+00 1.983713e-02 5.776893e-03 0.291216
8.858000 2.116372e+00 1.981769e-02 5.769201e-03 0.291114
8.859000 2.116795e+00 1.979826e-02 5.764188e-03 0.291146
8.860000 2.117219e+00 1.977885e-02 5.759602e-03 0.291200
8.861000 2.117642e+00 1.975947e-02 5.751934e-03 0.291098
8.862000 2.118065e+00 1.974011e-02 5.746937e-03 0.291130
8.863000 2.118488e+00 1.972076e-02 5.740454e-03 0.291087
8.864000 2.118911e+00 1.970144e-02 5.737795e-03 0.291237
8.865000 2.119335e+00 1.968214e-02 5.728998e-03 0.291076
8.866000 2.119758e+00 1.966286e-02 5.720940e-03 0.290952
8.867000 2.120181e+00 1.964359e-02 5.716401e-03 0.291006
8.868000 2.120605e+00 1.962435e-02 5.711862e-03 0.291060
8.869000 2.121028e+00 1.960513e-02 5.706162e-03 0.291054
8.870000 2.121451e+00 1.958593e-02 5.701628e-03 0.291108
8.871000 2.121875e+00 1.956675e-02 5.693618e-03 0.290984
8.872000 2.122298e+00 1.954759e-02 5.689100e-03 0.291038
8.873000 2.122722e+00 1.952846e-02 5.685732e-03 0.291151
8.874000 2.123145e+00 1.950934e-02 5.677755e-03 0.291028
8.875000 2.123569e+00 1.949024e-02 5.672093e-03 0.291022
8.876000 2.123992e+00 1.947116e-02 5.668738e-03 0.291135
8.877000 2.124416e+00 1.945210e-02 5.660785e-03 0.291011
8.878000 2.124840e+00 1.943307e-02 5.655141e-03 0.291006
8.879000 2.125263e+00 1.941405e-02 5.650652e-03 0.291060
8.880000 2.125687e+00 1.939505e-02 5.643870e-03 0.290995
8.881000 2.126111e+00 1.937608e-02 5.639392e-03 0.291049
8.882000 2.126534e+00 1.935712e-02 5.633771e-03 0.291044
8.883000 2.126958e+00 1.933818e-02 5.625861e-03 0.290920
8.884000 2.127382e+00 1.931927e-02 5.620667e-03 0.290936
8.885000 2.127806e+00 1.930037e-02 5.616944e-03 0.291028
8.886000 2.128229e+00 1.928149e-02 5.609059e-03 0.290904
8.887000 2.128653e+00 1.926264e-02 5.604615e-03 0.290958
8.888000 2.129077e+00 1.924380e-02 5.600172e-03 0.291012
8.889000 2.129501e+00 1.922498e-02 5.594593e-03 0.291006
8.890000 2.129925e+00 1.920619e-02 5.587152e-03 0.290904
8.891000 2.130349e+00 1.918741e-02 5.581587e-03 0.290898
8.892000 2.130773e+00 1.916866e-02 5.576029e-03 0.290893
8.893000 2.131197e+00 1.914992e-02 5.573470e-03 0.291044
8.894000 2.131621e+00 1.913120e-02 5.565657e-03 0.290920
8.895000 2.132045e+00 1.911251e-02 5.558252e-03 0.290818
8.896000 2.132469e+00 1.909383e-02 5.553854e-03 0.290872
8.897000 2.132893e+00 1.907517e-02 5.550582e-03 0.290985
8.898000 2.133317e+00 1.905653e-02 5.543932e-03 0.290920
8.899000 2.133741e+00 1.903792e-02 5.537286e-03 0.290856
8.900000 2.134166e+00 1.901932e-02 5.530643e-03 0.290791
8.901000 2.134590e+00 1.900074e-02 5.529241e-03 0.291001
8.902000 2.135014e+00 1.898218e-02 5.519642e-03 0.290780
8.903000 2.135438e+00 1.896364e-02 5.517523e-03 0.290953
8.904000 2.135863e+00 1.894513e-02 5.510915e-03 0.290888
8.905000 2.136287e+00 1.892663e-02 5.505432e-03 0.290883
8.906000 2.136711e+00 1.890815e-02 5.499956e-03 0.290878
8.907000 2.137136e+00 1.888969e-02 5.494486e-03 0.290872
8.908000 2.137560e+00 1.887125e-02 5.486780e-03 0.290748
8.909000 2.137984e+00 1.885282e-02 5.481323e-03 0.290743
8.910000 2.138409e+00 1.883442e-02 5.476994e-03 0.290797
8.911000 2.138833e+00 1.881604e-02 5.471548e-03 0.290792
8.912000 2.139258e+00 1.879768e-02 5.467223e-03 0.290846
8.913000 2.139682e+00 1.877934e-02 5.459557e-03 0.290722
8.914000 2.140107e+00 1.876101e-02 5.457468e-03 0.290894
8.915000 2.140531e+00 1.874271e-02 5.450936e-03 0.290830
8.916000 2.140956e+00 1.872442e-02 5.444408e-03 0.290765
8.917000 2.141380e+00 1.870616e-02 5.438282e-03 0.290722
8.918000 2.141805e+00 1.868791e-02 5.433593e-03 0.290754
8.919000 2.142230e+00 1.866968e-02 5.429302e-03 0.290808
8.920000 2.142654e+00 1.865148e-02 5.422802e-03 0.290744
8.921000 2.143079e+00 1.863329e-02 5.417415e-03 0.290739
8.922000 2.143504e+00 1.861512e-02 5.413138e-03 0.290793
8.923000 2.143929e+00 1.859697e-02 5.408861e-03 0.290846
8.924000 2.144353e+00 1.857884e-02 5.400578e-03 0.290684
8.925000 2.144778e+00 1.856073e-02 5.394819e-03 0.290658
8.926000 2.145203e+00 1.854263e-02 5.389462e-03 0.290652
8.927000 2.145628e+00 1.852456e-02 5.384506e-03 0.290668
8.928000 2.146053e+00 1.850651e-02 5.379868e-03 0.290701
8.929000 2.146478e+00 1.848847e-02 5.373820e-03 0.290658
8.930000 2.146903e+00 1.847046e-02 5.366281e-03 0.290533
8.931000 2.147328e+00 1.845246e-02 5.362058e-03 0.290588
8.932000 2.147753e+00 1.843448e-02 5.357835e-03 0.290642
8.933000 2.148178e+00 1.841652e-02 5.351420e-03 0.290577
8.934000 2.148603e+00 1.839858e-02 5.349002e-03 0.290729
8.935000 2.149028e+00 1.838066e-02 5.341901e-03 0.290626
8.936000 2.149453e+00 1.836276e-02 5.337303e-03 0.290659
8.937000 2.149878e+00 1.834488e-02 5.331307e-03 0.290616
8.938000 2.150303e+00 1.832701e-02 5.326019e-03 0.290610
8.939000 2.150728e+00 1.830917e-02 5.322523e-03 0.290703
8.940000 2.151154e+00 1.829134e-02 5.315459e-03 0.290600
8.941000 2.151579e+00 1.827354e-02 5.309099e-03 0.290535
8.942000 2.152004e+00 1.825575e-02 5.306006e-03 0.290649
8.943000 2.152429e+00 1.823798e-02 5.299662e-03 0.290584
8.944000 2.152855e+00 1.822023e-02 5.293322e-03 0.290519
8.945000 2.153280e+00 1.820249e-02 5.290241e-03 0.290633
8.946000 2.153705e+00 1.818478e-02 5.283916e-03 0.290568
8.947000 2.154131e+00 1.816709e-02 5.277596e-03 0.290503
8.948000 2.154556e+00 1.814941e-02 5.273448e-03 0.290558
8.949000 2.154982e+00 1.813175e-02 5.269299e-03 0.290612
8.950000 2.155407e+00 1.811411e-02 5.264078e-03 0.290606
8.951000 2.155832e+00 1.809649e-02 5.258862e-03 0.290601
8.952000 2.156258e+00 1.807889e-02 5.250417e-03 0.290417
8.953000 2.156683e+00 1.806131e-02 5.248447e-03 0.290591
8.954000 2.157109e+00 1.804375e-02 5.243248e-03 0.290585
8.955000 2.157535e+00 1.802620e-02 5.235908e-03 0.290461
8.956000 2.157960e+00 1.800867e-02 5.231797e-03 0.290515
8.957000 2.158386e+00 1.799116e-02 5.225924e-03 0.290472
8.958000 2.158812e+00 1.797367e-02 5.221440e-03 0.290505
8.959000 2.159237e+00 1.795620e-02 5.216270e-03 0.290500
8.960000 2.159663e+00 1.793875e-02 5.212172e-03 0.290554
8.961000 2.160089e+00 1.792131e-02 5.205947e-03 0.290489
8.962000 2.160514e+00 1.790390e-02 5.200794e-03 0.290484
8.963000 2.160940e+00 1.788650e-02 5.195646e-03 0.290479
8.964000 2.161366e+00 1.786912e-02 5.191566e-03 0.290533
8.965000 2.161792e+00 1.785176e-02 5.186429e-03 0.290528
8.966000 2.162218e+00 1.783442e-02 5.180236e-03 0.290463
8.967000 2.162644e+00 1.781709e-02 5.173362e-03 0.290360
8.968000 2.163069e+00 1.779978e-02 5.168243e-03 0.290354
8.969000 2.163495e+00 1.778250e-02 5.165933e-03 0.290507
8.970000 2.163921e+00 1.776523e-02 5.158706e-03 0.290382
8.971000 2.164347e+00 1.774797e-02 5.153980e-03 0.290398
8.972000 2.164773e+00 1.773074e-02 5.150619e-03 0.290491
8.973000 2.165199e+00 1.771353e-02 5.141672e-03 0.290268
8.974000 2.165625e+00 1.769633e-02 5.137648e-03 0.290323
8.975000 2.166052e+00 1.767915e-02 5.133623e-03 0.290377
8.976000 2.166478e+00 1.766199e-02 5.128548e-03 0.290372
8.977000 2.166904e+00 1.764484e-02 5.122424e-03 0.290307
8.978000 2.167330e+00 1.762772e-02 5.118413e-03 0.290362
8.979000 2.167756e+00 1.761061e-02 5.112302e-03 0.290297
8.980000 2.168182e+00 1.759352e-02 5.109347e-03 0.290411
8.981000 2.168609e+00 1.757645e-02 5.101149e-03 0.290226
8.982000 2.169035e+00 1.755940e-02 5.098209e-03 0.290341
8.983000 2.169461e+00 1.754237e-02 5.093172e-03 0.290335
8.984000 2.169887e+00 1.752535e-02 5.087093e-03 0.290271
8.985000 2.170314e+00 1.750835e-02 5.084155e-03 0.290385
8.986000 2.170740e+00 1.749137e-02 5.077047e-03 0.290260
8.987000 2.171166e+00 1.747441e-02 5.073076e-03 0.290315
8.988000 2.171593e+00 1.745746e-02 5.066347e-03 0.290211
8.989000 2.172019e+00 1.744053e-02 5.065133e-03 0.290423
8.990000 2.172446e+00 1.742362e-02 5.058061e-03 0.290299
8.991000 2.172872e+00 1.740673e-02 5.053066e-03 0.290294
8.992000 2.173299e+00 1.738986e-02 5.048077e-03 0.290289
8.993000 2.173725e+00 1.737300e-02 5.044128e-03 0.290343
8.994000 2.174152e+00 1.735616e-02 5.038115e-03 0.290278
8.995000 2.174578e+00 1.733934e-02 5.032106e-03 0.290213
8.996000 2.175005e+00 1.732254e-02 5.029206e-03 0.290327
8.997000 2.175432e+00 1.730575e-02 5.023213e-03 0.290263
8.998000 2.175858e+00 1.728899e-02 5.018256e-03 0.290257
8.999000 2.176285e+00 1.727224e-02 5.011603e-03 0.290154
9.000000 2.176712e+00 1.725550e-02 5.007326e-03 0.290187
