0.500000 1.492531e-04 7.291019e+06 7.037509e+06 0.965230
0.506000 1.528564e-04 6.951175e+06 6.708464e+06 0.965083
0.512000 1.565027e-04 6.630899e+06 6.398411e+06 0.964939
0.518000 1.601920e-04 6.328854e+06 6.106051e+06 0.964796
0.524000 1.639242e-04 6.043809e+06 5.830187e+06 0.964654
0.530000 1.676995e-04 5.774628e+06 5.569714e+06 0.964515
0.536000 1.715176e-04 5.520265e+06 5.323614e+06 0.964376
0.542000 1.753788e-04 5.279751e+06 5.090946e+06 0.964240
0.548000 1.792829e-04 5.052190e+06 4.870841e+06 0.964105
0.554000 1.832300e-04 4.836756e+06 4.662493e+06 0.963971
0.560000 1.872201e-04 4.632680e+06 4.465157e+06 0.963839
0.566000 1.912531e-04 4.439252e+06 4.278143e+06 0.963708
0.572000 1.953291e-04 4.255812e+06 4.100810e+06 0.963579
0.578000 1.994480e-04 4.081747e+06 3.932562e+06 0.963451
0.584000 2.036100e-04 3.916489e+06 3.772847e+06 0.963324
0.590000 2.078149e-04 3.759507e+06 3.621152e+06 0.963199
0.596000 2.120627e-04 3.610310e+06 3.476998e+06 0.963074
0.602000 2.163535e-04 3.468440e+06 3.339939e+06 0.962952
0.608000 2.206873e-04 3.333468e+06 3.209562e+06 0.962830
0.614000 2.250640e-04 3.204995e+06 3.085479e+06 0.962709
0.620000 2.294838e-04 3.082651e+06 2.967330e+06 0.962590
0.626000 2.339464e-04 2.966088e+06 2.854776e+06 0.962472
0.632000 2.384521e-04 2.854980e+06 2.747504e+06 0.962355
0.638000 2.430007e-04 2.749024e+06 2.645219e+06 0.962239
0.644000 2.475922e-04 2.647937e+06 2.547645e+06 0.962124
0.650000 2.522267e-04 2.551453e+06 2.454524e+06 0.962011
0.656000 2.569042e-04 2.459321e+06 2.365616e+06 0.961898
0.662000 2.616246e-04 2.371310e+06 2.280693e+06 0.961786
0.668000 2.663880e-04 2.287198e+06 2.199543e+06 0.961675
0.674000 2.711944e-04 2.206782e+06 2.121967e+06 0.961566
0.680000 2.760437e-04 2.129868e+06 2.047777e+06 0.961457
0.686000 2.809360e-04 2.056275e+06 1.976799e+06 0.961349
0.692000 2.858712e-04 1.985831e+06 1.908866e+06 0.961243
0.698000 2.908494e-04 1.918377e+06 1.843823e+06 0.961137
0.704000 2.958705e-04 1.853762e+06 1.781524e+06 0.961032
0.710000 3.009346e-04 1.791843e+06 1.721832e+06 0.960928
0.716000 3.060417e-04 1.732487e+06 1.664617e+06 0.960825
0.722000 3.111917e-04 1.675568e+06 1.609756e+06 0.960722
0.728000 3.163846e-04 1.620966e+06 1.557134e+06 0.960621
0.734000 3.216205e-04 1.568569e+06 1.506642e+06 0.960520
0.740000 3.268994e-04 1.518271e+06 1.458179e+06 0.960420
0.746000 3.322212e-04 1.469972e+06 1.411646e+06 0.960322
0.752000 3.375860e-04 1.423578e+06 1.366953e+06 0.960223
0.758000 3.429937e-04 1.378999e+06 1.324012e+06 0.960126
0.764000 3.484443e-04 1.336150e+06 1.282743e+06 0.960029
0.770000 3.539380e-04 1.294952e+06 1.243068e+06 0.959933
0.776000 3.594745e-04 1.255329e+06 1.204912e+06 0.959838
0.782000 3.650540e-04 1.217209e+06 1.168209e+06 0.959744
0.788000 3.706765e-04 1.180524e+06 1.132890e+06 0.959650
0.794000 3.763419e-04 1.145210e+06 1.098895e+06 0.959557
0.800000 3.820503e-04 1.111206e+06 1.066163e+06 0.959465
0.806000 3.878016e-04 1.078454e+06 1.034640e+06 0.959374
0.812000 3.935958e-04 1.046899e+06 1.004272e+06 0.959283
0.818000 3.994330e-04 1.016490e+06 9.750092e+05 0.959193
0.824000 4.053131e-04 9.871754e+05 9.468029e+05 0.959103
0.830000 4.112362e-04 9.589098e+05 9.196080e+05 0.959014
0.836000 4.172022e-04 9.316480e+05 8.933814e+05 0.958926
0.842000 4.232112e-04 9.053476e+05 8.680819e+05 0.958838
0.848000 4.292631e-04 8.799682e+05 8.436706e+05 0.958751
0.854000 4.353579e-04 8.554713e+05 8.201104e+05 0.958665
0.860000 4.414957e-04 8.318204e+05 7.973658e+05 0.958579
0.866000 4.476765e-04 8.089807e+05 7.754033e+05 0.958494
0.872000 4.539001e-04 7.869191e+05 7.541908e+05 0.958410
0.878000 4.601667e-04 7.656039e+05 7.336978e+05 0.958326
0.884000 4.664763e-04 7.450051e+05 7.138953e+05 0.958242
0.890000 4.728287e-04 7.250939e+05 6.947555e+05 0.958159
0.896000 4.792241e-04 7.058430e+05 6.762521e+05 0.958077
0.902000 4.856625e-04 6.872264e+05 6.583597e+05 0.957995
0.908000 4.921438e-04 6.692191e+05 6.410545e+05 0.957914
0.914000 4.986680e-04 6.517972e+05 6.243133e+05 0.957834
0.920000 5.052351e-04 6.349383e+05 6.081144e+05 0.957754
0.926000 5.118452e-04 6.186205e+05 5.924367e+05 0.957674
0.932000 5.184982e-04 6.028232e+05 5.772604e+05 0.957595
0.938000 5.251942e-04 5.875265e+05 5.625663e+05 0.957516
0.944000 5.319330e-04 5.727116e+05 5.483360e+05 0.957438
0.950000 5.387148e-04 5.583604e+05 5.345523e+05 0.957361
0.956000 5.455396e-04 5.444555e+05 5.211984e+05 0.957284
0.962000 5.524072e-04 5.309804e+05 5.082583e+05 0.957207
0.968000 5.593178e-04 5.179194e+05 4.957168e+05 0.957131
0.974000 5.662713e-04 5.052571e+05 4.835591e+05 0.957056
0.980000 5.732678e-04 4.929791e+05 4.717714e+05 0.956980
0.986000 5.803071e-04 4.810715e+05 4.603401e+05 0.956906
0.992000 5.873894e-04 4.695210e+05 4.492525e+05 0.956832
0.998000 5.945146e-04 4.583147e+05 4.384962e+05 0.956758
1.004000 6.016828e-04 4.474405e+05 4.280594e+05 0.956684
1.010000 6.088938e-04 4.368867e+05 4.179308e+05 0.956612
1.016000 6.161478e-04 4.266419e+05 4.080996e+05 0.956539
1.022000 6.234447e-04 4.166953e+05 3.985554e+05 0.956467
1.028000 6.307845e-04 4.070367e+05 3.892881e+05 0.956396
1.034000 6.381673e-04 3.976561e+05 3.802882e+05 0.956324
1.040000 6.455929e-04 3.885438e+05 3.715465e+05 0.956254
1.046000 6.530615e-04 3.796909e+05 3.630541e+05 0.956183
1.052000 6.605730e-04 3.710884e+05 3.548026e+05 0.956113
1.058000 6.681274e-04 3.627280e+05 3.467839e+05 0.956044
1.064000 6.757247e-04 3.546014e+05 3.389900e+05 0.955975
1.070000 6.833650e-04 3.467010e+05 3.314135e+05 0.955906
1.076000 6.910481e-04 3.390191e+05 3.240472e+05 0.955838
1.082000 6.987742e-04 3.315486e+05 3.168841e+05 0.955770
1.088000 7.065431e-04 3.242825e+05 3.099174e+05 0.955702
1.094000 7.143550e-04 3.172142e+05 3.031409e+05 0.955635
1.100000 7.222098e-04 3.103372e+05 2.965483e+05 0.955568
1.106000 7.301075e-04 3.036453e+05 2.901336e+05 0.955502
1.112000 7.380481e-04 2.971327e+05 2.838912e+05 0.955435
1.118000 7.460316e-04 2.907936e+05 2.778154e+05 0.955370
1.124000 7.540580e-04 2.846224e+05 2.719010e+05 0.955304
1.130000 7.621274e-04 2.786139e+05 2.661430e+05 0.955239
1.136000 7.702396e-04 2.727630e+05 2.605363e+05 0.955175
1.142000 7.783947e-04 2.670646e+05 2.550762e+05 0.955110
1.148000 7.865928e-04 2.615141e+05 2.497581e+05 0.955046
1.154000 7.948337e-04 2.561069e+05 2.445776e+05 0.954983
1.160000 8.031175e-04 2.508386e+05 2.395306e+05 0.954919
1.166000 8.114443e-04 2.457049e+05 2.346128e+05 0.954856
1.172000 8.198139e-04 2.407016e+05 2.298204e+05 0.954794
1.178000 8.282264e-04 2.358250e+05 2.251495e+05 0.954731
1.184000 8.366819e-04 2.310710e+05 2.205964e+05 0.954669
1.190000 8.451802e-04 2.264362e+05 2.161577e+05 0.954608
1.196000 8.537214e-04 2.219168e+05 2.118298e+05 0.954546
1.202000 8.623056e-04 2.175094e+05 2.076095e+05 0.954485
1.208000 8.709326e-04 2.132108e+05 2.034935e+05 0.954424
1.214000 8.796025e-04 2.090177e+05 1.994789e+05 0.954364
1.220000 8.883153e-04 2.049271e+05 1.955626e+05 0.954304
1.226000 8.970710e-04 2.009359e+05 1.917418e+05 0.954244
1.232000 9.058695e-04 1.970412e+05 1.880136e+05 0.954184
1.238000 9.147110e-04 1.932404e+05 1.843755e+05 0.954125
1.244000 9.235954e-04 1.895306e+05 1.808247e+05 0.954066
1.250000 9.325226e-04 1.859093e+05 1.773589e+05 0.954007
1.256000 9.414927e-04 1.823740e+05 1.739755e+05 0.953949
1.262000 9.505057e-04 1.789222e+05 1.706722e+05 0.953891
1.268000 9.595616e-04 1.755516e+05 1.674468e+05 0.953833
1.274000 9.686604e-04 1.722598e+05 1.642972e+05 0.953775
1.280000 9.778021e-04 1.690448e+05 1.612210e+05 0.953718
1.286000 9.869866e-04 1.659042e+05 1.582164e+05 0.953661
1.292000 9.962140e-04 1.628362e+05 1.552813e+05 0.953604
1.298000 1.005484e-03 1.598387e+05 1.524138e+05 0.953548
1.304000 1.014798e-03 1.569097e+05 1.496120e+05 0.953491
1.310000 1.024154e-03 1.540474e+05 1.468742e+05 0.953435
1.316000 1.033553e-03 1.512500e+05 1.441987e+05 0.953380
1.322000 1.042994e-03 1.485157e+05 1.415836e+05 0.953324
1.328000 1.052479e-03 1.458428e+05 1.390274e+05 0.953269
1.334000 1.062007e-03 1.432296e+05 1.365285e+05 0.953214
1.340000 1.071577e-03 1.406747e+05 1.340854e+05 0.953160
1.346000 1.081190e-03 1.381764e+05 1.316966e+05 0.953105
1.352000 1.090846e-03 1.357332e+05 1.293606e+05 0.953051
1.358000 1.100545e-03 1.333436e+05 1.270761e+05 0.952997
1.364000 1.110287e-03 1.310064e+05 1.248416e+05 0.952943
1.370000 1.120072e-03 1.287200e+05 1.226560e+05 0.952890
1.376000 1.129900e-03 1.264833e+05 1.205179e+05 0.952837
1.382000 1.139770e-03 1.242948e+05 1.184260e+05 0.952784
1.388000 1.149684e-03 1.221533e+05 1.163792e+05 0.952731
1.394000 1.159640e-03 1.200578e+05 1.143764e+05 0.952678
1.400000 1.169639e-03 1.180068e+05 1.124164e+05 0.952626
1.406000 1.179681e-03 1.159995e+05 1.104980e+05 0.952574
1.412000 1.189766e-03 1.140345e+05 1.086204e+05 0.952522
1.418000 1.199893e-03 1.121109e+05 1.067823e+05 0.952470
1.424000 1.210064e-03 1.102276e+05 1.049829e+05 0.952419
1.430000 1.220277e-03 1.083836e+05 1.032211e+05 0.952368
1.436000 1.230533e-03 1.065780e+05 1.014960e+05 0.952317
1.442000 1.240833e-03 1.048097e+05 9.980676e+04 0.952266
1.448000 1.251174e-03 1.030779e+05 9.815241e+04 0.952216
1.454000 1.261559e-03 1.013817e+05 9.653211e+04 0.952165
1.460000 1.271987e-03 9.972011e+04 9.494502e+04 0.952115
1.466000 1.282457e-03 9.809237e+04 9.339034e+04 0.952065
1.472000 1.292971e-03 9.649765e+04 9.186727e+04 0.952016
1.478000 1.303527e-03 9.493515e+04 9.037504e+04 0.951966
1.484000 1.314126e-03 9.340408e+04 8.891292e+04 0.951917
1.490000 1.324768e-03 9.190370e+04 8.748017e+04 0.951868
1.496000 1.335452e-03 9.043326e+04 8.607608e+04 0.951819
1.502000 1.346180e-03 8.899206e+04 8.469999e+04 0.951770
1.508000 1.356950e-03 8.757939e+04 8.335121e+04 0.951722
1.514000 1.367764e-03 8.619459e+04 8.202910e+04 0.951673
1.520000 1.378620e-03 8.483700e+04 8.073304e+04 0.951625
1.526000 1.389519e-03 8.350597e+04 7.946240e+04 0.951577
1.532000 1.400460e-03 8.220090e+04 7.821660e+04 0.951530
1.538000 1.411445e-03 8.092116e+04 7.699505e+04 0.951482
1.544000 1.422472e-03 7.966619e+04 7.579719e+04 0.951435
1.550000 1.433543e-03 7.843539e+04 7.462248e+04 0.951388
1.556000 1.444656e-03 7.722823e+04 7.347037e+04 0.951341
1.562000 1.455812e-03 7.604415e+04 7.234035e+04 0.951294
1.568000 1.467010e-03 7.488263e+04 7.123191e+04 0.951248
1.574000 1.478252e-03 7.374315e+04 7.014457e+04 0.951201
1.580000 1.489536e-03 7.262522e+04 6.907783e+04 0.951155
1.586000 1.500864e-03 7.152834e+04 6.803124e+04 0.951109
1.592000 1.512234e-03 7.045205e+04 6.700434e+04 0.951063
1.598000 1.523646e-03 6.939588e+04 6.599669e+04 0.951017
1.604000 1.535102e-03 6.835939e+04 6.500786e+04 0.950972
1.610000 1.546601e-03 6.734213e+04 6.403742e+04 0.950927
1.616000 1.558142e-03 6.634368e+04 6.308497e+04 0.950881
1.622000 1.569726e-03 6.536363e+04 6.215011e+04 0.950836
1.628000 1.581353e-03 6.440156e+04 6.123246e+04 0.950792
1.634000 1.593023e-03 6.345709e+04 6.033163e+04 0.950747
1.640000 1.604735e-03 6.252983e+04 5.944726e+04 0.950702
1.646000 1.616491e-03 6.161940e+04 5.857898e+04 0.950658
1.652000 1.628289e-03 6.072544e+04 5.772645e+04 0.950614
1.658000 1.640130e-03 5.984760e+04 5.688933e+04 0.950570
1.664000 1.652014e-03 5.898552e+04 5.606729e+04 0.950526
1.670000 1.663940e-03 5.813888e+04 5.525999e+04 0.950483
1.676000 1.675910e-03 5.730733e+04 5.446712e+04 0.950439
1.682000 1.687922e-03 5.649056e+04 5.368839e+04 0.950396
1.688000 1.699977e-03 5.568825e+04 5.292347e+04 0.950353
1.694000 1.712075e-03 5.490010e+04 5.217209e+04 0.950310
1.700000 1.724216e-03 5.412581e+04 5.143396e+04 0.950267
1.706000 1.736399e-03 5.336509e+04 5.070879e+04 0.950224
1.712000 1.748625e-03 5.261765e+04 4.999631e+04 0.950181
1.718000 1.760895e-03 5.188322e+04 4.929627e+04 0.950139
1.724000 1.773206e-03 5.116152e+04 4.860840e+04 0.950097
1.730000 1.785561e-03 5.045230e+04 4.793244e+04 0.950055
1.736000 1.797958e-03 4.975529e+04 4.726816e+04 0.950013
1.742000 1.810399e-03 4.907025e+04 4.661531e+04 0.949971
1.748000 1.822882e-03 4.839692e+04 4.597365e+04 0.949929
1.754000 1.835407e-03 4.773507e+04 4.534296e+04 0.949888
1.760000 1.847976e-03 4.708447e+04 4.472301e+04 0.949846
1.766000 1.860587e-03 4.644488e+04 4.411359e+04 0.949805
1.772000 1.873242e-03 4.581609e+04 4.351447e+04 0.949764
1.778000 1.885939e-03 4.519787e+04 4.292546e+04 0.949723
1.784000 1.898678e-03 4.459002e+04 4.234635e+04 0.949682
1.790000 1.911461e-03 4.399232e+04 4.177694e+04 0.949642
1.796000 1.924286e-03 4.340457e+04 4.121703e+04 0.949601
1.802000 1.937154e-03 4.282658e+04 4.066645e+04 0.949561
1.808000 1.950065e-03 4.225815e+04 4.012499e+04 0.949521
1.814000 1.963019e-03 4.169910e+04 3.959248e+04 0.949481
1.820000 1.976015e-03 4.114923e+04 3.906875e+04 0.949441
1.826000 1.989054e-03 4.060837e+04 3.855362e+04 0.949401
1.832000 2.002136e-03 4.007634e+04 3.804692e+04 0.949361
1.838000 2.015261e-03 3.955297e+04 3.754849e+04 0.949322
1.844000 2.028428e-03 3.903809e+04 3.705816e+04 0.949282
1.850000 2.041638e-03 3.853154e+04 3.657579e+04 0.949243
1.856000 2.054891e-03 3.803315e+04 3.610121e+04 0.949204
1.862000 2.068187e-03 3.754277e+04 3.563427e+04 0.949165
1.868000 2.081526e-03 3.706024e+04 3.517483e+04 0.949126
1.874000 2.094907e-03 3.658542e+04 3.472275e+04 0.949087
1.880000 2.108331e-03 3.611815e+04 3.427788e+04 0.949048
1.886000 2.121798e-03 3.565830e+04 3.384008e+04 0.949010
1.892000 2.135307e-03 3.520572e+04 3.340923e+04 0.948972
1.898000 2.148860e-03 3.476027e+04 3.298518e+04 0.948933
1.904000 2.162455e-03 3.432183e+04 3.256782e+04 0.948895
1.910000 2.176093e-03 3.389025e+04 3.215701e+04 0.948857
1.916000 2.189773e-03 3.346542e+04 3.175263e+04 0.948819
1.922000 2.203497e-03 3.304720e+04 3.135457e+04 0.948782
1.928000 2.217263e-03 3.263547e+04 3.096270e+04 0.948744
1.934000 2.231071e-03 3.223011e+04 3.057691e+04 0.948706
1.940000 2.244923e-03 3.183101e+04 3.019709e+04 0.948669
1.946000 2.258817e-03 3.143804e+04 2.982313e+04 0.948632
1.952000 2.272754e-03 3.105110e+04 2.945491e+04 0.948595
1.958000 2.286734e-03 3.067008e+04 2.909233e+04 0.948557
1.964000 2.300757e-03 3.029486e+04 2.873530e+04 0.948521
1.970000 2.314822e-03 2.992535e+04 2.838370e+04 0.948484
1.976000 2.328930e-03 2.956143e+04 2.803745e+04 0.948447
1.982000 2.343081e-03 2.920300e+04 2.769644e+04 0.948411
1.988000 2.357274e-03 2.884998e+04 2.736057e+04 0.948374
1.994000 2.371510e-03 2.850225e+04 2.702976e+04 0.948338
2.000000 2.385789e-03 2.815973e+04 2.670392e+04 0.948301
2.006000 2.400111e-03 2.782232e+04 2.638295e+04 0.948265
2.012000 2.414475e-03 2.748994e+04 2.606676e+04 0.948229
2.018000 2.428882e-03 2.716248e+04 2.575529e+04 0.948193
2.024000 2.443332e-03 2.683987e+04 2.544843e+04 0.948158
2.030000 2.457825e-03 2.652201e+04 2.514610e+04 0.948122
2.036000 2.472360e-03 2.620883e+04 2.484824e+04 0.948086
2.042000 2.486938e-03 2.590025e+04 2.455475e+04 0.948051
2.048000 2.501559e-03 2.559617e+04 2.426557e+04 0.948016
2.054000 2.516222e-03 2.529653e+04 2.398061e+04 0.947980
2.060000 2.530928e-03 2.500124e+04 2.369981e+04 0.947945
2.066000 2.545677e-03 2.471023e+04 2.342309e+04 0.947910
2.072000 2.560469e-03 2.442343e+04 2.315037e+04 0.947875
2.078000 2.575303e-03 2.414077e+04 2.288160e+04 0.947841
2.084000 2.590180e-03 2.386216e+04 2.261670e+04 0.947806
2.090000 2.605099e-03 2.358755e+04 2.235560e+04 0.947771
2.096000 2.620062e-03 2.331686e+04 2.209825e+04 0.947737
2.102000 2.635067e-03 2.305003e+04 2.184457e+04 0.947702
2.108000 2.650115e-03 2.278699e+04 2.159450e+04 0.947668
2.114000 2.665205e-03 2.252768e+04 2.134799e+04 0.947634
2.120000 2.680338e-03 2.227203e+04 2.110497e+04 0.947600
2.126000 2.695514e-03 2.201998e+04 2.086538e+04 0.947566
2.132000 2.710733e-03 2.177147e+04 2.062917e+04 0.947532
2.138000 2.725994e-03 2.152645e+04 2.039627e+04 0.947498
2.144000 2.741298e-03 2.128485e+04 2.016664e+04 0.947464
2.150000 2.756645e-03 2.104662e+04 1.994021e+04 0.947431
2.156000 2.772034e-03 2.081169e+04 1.971694e+04 0.947397
2.162000 2.787466e-03 2.058002e+04 1.949677e+04 0.947364
2.168000 2.802941e-03 2.035156e+04 1.927965e+04 0.947331
2.174000 2.818458e-03 2.012624e+04 1.906553e+04 0.947297
2.180000 2.834018e-03 1.990402e+04 1.885437e+04 0.947264
2.186000 2.849621e-03 1.968484e+04 1.864610e+04 0.947231
2.192000 2.865266e-03 1.946866e+04 1.844069e+04 0.947198
2.198000 2.880954e-03 1.925543e+04 1.823808e+04 0.947165
2.204000 2.896685e-03 1.904510e+04 1.803824e+04 0.947133
2.210000 2.912458e-03 1.883762e+04 1.784111e+04 0.947100
2.216000 2.928274e-03 1.863294e+04 1.764666e+04 0.947068
2.222000 2.944133e-03 1.843103e+04 1.745483e+04 0.947035
2.228000 2.960035e-03 1.823183e+04 1.726559e+04 0.947003
2.234000 2.975979e-03 1.803530e+04 1.707890e+04 0.946970
2.240000 2.991966e-03 1.784140e+04 1.689471e+04 0.946938
2.246000 3.007995e-03 1.765009e+04 1.671298e+04 0.946906
2.252000 3.024067e-03 1.746133e+04 1.653368e+04 0.946874
2.258000 3.040182e-03 1.727507e+04 1.635677e+04 0.946842
2.264000 3.056339e-03 1.709128e+04 1.618220e+04 0.946810
2.270000 3.072539e-03 1.690992e+04 1.600995e+04 0.946779
2.276000 3.088782e-03 1.673094e+04 1.583997e+04 0.946747
2.282000 3.105067e-03 1.655431e+04 1.567223e+04 0.946716
2.288000 3.121395e-03 1.638000e+04 1.550669e+04 0.946684
2.294000 3.137766e-03 1.620797e+04 1.534332e+04 0.946653
2.300000 3.154179e-03 1.603818e+04 1.518208e+04 0.946621
2.306000 3.170635e-03 1.587059e+04 1.502295e+04 0.946590
2.312000 3.187134e-03 1.570518e+04 1.486588e+04 0.946559
2.318000 3.203675e-03 1.554191e+04 1.471085e+04 0.946528
2.324000 3.220259e-03 1.538074e+04 1.455783e+04 0.946497
2.330000 3.236885e-03 1.522165e+04 1.440678e+04 0.946466
2.336000 3.253555e-03 1.506460e+04 1.425767e+04 0.946435
2.342000 3.270266e-03 1.490957e+04 1.411048e+04 0.946405
2.348000 3.287021e-03 1.475651e+04 1.396518e+04 0.946374
2.354000 3.303818e-03 1.460540e+04 1.382172e+04 0.946344
2.360000 3.320657e-03 1.445621e+04 1.368010e+04 0.946313
2.366000 3.337540e-03 1.430891e+04 1.354027e+04 0.946283
2.372000 3.354465e-03 1.416347e+04 1.340222e+04 0.946252
2.378000 3.371432e-03 1.401987e+04 1.326591e+04 0.946222
2.384000 3.388442e-03 1.387808e+04 1.313133e+04 0.946192
2.390000 3.405495e-03 1.373806e+04 1.299843e+04 0.946162
2.396000 3.422590e-03 1.359980e+04 1.286720e+04 0.946132
2.402000 3.439728e-03 1.346326e+04 1.273762e+04 0.946102
2.408000 3.456909e-03 1.332842e+04 1.260965e+04 0.946072
2.414000 3.474132e-03 1.319526e+04 1.248328e+04 0.946043
2.420000 3.491398e-03 1.306375e+04 1.235848e+04 0.946013
2.426000 3.508707e-03 1.293387e+04 1.223522e+04 0.945983
2.432000 3.526058e-03 1.280558e+04 1.211349e+04 0.945954
2.438000 3.543451e-03 1.267888e+04 1.199326e+04 0.945924
2.444000 3.560887e-03 1.255373e+04 1.187451e+04 0.945895
2.450000 3.578366e-03 1.243011e+04 1.175722e+04 0.945866
2.456000 3.595888e-03 1.230801e+04 1.164136e+04 0.945837
2.462000 3.613452e-03 1.218739e+04 1.152692e+04 0.945807
2.468000 3.631058e-03 1.206824e+04 1.141388e+04 0.945778
2.474000 3.648708e-03 1.195053e+04 1.130220e+04 0.945749
2.480000 3.666400e-03 1.183424e+04 1.119189e+04 0.945720
2.486000 3.684134e-03 1.171936e+04 1.108290e+04 0.945692
2.492000 3.701911e-03 1.160587e+04 1.097524e+04 0.945663
2.498000 3.719731e-03 1.149373e+04 1.086887e+04 0.945634
2.504000 3.737593e-03 1.138294e+04 1.076377e+04 0.945606
2.510000 3.755497e-03 1.127348e+04 1.065994e+04 0.945577
2.516000 3.773445e-03 1.116532e+04 1.055735e+04 0.945549
2.522000 3.791435e-03 1.105844e+04 1.045598e+04 0.945520
2.528000 3.809467e-03 1.095284e+04 1.035582e+04 0.945492
2.534000 3.827542e-03 1.084849e+04 1.025685e+04 0.945464
2.540000 3.845660e-03 1.074536e+04 1.015905e+04 0.945436
2.546000 3.863820e-03 1.064346e+04 1.006241e+04 0.945407
2.552000 3.882023e-03 1.054275e+04 9.966901e+03 0.945379
2.558000 3.900268e-03 1.044323e+04 9.872519e+03 0.945351
2.564000 3.918556e-03 1.034487e+04 9.779246e+03 0.945324
2.570000 3.936886e-03 1.024766e+04 9.687064e+03 0.945296
2.576000 3.955259e-03 1.015158e+04 9.595960e+03 0.945268
2.582000 3.973675e-03 1.005661e+04 9.505917e+03 0.945240
2.588000 3.992133e-03 9.962754e+03 9.416921e+03 0.945213
2.594000 4.010634e-03 9.869980e+03 9.328958e+03 0.945185
2.600000 4.029177e-03 9.778277e+03 9.242013e+03 0.945158
2.606000 4.047763e-03 9.687630e+03 9.156072e+03 0.945130
2.612000 4.066391e-03 9.598026e+03 9.071121e+03 0.945103
2.618000 4.085062e-03 9.509448e+03 8.987147e+03 0.945076
2.624000 4.103775e-03 9.421884e+03 8.904136e+03 0.945048
2.630000 4.122531e-03 9.335320e+03 8.822075e+03 0.945021
2.636000 4.141330e-03 9.249742e+03 8.740951e+03 0.944994
2.642000 4.160171e-03 9.165136e+03 8.660752e+03 0.944967
2.648000 4.179054e-03 9.081489e+03 8.581464e+03 0.944940
2.654000 4.197980e-03 8.998789e+03 8.503075e+03 0.944913
2.660000 4.216949e-03 8.917023e+03 8.425574e+03 0.944886
2.666000 4.235960e-03 8.836177e+03 8.348947e+03 0.944860
2.672000 4.255014e-03 8.756240e+03 8.273184e+03 0.944833
2.678000 4.274110e-03 8.677199e+03 8.198273e+03 0.944806
2.684000 4.293249e-03 8.599043e+03 8.124202e+03 0.944780
2.690000 4.312430e-03 8.521759e+03 8.050960e+03 0.944753
2.696000 4.331654e-03 8.445336e+03 7.978536e+03 0.944727
2.702000 4.350920e-03 8.369763e+03 7.906919e+03 0.944701
2.708000 4.370229e-03 8.295027e+03 7.836098e+03 0.944674
2.714000 4.389580e-03 8.221119e+03 7.766063e+03 0.944648
2.720000 4.408974e-03 8.148027e+03 7.696804e+03 0.944622
2.726000 4.428410e-03 8.075740e+03 7.628309e+03 0.944596
2.732000 4.447889e-03 8.004248e+03 7.560569e+03 0.944570
2.738000 4.467410e-03 7.933540e+03 7.493575e+03 0.944544
2.744000 4.486974e-03 7.863607e+03 7.427315e+03 0.944518
2.750000 4.506581e-03 7.794437e+03 7.361781e+03 0.944492
2.756000 4.526229e-03 7.726021e+03 7.296964e+03 0.944466
2.762000 4.545921e-03 7.658349e+03 7.232853e+03 0.944440
2.768000 4.565655e-03 7.591412e+03 7.169440e+03 0.944415
2.774000 4.585431e-03 7.525200e+03 7.106715e+03 0.944389
2.780000 4.605250e-03 7.459703e+03 7.044670e+03 0.944363
2.786000 4.625111e-03 7.394913e+03 6.983295e+03 0.944338
2.792000 4.645015e-03 7.330819e+03 6.922583e+03 0.944312
2.798000 4.664961e-03 7.267414e+03 6.862524e+03 0.944287
2.804000 4.684950e-03 7.204689e+03 6.803111e+03 0.944262
2.810000 4.704981e-03 7.142634e+03 6.744334e+03 0.944236
2.816000 4.725055e-03 7.081241e+03 6.686187e+03 0.944211
2.822000 4.745171e-03 7.020502e+03 6.628659e+03 0.944186
2.828000 4.765329e-03 6.960409e+03 6.571745e+03 0.944161
2.834000 4.785530e-03 6.900953e+03 6.515436e+03 0.944136
2.840000 4.805774e-03 6.842125e+03 6.459724e+03 0.944111
2.846000 4.826060e-03 6.783919e+03 6.404602e+03 0.944086
2.852000 4.846388e-03 6.726327e+03 6.350062e+03 0.944061
2.858000 4.866759e-03 6.669340e+03 6.296098e+03 0.944036
2.864000 4.887173e-03 6.612951e+03 6.242701e+03 0.944011
2.870000 4.907629e-03 6.557152e+03 6.189864e+03 0.943987
2.876000 4.928127e-03 6.501937e+03 6.137582e+03 0.943962
2.882000 4.948668e-03 6.447298e+03 6.085845e+03 0.943937
2.888000 4.969251e-03 6.393227e+03 6.034649e+03 0.943913
2.894000 4.989877e-03 6.339718e+03 5.983986e+03 0.943888
2.900000 5.010545e-03 6.286763e+03 5.933849e+03 0.943864
2.906000 5.031255e-03 6.234357e+03 5.884232e+03 0.943840
2.912000 5.052008e-03 6.182491e+03 5.835129e+03 0.943815
2.918000 5.072804e-03 6.131160e+03 5.786533e+03 0.943791
2.924000 5.093642e-03 6.080356e+03 5.738438e+03 0.943767
2.930000 5.114522e-03 6.030074e+03 5.690837e+03 0.943743
2.936000 5.135445e-03 5.980306e+03 5.643726e+03 0.943718
2.942000 5.156410e-03 5.931048e+03 5.597097e+03 0.943694
2.948000 5.177417e-03 5.882291e+03 5.550944e+03 0.943670
2.954000 5.198467e-03 5.834031e+03 5.505263e+03 0.943646
2.960000 5.219560e-03 5.786261e+03 5.460047e+03 0.943623
2.966000 5.240695e-03 5.738976e+03 5.415290e+03 0.943599
2.972000 5.261872e-03 5.692169e+03 5.370988e+03 0.943575
2.978000 5.283092e-03 5.645834e+03 5.327134e+03 0.943551
2.984000 5.304354e-03 5.599966e+03 5.283722e+03 0.943528
2.990000 5.325658e-03 5.554560e+03 5.240749e+03 0.943504
2.996000 5.347005e-03 5.509610e+03 5.198208e+03 0.943480
3.002000 5.368394e-03 5.465110e+03 5.156095e+03 0.943457
3.008000 5.389826e-03 5.421054e+03 5.114403e+03 0.943433
3.014000 5.411300e-03 5.377439e+03 5.073129e+03 0.943410
3.020000 5.432817e-03 5.334258e+03 5.032266e+03 0.943386
3.026000 5.454376e-03 5.291506e+03 4.991811e+03 0.943363
3.032000 5.475977e-03 5.249178e+03 4.951759e+03 0.943340
3.038000 5.497621e-03 5.207269e+03 4.912103e+03 0.943317
3.044000 5.519307e-03 5.165774e+03 4.872841e+03 0.943293
3.050000 5.541035e-03 5.124689e+03 4.833967e+03 0.943270
3.056000 5.562806e-03 5.084008e+03 4.795476e+03 0.943247
3.062000 5.584619e-03 5.043726e+03 4.757365e+03 0.943224
3.068000 5.606475e-03 5.003840e+03 4.719628e+03 0.943201
3.074000 5.628373e-03 4.964344e+03 4.682262e+03 0.943178
3.080000 5.650313e-03 4.925234e+03 4.645261e+03 0.943155
3.086000 5.672296e-03 4.886505e+03 4.608622e+03 0.943133
3.092000 5.694321e-03 4.848153e+03 4.572341e+03 0.943110
3.098000 5.716389e-03 4.810173e+03 4.536413e+03 0.943087
3.104000 5.738499e-03 4.772562e+03 4.500834e+03 0.943064
3.110000 5.760651e-03 4.735315e+03 4.465600e+03 0.943042
3.116000 5.782846e-03 4.698427e+03 4.430707e+03 0.943019
3.122000 5.805082e-03 4.661894e+03 4.396151e+03 0.942997
3.128000 5.827362e-03 4.625714e+03 4.361928e+03 0.942974
3.134000 5.849683e-03 4.589880e+03 4.328035e+03 0.942952
3.140000 5.872047e-03 4.554390e+03 4.294468e+03 0.942929
3.146000 5.894454e-03 4.519240e+03 4.261223e+03 0.942907
3.152000 5.916902e-03 4.484425e+03 4.228295e+03 0.942885
3.158000 5.939394e-03 4.449942e+03 4.195683e+03 0.942862
3.164000 5.961927e-03 4.415787e+03 4.163381e+03 0.942840
3.170000 5.984503e-03 4.381956e+03 4.131387e+03 0.942818
3.176000 6.007121e-03 4.348446e+03 4.099697e+03 0.942796
3.182000 6.029781e-03 4.315253e+03 4.068307e+03 0.942774
3.188000 6.052484e-03 4.282373e+03 4.037215e+03 0.942752
3.194000 6.075229e-03 4.249803e+03 4.006416e+03 0.942730
3.200000 6.098016e-03 4.217540e+03 3.975908e+03 0.942708
3.206000 6.120846e-03 4.185579e+03 3.945687e+03 0.942686
3.212000 6.143718e-03 4.153918e+03 3.915750e+03 0.942664
3.218000 6.166632e-03 4.122553e+03 3.886093e+03 0.942642
3.224000 6.189589e-03 4.091482e+03 3.856715e+03 0.942621
3.230000 6.212588e-03 4.060699e+03 3.827611e+03 0.942599
3.236000 6.235629e-03 4.030203e+03 3.798778e+03 0.942577
3.242000 6.258713e-03 3.999991e+03 3.770214e+03 0.942556
3.248000 6.281839e-03 3.970058e+03 3.741915e+03 0.942534
3.254000 6.305007e-03 3.940403e+03 3.713879e+03 0.942512
3.260000 6.328218e-03 3.911021e+03 3.686102e+03 0.942491
3.266000 6.351470e-03 3.881910e+03 3.658582e+03 0.942470
3.272000 6.374766e-03 3.853067e+03 3.631316e+03 0.942448
3.278000 6.398103e-03 3.824489e+03 3.604301e+03 0.942427
3.284000 6.421483e-03 3.796174e+03 3.577535e+03 0.942405
3.290000 6.444905e-03 3.768117e+03 3.551014e+03 0.942384
3.296000 6.468369e-03 3.740317e+03 3.524736e+03 0.942363
3.302000 6.491876e-03 3.712770e+03 3.498698e+03 0.942342
3.308000 6.515424e-03 3.685474e+03 3.472898e+03 0.942321
3.314000 6.539016e-03 3.658426e+03 3.447333e+03 0.942299
3.320000 6.562649e-03 3.631624e+03 3.422001e+03 0.942278
3.326000 6.586325e-03 3.605064e+03 3.396898e+03 0.942257
3.332000 6.610043e-03 3.578744e+03 3.372023e+03 0.942236
3.338000 6.633803e-03 3.552662e+03 3.347374e+03 0.942216
3.344000 6.657605e-03 3.526815e+03 3.322946e+03 0.942195
3.350000 6.681450e-03 3.501201e+03 3.298739e+03 0.942174
3.356000 6.705337e-03 3.475816e+03 3.274750e+03 0.942153
3.362000 6.729266e-03 3.450659e+03 3.250976e+03 0.942132
3.368000 6.753238e-03 3.425726e+03 3.227416e+03 0.942111
3.374000 6.777252e-03 3.401017e+03 3.204066e+03 0.942091
3.380000 6.801308e-03 3.376527e+03 3.180925e+03 0.942070
3.386000 6.825406e-03 3.352256e+03 3.157991e+03 0.942050
3.392000 6.849546e-03 3.328200e+03 3.135261e+03 0.942029
3.398000 6.873729e-03 3.304357e+03 3.112733e+03 0.942008
3.404000 6.897954e-03 3.280726e+03 3.090404e+03 0.941988
3.410000 6.922221e-03 3.257303e+03 3.068274e+03 0.941968
3.416000 6.946531e-03 3.234087e+03 3.046339e+03 0.941947
3.422000 6.970883e-03 3.211076e+03 3.024598e+03 0.941927
3.428000 6.995277e-03 3.188266e+03 3.003049e+03 0.941906
3.434000 7.019713e-03 3.165657e+03 2.981689e+03 0.941886
3.440000 7.044191e-03 3.143246e+03 2.960517e+03 0.941866
3.446000 7.068712e-03 3.121031e+03 2.939530e+03 0.941846
3.452000 7.093275e-03 3.099010e+03 2.918727e+03 0.941826
3.458000 7.117880e-03 3.077181e+03 2.898106e+03 0.941805
3.464000 7.142527e-03 3.055542e+03 2.877665e+03 0.941785
3.470000 7.167216e-03 3.034091e+03 2.857401e+03 0.941765
3.476000 7.191948e-03 3.012826e+03 2.837314e+03 0.941745
3.482000 7.216722e-03 2.991745e+03 2.817402e+03 0.941725
3.488000 7.241538e-03 2.970846e+03 2.797661e+03 0.941705
3.494000 7.266396e-03 2.950127e+03 2.778092e+03 0.941685
3.500000 7.291297e-03 2.929587e+03 2.758692e+03 0.941666
3.506000 7.316240e-03 2.909224e+03 2.739458e+03 0.941646
3.512000 7.341225e-03 2.889035e+03 2.720391e+03 0.941626
3.518000 7.366252e-03 2.869019e+03 2.701487e+03 0.941606
3.524000 7.391321e-03 2.849175e+03 2.682745e+03 0.941587
3.530000 7.416432e-03 2.829500e+03 2.664164e+03 0.941567
3.536000 7.441586e-03 2.809993e+03 2.645741e+03 0.941547
3.542000 7.466782e-03 2.790652e+03 2.627476e+03 0.941528
3.548000 7.492020e-03 2.771475e+03 2.609367e+03 0.941508
3.554000 7.517300e-03 2.752461e+03 2.591411e+03 0.941489
3.560000 7.542622e-03 2.733609e+03 2.573608e+03 0.941469
3.566000 7.567987e-03 2.714915e+03 2.555956e+03 0.941450
3.572000 7.593393e-03 2.696379e+03 2.538453e+03 0.941430
3.578000 7.618842e-03 2.678000e+03 2.521099e+03 0.941411
3.584000 7.644333e-03 2.659775e+03 2.503890e+03 0.941392
3.590000 7.669866e-03 2.641704e+03 2.486827e+03 0.941372
3.596000 7.695442e-03 2.623784e+03 2.469907e+03 0.941353
3.602000 7.721059e-03 2.606014e+03 2.453129e+03 0.941334
3.608000 7.746719e-03 2.588392e+03 2.436492e+03 0.941315
3.614000 7.772421e-03 2.570918e+03 2.419994e+03 0.941296
3.620000 7.798164e-03 2.553589e+03 2.403634e+03 0.941276
3.626000 7.823950e-03 2.536405e+03 2.387410e+03 0.941257
3.632000 7.849779e-03 2.519363e+03 2.371321e+03 0.941238
3.638000 7.875649e-03 2.502463e+03 2.355366e+03 0.941219
3.644000 7.901561e-03 2.485702e+03 2.339544e+03 0.941200
3.650000 7.927516e-03 2.469080e+03 2.323852e+03 0.941181
3.656000 7.953513e-03 2.452595e+03 2.308291e+03 0.941163
3.662000 7.979551e-03 2.436246e+03 2.292858e+03 0.941144
3.668000 8.005632e-03 2.420032e+03 2.277552e+03 0.941125
3.674000 8.031755e-03 2.403950e+03 2.262372e+03 0.941106
3.680000 8.057921e-03 2.388001e+03 2.247317e+03 0.941087
3.686000 8.084128e-03 2.372182e+03 2.232386e+03 0.941069
3.692000 8.110377e-03 2.356492e+03 2.217577e+03 0.941050
3.698000 8.136669e-03 2.340931e+03 2.202889e+03 0.941031
3.704000 8.163002e-03 2.325496e+03 2.188321e+03 0.941013
3.710000 8.189378e-03 2.310187e+03 2.173872e+03 0.940994
3.716000 8.215796e-03 2.295002e+03 2.159540e+03 0.940975
3.722000 8.242256e-03 2.279940e+03 2.145325e+03 0.940957
3.728000 8.268758e-03 2.265000e+03 2.131226e+03 0.940938
3.734000 8.295302e-03 2.250181e+03 2.117241e+03 0.940920
3.740000 8.321888e-03 2.235482e+03 2.103368e+03 0.940902
3.746000 8.348516e-03 2.220901e+03 2.089608e+03 0.940883
3.752000 8.375187e-03 2.206437e+03 2.075959e+03 0.940865
3.758000 8.401899e-03 2.192090e+03 2.062420e+03 0.940847
3.764000 8.428654e-03 2.177857e+03 2.048990e+03 0.940828
3.770000 8.455450e-03 2.163739e+03 2.035667e+03 0.940810
3.776000 8.482289e-03 2.149733e+03 2.022451e+03 0.940792
3.782000 8.509169e-03 2.135839e+03 2.009341e+03 0.940774
3.788000 8.536092e-03 2.122056e+03 1.996336e+03 0.940755
3.794000 8.563057e-03 2.108383e+03 1.983435e+03 0.940737
3.800000 8.590064e-03 2.094818e+03 1.970636e+03 0.940719
3.806000 8.617113e-03 2.081361e+03 1.957939e+03 0.940701
3.812000 8.644204e-03 2.068011e+03 1.945343e+03 0.940683
3.818000 8.671337e-03 2.054766e+03 1.932847e+03 0.940665
3.824000 8.698512e-03 2.041625e+03 1.920449e+03 0.940647
3.830000 8.725729e-03 2.028589e+03 1.908150e+03 0.940629
3.836000 8.752988e-03 2.015655e+03 1.895948e+03 0.940611
3.842000 8.780290e-03 2.002822e+03 1.883842e+03 0.940594
3.848000 8.807633e-03 1.990091e+03 1.871831e+03 0.940576
3.854000 8.835018e-03 1.977459e+03 1.859915e+03 0.940558
3.860000 8.862445e-03 1.964926e+03 1.848092e+03 0.940540
3.866000 8.889915e-03 1.952491e+03 1.836361e+03 0.940523
3.872000 8.917426e-03 1.940152e+03 1.824723e+03 0.940505
3.878000 8.944979e-03 1.927910e+03 1.813175e+03 0.940487
3.884000 8.972575e-03 1.915764e+03 1.801717e+03 0.940470
3.890000 9.000212e-03 1.903711e+03 1.790349e+03 0.940452
3.896000 9.027892e-03 1.891752e+03 1.779069e+03 0.940434
3.902000 9.055613e-03 1.879886e+03 1.767876e+03 0.940417
3.908000 9.083376e-03 1.868111e+03 1.756770e+03 0.940399
3.914000 9.111182e-03 1.856427e+03 1.745750e+03 0.940382
3.920000 9.139029e-03 1.844834e+03 1.734816e+03 0.940364
3.926000 9.166919e-03 1.833329e+03 1.723965e+03 0.940347
3.932000 9.194850e-03 1.821913e+03 1.713199e+03 0.940330
3.938000 9.222824e-03 1.810584e+03 1.702515e+03 0.940312
3.944000 9.250839e-03 1.799343e+03 1.691913e+03 0.940295
3.950000 9.278896e-03 1.788187e+03 1.681392e+03 0.940278
3.956000 9.306996e-03 1.777116e+03 1.670952e+03 0.940260
3.962000 9.335137e-03 1.766130e+03 1.660592e+03 0.940243
3.968000 9.363320e-03 1.755228e+03 1.650311e+03 0.940226
3.974000 9.391546e-03 1.744409e+03 1.640108e+03 0.940209
3.980000 9.419813e-03 1.733671e+03 1.629983e+03 0.940192
3.986000 9.448122e-03 1.723015e+03 1.619935e+03 0.940175
3.992000 9.476473e-03 1.712440e+03 1.609963e+03 0.940157
3.998000 9.504866e-03 1.701945e+03 1.600067e+03 0.940140
4.004000 9.533301e-03 1.691529e+03 1.590246e+03 0.940123
4.010000 9.561778e-03 1.681191e+03 1.580499e+03 0.940106
4.016000 9.590297e-03 1.670932e+03 1.570825e+03 0.940089
4.022000 9.618858e-03 1.660749e+03 1.561225e+03 0.940072
4.028000 9.647461e-03 1.650643e+03 1.551696e+03 0.940056
4.034000 9.676106e-03 1.640613e+03 1.542239e+03 0.940039
4.040000 9.704793e-03 1.630657e+03 1.532853e+03 0.940022
4.046000 9.733522e-03 1.620776e+03 1.523538e+03 0.940005
4.052000 9.762292e-03 1.610969e+03 1.514292e+03 0.939988
4.058000 9.791105e-03 1.601235e+03 1.505115e+03 0.939971
4.064000 9.819959e-03 1.591573e+03 1.496007e+03 0.939955
4.070000 9.848856e-03 1.581983e+03 1.486966e+03 0.939938
4.076000 9.877794e-03 1.572464e+03 1.477993e+03 0.939921
4.082000 9.906774e-03 1.563016e+03 1.469086e+03 0.939905
4.088000 9.935796e-03 1.553638e+03 1.460246e+03 0.939888
4.094000 9.964860e-03 1.544329e+03 1.451471e+03 0.939872
4.100000 9.993966e-03 1.535088e+03 1.442760e+03 0.939855
4.106000 1.002311e-02 1.525916e+03 1.434115e+03 0.939838
4.112000 1.005230e-02 1.516811e+03 1.425532e+03 0.939822
4.118000 1.008154e-02 1.507773e+03 1.417013e+03 0.939805
4.124000 1.011081e-02 1.498801e+03 1.408557e+03 0.939789
4.130000 1.014012e-02 1.489895e+03 1.400163e+03 0.939773
4.136000 1.016948e-02 1.481054e+03 1.391830e+03 0.939756
4.142000 1.019888e-02 1.472278e+03 1.383558e+03 0.939740
4.148000 1.022832e-02 1.463566e+03 1.375347e+03 0.939724
4.154000 1.025781e-02 1.454917e+03 1.367196e+03 0.939707
4.160000 1.028733e-02 1.446331e+03 1.359104e+03 0.939691
4.166000 1.031690e-02 1.437807e+03 1.351071e+03 0.939675
4.172000 1.034651e-02 1.429346e+03 1.343097e+03 0.939658
4.178000 1.037616e-02 1.420945e+03 1.335180e+03 0.939642
4.184000 1.040585e-02 1.412605e+03 1.327321e+03 0.939626
4.190000 1.043558e-02 1.404326e+03 1.319519e+03 0.939610
4.196000 1.046536e-02 1.396106e+03 1.311773e+03 0.939594
4.202000 1.049518e-02 1.387946e+03 1.304083e+03 0.939578
4.208000 1.052504e-02 1.379844e+03 1.296448e+03 0.939562
4.214000 1.055494e-02 1.371800e+03 1.288869e+03 0.939546
4.220000 1.058488e-02 1.363814e+03 1.281344e+03 0.939530
4.226000 1.061487e-02 1.355885e+03 1.273872e+03 0.939514
4.232000 1.064489e-02 1.348013e+03 1.266455e+03 0.939498
4.238000 1.067496e-02 1.340197e+03 1.259091e+03 0.939482
4.244000 1.070507e-02 1.332437e+03 1.251779e+03 0.939466
4.250000 1.073523e-02 1.324732e+03 1.244519e+03 0.939450
4.256000 1.076542e-02 1.317082e+03 1.237312e+03 0.939434
4.262000 1.079566e-02 1.309486e+03 1.230155e+03 0.939418
4.268000 1.082593e-02 1.301944e+03 1.223050e+03 0.939403
4.274000 1.085625e-02 1.294455e+03 1.215994e+03 0.939387
4.280000 1.088662e-02 1.287020e+03 1.208989e+03 0.939371
4.286000 1.091702e-02 1.279637e+03 1.202034e+03 0.939355
4.292000 1.094747e-02 1.272306e+03 1.195128e+03 0.939340
4.298000 1.097795e-02 1.265027e+03 1.188270e+03 0.939324
4.304000 1.100848e-02 1.257799e+03 1.181461e+03 0.939308
4.310000 1.103905e-02 1.250622e+03 1.174700e+03 0.939293
4.316000 1.106966e-02 1.243495e+03 1.167986e+03 0.939277
4.322000 1.110032e-02 1.236418e+03 1.161320e+03 0.939262
4.328000 1.113101e-02 1.229390e+03 1.154700e+03 0.939246
4.334000 1.116175e-02 1.222412e+03 1.148127e+03 0.939231
4.340000 1.119253e-02 1.215482e+03 1.141599e+03 0.939215
4.346000 1.122335e-02 1.208601e+03 1.135117e+03 0.939200
4.352000 1.125422e-02 1.201767e+03 1.128681e+03 0.939184
4.358000 1.128512e-02 1.194981e+03 1.122289e+03 0.939169
4.364000 1.131607e-02 1.188242e+03 1.115942e+03 0.939153
4.370000 1.134706e-02 1.181550e+03 1.109639e+03 0.939138
4.376000 1.137809e-02 1.174904e+03 1.103380e+03 0.939123
4.382000 1.140916e-02 1.168305e+03 1.097164e+03 0.939107
4.388000 1.144027e-02 1.161750e+03 1.090991e+03 0.939092
4.394000 1.147143e-02 1.155241e+03 1.084860e+03 0.939077
4.400000 1.150263e-02 1.148777e+03 1.078772e+03 0.939062
4.406000 1.153386e-02 1.142357e+03 1.072726e+03 0.939047
4.412000 1.156515e-02 1.135981e+03 1.066722e+03 0.939031
4.418000 1.159647e-02 1.129649e+03 1.060759e+03 0.939016
4.424000 1.162783e-02 1.123360e+03 1.054837e+03 0.939001
4.430000 1.165924e-02 1.117115e+03 1.048955e+03 0.938986
4.436000 1.169069e-02 1.110912e+03 1.043114e+03 0.938971
4.442000 1.172217e-02 1.104751e+03 1.037312e+03 0.938956
4.448000 1.175371e-02 1.098632e+03 1.031551e+03 0.938941
4.454000 1.178528e-02 1.092555e+03 1.025828e+03 0.938926
4.460000 1.181689e-02 1.086519e+03 1.020145e+03 0.938911
4.466000 1.184855e-02 1.080525e+03 1.014500e+03 0.938896
4.472000 1.188025e-02 1.074570e+03 1.008894e+03 0.938881
4.478000 1.191199e-02 1.068656e+03 1.003325e+03 0.938866
4.484000 1.194377e-02 1.062783e+03 9.977946e+02 0.938851
4.490000 1.197559e-02 1.056948e+03 9.923014e+02 0.938836
4.496000 1.200746e-02 1.051153e+03 9.868453e+02 0.938821
4.502000 1.203936e-02 1.045397e+03 9.814261e+02 0.938807
4.508000 1.207131e-02 1.039680e+03 9.760434e+02 0.938792
4.514000 1.210330e-02 1.034002e+03 9.706969e+02 0.938777
4.520000 1.213533e-02 1.028361e+03 9.653864e+02 0.938762
4.526000 1.216740e-02 1.022758e+03 9.601115e+02 0.938748
4.532000 1.219952e-02 1.017192e+03 9.548720e+02 0.938733
4.538000 1.223168e-02 1.011664e+03 9.496676e+02 0.938718
4.544000 1.226387e-02 1.006173e+03 9.444980e+02 0.938704
4.550000 1.229611e-02 1.000718e+03 9.393630e+02 0.938689
4.556000 1.232839e-02 9.952996e+02 9.342622e+02 0.938674
4.562000 1.236072e-02 9.899172e+02 9.291954e+02 0.938660
4.568000 1.239308e-02 9.845705e+02 9.241624e+02 0.938645
4.574000 1.242549e-02 9.792593e+02 9.191628e+02 0.938631
4.580000 1.245794e-02 9.739832e+02 9.141964e+02 0.938616
4.586000 1.249043e-02 9.687420e+02 9.092629e+02 0.938602
4.592000 1.252296e-02 9.635354e+02 9.043620e+02 0.938587
4.598000 1.255553e-02 9.583632e+02 8.994936e+02 0.938573
4.604000 1.258815e-02 9.532251e+02 8.946574e+02 0.938558
4.610000 1.262080e-02 9.481208e+02 8.898530e+02 0.938544
4.616000 1.265350e-02 9.430500e+02 8.850803e+02 0.938530
4.622000 1.268624e-02 9.380125e+02 8.803390e+02 0.938515
4.628000 1.271902e-02 9.330080e+02 8.756289e+02 0.938501
4.634000 1.275184e-02 9.280363e+02 8.709496e+02 0.938487
4.640000 1.278471e-02 9.230971e+02 8.663011e+02 0.938472
4.646000 1.281761e-02 9.181902e+02 8.616830e+02 0.938458
4.652000 1.285056e-02 9.133152e+02 8.570950e+02 0.938444
4.658000 1.288355e-02 9.084720e+02 8.525371e+02 0.938430
4.664000 1.291658e-02 9.036604e+02 8.480088e+02 0.938415
4.670000 1.294965e-02 8.988800e+02 8.435101e+02 0.938401
4.676000 1.298277e-02 8.941306e+02 8.390406e+02 0.938387
4.682000 1.301592e-02 8.894120e+02 8.346002e+02 0.938373
4.688000 1.304912e-02 8.847239e+02 8.301886e+02 0.938359
4.694000 1.308236e-02 8.800662e+02 8.258056e+02 0.938345
4.700000 1.311564e-02 8.754385e+02 8.214509e+02 0.938331
4.706000 1.314896e-02 8.708407e+02 8.171244e+02 0.938317
4.712000 1.318232e-02 8.662725e+02 8.128259e+02 0.938303
4.718000 1.321573e-02 8.617337e+02 8.085550e+02 0.938289
4.724000 1.324917e-02 8.572241e+02 8.043117e+02 0.938275
4.730000 1.328266e-02 8.527434e+02 8.000957e+02 0.938261
4.736000 1.331619e-02 8.482915e+02 7.959068e+02 0.938247
4.742000 1.334976e-02 8.438680e+02 7.917448e+02 0.938233
4.748000 1.338337e-02 8.394728e+02 7.876094e+02 0.938219
4.754000 1.341703e-02 8.351057e+02 7.835005e+02 0.938205
4.760000 1.345072e-02 8.307665e+02 7.794179e+02 0.938191
4.766000 1.348446e-02 8.264548e+02 7.753614e+02 0.938178
4.772000 1.351824e-02 8.221707e+02 7.713307e+02 0.938164
4.778000 1.355206e-02 8.179137e+02 7.673258e+02 0.938150
4.784000 1.358592e-02 8.136838e+02 7.633463e+02 0.938136
4.790000 1.361982e-02 8.094807e+02 7.593921e+02 0.938122
4.796000 1.365377e-02 8.053042e+02 7.554630e+02 0.938109
4.802000 1.368775e-02 8.011542e+02 7.515588e+02 0.938095
4.808000 1.372178e-02 7.970303e+02 7.476793e+02 0.938081
4.814000 1.375585e-02 7.929325e+02 7.438244e+02 0.938068
4.820000 1.378996e-02 7.888605e+02 7.399938e+02 0.938054
4.826000 1.382411e-02 7.848141e+02 7.361874e+02 0.938041
4.832000 1.385831e-02 7.807931e+02 7.324050e+02 0.938027
4.838000 1.389254e-02 7.767974e+02 7.286464e+02 0.938013
4.844000 1.392682e-02 7.728268e+02 7.249114e+02 0.938000
4.850000 1.396114e-02 7.688811e+02 7.211999e+02 0.937986
4.856000 1.399550e-02 7.649600e+02 7.175117e+02 0.937973
4.862000 1.402990e-02 7.610634e+02 7.138465e+02 0.937959
4.868000 1.406434e-02 7.571912e+02 7.102043e+02 0.937946
4.874000 1.409883e-02 7.533430e+02 7.065849e+02 0.937932
4.880000 1.413335e-02 7.495189e+02 7.029880e+02 0.937919
4.886000 1.416792e-02 7.457185e+02 6.994136e+02 0.937906
4.892000 1.420253e-02 7.419418e+02 6.958614e+02 0.937892
4.898000 1.423718e-02 7.381884e+02 6.923314e+02 0.937879
4.904000 1.427187e-02 7.344584e+02 6.888232e+02 0.937866
4.910000 1.430660e-02 7.307514e+02 6.853368e+02 0.937852
4.916000 1.434138e-02 7.270673e+02 6.818721e+02 0.937839
4.922000 1.437619e-02 7.234060e+02 6.784287e+02 0.937826
4.928000 1.441105e-02 7.197673e+02 6.750067e+02 0.937812
4.934000 1.444595e-02 7.161510e+02 6.716058e+02 0.937799
4.940000 1.448089e-02 7.125570e+02 6.682259e+02 0.937786
4.946000 1.451587e-02 7.089850e+02 6.648668e+02 0.937773
4.952000 1.455089e-02 7.054350e+02 6.615284e+02 0.937760
4.958000 1.458595e-02 7.019067e+02 6.582105e+02 0.937746
4.964000 1.462106e-02 6.984000e+02 6.549130e+02 0.937733
4.970000 1.465621e-02 6.949148e+02 6.516356e+02 0.937720
4.976000 1.469140e-02 6.914509e+02 6.483784e+02 0.937707
4.982000 1.472663e-02 6.880081e+02 6.451411e+02 0.937694
4.988000 1.476190e-02 6.845864e+02 6.419236e+02 0.937681
4.994000 1.479721e-02 6.811854e+02 6.387257e+02 0.937668
5.000000 1.483256e-02 6.778052e+02 6.355473e+02 0.937655
5.006000 1.486796e-02 6.744454e+02 6.323883e+02 0.937642
5.012000 1.490340e-02 6.711061e+02 6.292485e+02 0.937629
5.018000 1.493887e-02 6.677870e+02 6.261277e+02 0.937616
5.024000 1.497439e-02 6.644880e+02 6.230259e+02 0.937603
5.030000 1.500995e-02 6.612089e+02 6.199430e+02 0.937590
5.036000 1.504556e-02 6.579497e+02 6.168786e+02 0.937577
5.042000 1.508120e-02 6.547101e+02 6.138328e+02 0.937564
5.048000 1.511689e-02 6.514901e+02 6.108054e+02 0.937551
5.054000 1.515261e-02 6.482894e+02 6.077963e+02 0.937539
5.060000 1.518838e-02 6.451079e+02 6.048053e+02 0.937526
5.066000 1.522419e-02 6.419456e+02 6.018323e+02 0.937513
5.072000 1.526004e-02 6.388022e+02 5.988772e+02 0.937500
5.078000 1.529593e-02 6.356777e+02 5.959399e+02 0.937487
5.084000 1.533186e-02 6.325719e+02 5.930201e+02 0.937475
5.090000 1.536784e-02 6.294846e+02 5.901179e+02 0.937462
5.096000 1.540385e-02 6.264158e+02 5.872330e+02 0.937449
5.102000 1.543991e-02 6.233653e+02 5.843654e+02 0.937437
5.108000 1.547601e-02 6.203329e+02 5.815149e+02 0.937424
5.114000 1.551215e-02 6.173186e+02 5.786814e+02 0.937411
5.120000 1.554833e-02 6.143222e+02 5.758648e+02 0.937399
5.126000 1.558455e-02 6.113436e+02 5.730650e+02 0.937386
5.132000 1.562082e-02 6.083827e+02 5.702818e+02 0.937373
5.138000 1.565712e-02 6.054393e+02 5.675151e+02 0.937361
5.144000 1.569347e-02 6.025134e+02 5.647648e+02 0.937348
5.150000 1.572985e-02 5.996047e+02 5.620309e+02 0.937336
5.156000 1.576628e-02 5.967132e+02 5.593131e+02 0.937323
5.162000 1.580275e-02 5.938387e+02 5.566114e+02 0.937311
5.168000 1.583926e-02 5.909812e+02 5.539256e+02 0.937298
5.174000 1.587582e-02 5.881405e+02 5.512557e+02 0.937286
5.180000 1.591241e-02 5.853165e+02 5.486015e+02 0.937273
5.186000 1.594905e-02 5.825091e+02 5.459630e+02 0.937261
5.192000 1.598572e-02 5.797181e+02 5.433399e+02 0.937248
5.198000 1.602244e-02 5.769435e+02 5.407323e+02 0.937236
5.204000 1.605920e-02 5.741852e+02 5.381399e+02 0.937224
5.210000 1.609600e-02 5.714429e+02 5.355628e+02 0.937211
5.216000 1.613284e-02 5.687167e+02 5.330007e+02 0.937199
5.222000 1.616972e-02 5.660063e+02 5.304536e+02 0.937187
5.228000 1.620665e-02 5.633118e+02 5.279214e+02 0.937174
5.234000 1.624361e-02 5.606329e+02 5.254039e+02 0.937162
5.240000 1.628062e-02 5.579696e+02 5.229011e+02 0.937150
5.246000 1.631767e-02 5.553218e+02 5.204129e+02 0.937138
5.252000 1.635475e-02 5.526893e+02 5.179392e+02 0.937125
5.258000 1.639188e-02 5.500721e+02 5.154798e+02 0.937113
5.264000 1.642906e-02 5.474700e+02 5.130347e+02 0.937101
5.270000 1.646627e-02 5.448830e+02 5.106037e+02 0.937089
5.276000 1.650352e-02 5.423109e+02 5.081869e+02 0.937077
5.282000 1.654082e-02 5.397536e+02 5.057840e+02 0.937064
5.288000 1.657815e-02 5.372111e+02 5.033949e+02 0.937052
5.294000 1.661553e-02 5.346832e+02 5.010197e+02 0.937040
5.300000 1.665295e-02 5.321699e+02 4.986582e+02 0.937028
5.306000 1.669041e-02 5.296710e+02 4.963102e+02 0.937016
5.312000 1.672791e-02 5.271864e+02 4.939758e+02 0.937004
5.318000 1.676545e-02 5.247160e+02 4.916547e+02 0.936992
5.324000 1.680303e-02 5.222598e+02 4.893470e+02 0.936980
5.330000 1.684066e-02 5.198177e+02 4.870525e+02 0.936968
5.336000 1.687832e-02 5.173895e+02 4.847712e+02 0.936956
5.342000 1.691603e-02 5.149751e+02 4.825029e+02 0.936944
5.348000 1.695378e-02 5.125745e+02 4.802475e+02 0.936932
5.354000 1.699157e-02 5.101876e+02 4.780050e+02 0.936920
5.360000 1.702940e-02 5.078142e+02 4.757754e+02 0.936908
5.366000 1.706727e-02 5.054544e+02 4.735584e+02 0.936896
5.372000 1.710518e-02 5.031079e+02 4.713540e+02 0.936884
5.378000 1.714314e-02 5.007747e+02 4.691621e+02 0.936873
5.384000 1.718113e-02 4.984548e+02 4.669827e+02 0.936861
5.390000 1.721917e-02 4.961479e+02 4.648157e+02 0.936849
5.396000 1.725724e-02 4.938541e+02 4.626609e+02 0.936837
5.402000 1.729536e-02 4.915733e+02 4.605183e+02 0.936825
5.408000 1.733352e-02 4.893053e+02 4.583879e+02 0.936814
5.414000 1.737172e-02 4.870501e+02 4.562694e+02 0.936802
5.420000 1.740996e-02 4.848076e+02 4.541629e+02 0.936790
5.426000 1.744824e-02 4.825777e+02 4.520683e+02 0.936778
5.432000 1.748657e-02 4.803603e+02 4.499855e+02 0.936767
5.438000 1.752493e-02 4.781553e+02 4.479144e+02 0.936755
5.444000 1.756334e-02 4.759627e+02 4.458549e+02 0.936743
5.450000 1.760179e-02 4.737824e+02 4.438069e+02 0.936732
5.456000 1.764027e-02 4.716142e+02 4.417705e+02 0.936720
5.462000 1.767880e-02 4.694582e+02 4.397454e+02 0.936708
5.468000 1.771737e-02 4.673142e+02 4.377317e+02 0.936697
5.474000 1.775599e-02 4.651821e+02 4.357292e+02 0.936685
5.480000 1.779464e-02 4.630620e+02 4.337379e+02 0.936674
5.486000 1.783333e-02 4.609536e+02 4.317577e+02 0.936662
5.492000 1.787207e-02 4.588569e+02 4.297885e+02 0.936651
5.498000 1.791084e-02 4.567718e+02 4.278303e+02 0.936639
5.504000 1.794966e-02 4.546984e+02 4.258830e+02 0.936628
5.510000 1.798852e-02 4.526364e+02 4.239465e+02 0.936616
5.516000 1.802741e-02 4.505858e+02 4.220207e+02 0.936605
5.522000 1.806635e-02 4.485465e+02 4.201056e+02 0.936593
5.528000 1.810533e-02 4.465185e+02 4.182011e+02 0.936582
5.534000 1.814436e-02 4.445017e+02 4.163071e+02 0.936570
5.540000 1.818342e-02 4.424960e+02 4.144236e+02 0.936559
5.546000 1.822252e-02 4.405014e+02 4.125504e+02 0.936547
5.552000 1.826167e-02 4.385177e+02 4.106876e+02 0.936536
5.558000 1.830085e-02 4.365449e+02 4.088351e+02 0.936525
5.564000 1.834008e-02 4.345829e+02 4.069927e+02 0.936513
5.570000 1.837935e-02 4.326317e+02 4.051604e+02 0.936502
5.576000 1.841866e-02 4.306912e+02 4.033383e+02 0.936491
5.582000 1.845801e-02 4.287612e+02 4.015261e+02 0.936479
5.588000 1.849740e-02 4.268419e+02 3.997238e+02 0.936468
5.594000 1.853683e-02 4.249330e+02 3.979314e+02 0.936457
5.600000 1.857630e-02 4.230345e+02 3.961488e+02 0.936446
5.606000 1.861582e-02 4.211463e+02 3.943759e+02 0.936434
5.612000 1.865537e-02 4.192685e+02 3.926127e+02 0.936423
5.618000 1.869497e-02 4.174008e+02 3.908591e+02 0.936412
5.624000 1.873461e-02 4.155433e+02 3.891151e+02 0.936401
5.630000 1.877428e-02 4.136958e+02 3.873805e+02 0.936390
5.636000 1.881400e-02 4.118584e+02 3.856554e+02 0.936378
5.642000 1.885376e-02 4.100309e+02 3.839396e+02 0.936367
5.648000 1.889356e-02 4.082133e+02 3.822331e+02 0.936356
5.654000 1.893340e-02 4.064056e+02 3.805359e+02 0.936345
5.660000 1.897329e-02 4.046075e+02 3.788478e+02 0.936334
5.666000 1.901321e-02 4.028192e+02 3.771689e+02 0.936323
5.672000 1.905317e-02 4.010405e+02 3.754990e+02 0.936312
5.678000 1.909318e-02 3.992714e+02 3.738382e+02 0.936301
5.684000 1.913323e-02 3.975118e+02 3.721863e+02 0.936290
5.690000 1.917331e-02 3.957616e+02 3.705432e+02 0.936279
5.696000 1.921344e-02 3.940209e+02 3.689091e+02 0.936268
5.702000 1.925361e-02 3.922894e+02 3.672837e+02 0.936257
5.708000 1.929382e-02 3.905673e+02 3.656670e+02 0.936246
5.714000 1.933407e-02 3.888543e+02 3.640590e+02 0.936235
5.720000 1.937436e-02 3.871505e+02 3.624596e+02 0.936224
5.726000 1.941470e-02 3.854558e+02 3.608688e+02 0.936213
5.732000 1.945507e-02 3.837701e+02 3.592864e+02 0.936202
5.738000 1.949548e-02 3.820934e+02 3.577125e+02 0.936191
5.744000 1.953594e-02 3.804256e+02 3.561471e+02 0.936180
5.750000 1.957644e-02 3.787667e+02 3.545899e+02 0.936170
5.756000 1.961697e-02 3.771167e+02 3.530411e+02 0.936159
5.762000 1.965755e-02 3.754753e+02 3.515004e+02 0.936148
5.768000 1.969817e-02 3.738427e+02 3.499680e+02 0.936137
5.774000 1.973883e-02 3.722187e+02 3.484437e+02 0.936126
5.780000 1.977953e-02 3.706033e+02 3.469275e+02 0.936116
5.786000 1.982027e-02 3.689964e+02 3.454193e+02 0.936105
5.792000 1.986105e-02 3.673980e+02 3.439191e+02 0.936094
5.798000 1.990188e-02 3.658081e+02 3.424269e+02 0.936083
5.804000 1.994274e-02 3.642265e+02 3.409425e+02 0.936073
5.810000 1.998365e-02 3.626533e+02 3.394659e+02 0.936062
5.816000 2.002459e-02 3.610883e+02 3.379971e+02 0.936051
5.822000 2.006558e-02 3.595316e+02 3.365361e+02 0.936041
5.828000 2.010661e-02 3.579830e+02 3.350828e+02 0.936030
5.834000 2.014767e-02 3.564425e+02 3.336370e+02 0.936019
5.840000 2.018878e-02 3.549101e+02 3.321989e+02 0.936009
5.846000 2.022993e-02 3.533858e+02 3.307684e+02 0.935998
5.852000 2.027112e-02 3.518694e+02 3.293453e+02 0.935987
5.858000 2.031235e-02 3.503609e+02 3.279296e+02 0.935977
5.864000 2.035363e-02 3.488603e+02 3.265214e+02 0.935966
5.870000 2.039494e-02 3.473675e+02 3.251206e+02 0.935956
5.876000 2.043629e-02 3.458825e+02 3.237270e+02 0.935945
5.882000 2.047769e-02 3.444052e+02 3.223407e+02 0.935935
5.888000 2.051912e-02 3.429356e+02 3.209617e+02 0.935924
5.894000 2.056060e-02 3.414736e+02 3.195898e+02 0.935914
5.900000 2.060212e-02 3.400192e+02 3.182250e+02 0.935903
5.906000 2.064367e-02 3.385723e+02 3.168673e+02 0.935893
5.912000 2.068527e-02 3.371330e+02 3.155167e+02 0.935882
5.918000 2.072691e-02 3.357010e+02 3.141731e+02 0.935872
5.924000 2.076859e-02 3.342765e+02 3.128365e+02 0.935861
5.930000 2.081031e-02 3.328594e+02 3.115067e+02 0.935851
5.936000 2.085207e-02 3.314495e+02 3.101838e+02 0.935840
5.942000 2.089388e-02 3.300469e+02 3.088678e+02 0.935830
5.948000 2.093572e-02 3.286515e+02 3.075586e+02 0.935820
5.954000 2.097760e-02 3.272633e+02 3.062561e+02 0.935809
5.960000 2.101953e-02 3.258822e+02 3.049603e+02 0.935799
5.966000 2.106149e-02 3.245083e+02 3.036712e+02 0.935789
5.972000 2.110350e-02 3.231413e+02 3.023887e+02 0.935778
5.978000 2.114554e-02 3.217814e+02 3.011128e+02 0.935768
5.984000 2.118763e-02 3.204284e+02 2.998434e+02 0.935758
5.990000 2.122976e-02 3.190824e+02 2.985805e+02 0.935748
5.996000 2.127193e-02 3.177432e+02 2.973241e+02 0.935737
6.002000 2.131414e-02 3.164108e+02 2.960742e+02 0.935727
6.008000 2.135639e-02 3.150853e+02 2.948306e+02 0.935717
6.014000 2.139868e-02 3.137665e+02 2.935934e+02 0.935707
6.020000 2.144101e-02 3.124544e+02 2.923624e+02 0.935696
6.026000 2.148338e-02 3.111489e+02 2.911378e+02 0.935686
6.032000 2.152579e-02 3.098502e+02 2.899194e+02 0.935676
6.038000 2.156825e-02 3.085580e+02 2.887072e+02 0.935666
6.044000 2.161074e-02 3.072723e+02 2.875011e+02 0.935656
6.050000 2.165328e-02 3.059932e+02 2.863012e+02 0.935646
6.056000 2.169585e-02 3.047205e+02 2.851073e+02 0.935636
6.062000 2.173847e-02 3.034543e+02 2.839195e+02 0.935625
6.068000 2.178112e-02 3.021944e+02 2.827377e+02 0.935615
6.074000 2.182382e-02 3.009409e+02 2.815619e+02 0.935605
6.080000 2.186656e-02 2.996938e+02 2.803921e+02 0.935595
6.086000 2.190934e-02 2.984529e+02 2.792281e+02 0.935585
6.092000 2.195216e-02 2.972182e+02 2.780700e+02 0.935575
6.098000 2.199502e-02 2.959898e+02 2.769177e+02 0.935565
6.104000 2.203792e-02 2.947675e+02 2.757713e+02 0.935555
6.110000 2.208086e-02 2.935514e+02 2.746306e+02 0.935545
6.116000 2.212384e-02 2.923414e+02 2.734956e+02 0.935535
6.122000 2.216686e-02 2.911374e+02 2.723664e+02 0.935525
6.128000 2.220993e-02 2.899394e+02 2.712428e+02 0.935515
6.134000 2.225303e-02 2.887475e+02 2.701248e+02 0.935505
6.140000 2.229617e-02 2.875615e+02 2.690124e+02 0.935495
6.146000 2.233936e-02 2.863814e+02 2.679056e+02 0.935485
6.152000 2.238258e-02 2.852071e+02 2.668043e+02 0.935476
6.158000 2.242585e-02 2.840388e+02 2.657085e+02 0.935466
6.164000 2.246916e-02 2.828762e+02 2.646182e+02 0.935456
6.170000 2.251250e-02 2.817194e+02 2.635333e+02 0.935446
6.176000 2.255589e-02 2.805684e+02 2.624538e+02 0.935436
6.182000 2.259932e-02 2.794231e+02 2.613797e+02 0.935426
6.188000 2.264279e-02 2.782834e+02 2.603109e+02 0.935416
6.194000 2.268630e-02 2.771494e+02 2.592474e+02 0.935407
6.200000 2.272985e-02 2.760211e+02 2.581892e+02 0.935397
6.206000 2.277344e-02 2.748982e+02 2.571363e+02 0.935387
6.212000 2.281707e-02 2.737810e+02 2.560885e+02 0.935377
6.218000 2.286074e-02 2.726692e+02 2.550460e+02 0.935368
6.224000 2.290445e-02 2.715630e+02 2.540086e+02 0.935358
6.230000 2.294820e-02 2.704621e+02 2.529763e+02 0.935348
6.236000 2.299200e-02 2.693667e+02 2.519491e+02 0.935338
6.242000 2.303583e-02 2.682767e+02 2.509269e+02 0.935329
6.248000 2.307970e-02 2.671920e+02 2.499098e+02 0.935319
6.254000 2.312362e-02 2.661127e+02 2.488977e+02 0.935309
6.260000 2.316757e-02 2.650386e+02 2.478906e+02 0.935300
6.266000 2.321157e-02 2.639698e+02 2.468884e+02 0.935290
6.272000 2.325560e-02 2.629063e+02 2.458911e+02 0.935280
6.278000 2.329968e-02 2.618479e+02 2.448987e+02 0.935271
6.284000 2.334380e-02 2.607947e+02 2.439112e+02 0.935261
6.290000 2.338796e-02 2.597467e+02 2.429285e+02 0.935252
6.296000 2.343215e-02 2.587037e+02 2.419506e+02 0.935242
6.302000 2.347639e-02 2.576659e+02 2.409775e+02 0.935233
6.308000 2.352067e-02 2.566331e+02 2.400091e+02 0.935223
6.314000 2.356499e-02 2.556053e+02 2.390455e+02 0.935213
6.320000 2.360935e-02 2.545825e+02 2.380865e+02 0.935204
6.326000 2.365375e-02 2.535647e+02 2.371323e+02 0.935194
6.332000 2.369819e-02 2.525518e+02 2.361826e+02 0.935185
6.338000 2.374267e-02 2.515438e+02 2.352376e+02 0.935175
6.344000 2.378719e-02 2.505407e+02 2.342971e+02 0.935166
6.350000 2.383176e-02 2.495424e+02 2.333612e+02 0.935156
6.356000 2.387636e-02 2.485490e+02 2.324299e+02 0.935147
6.362000 2.392100e-02 2.475604e+02 2.315030e+02 0.935138
6.368000 2.396568e-02 2.465765e+02 2.305806e+02 0.935128
6.374000 2.401041e-02 2.455974e+02 2.296627e+02 0.935119
6.380000 2.405517e-02 2.446230e+02 2.287492e+02 0.935109
6.386000 2.409998e-02 2.436533e+02 2.278402e+02 0.935100
6.392000 2.414482e-02 2.426882e+02 2.269355e+02 0.935091
6.398000 2.418971e-02 2.417278e+02 2.260351e+02 0.935081
6.404000 2.423463e-02 2.407720e+02 2.251391e+02 0.935072
6.410000 2.427960e-02 2.398207e+02 2.242474e+02 0.935063
6.416000 2.432460e-02 2.388741e+02 2.233600e+02 0.935053
6.422000 2.436965e-02 2.379319e+02 2.224768e+02 0.935044
6.428000 2.441474e-02 2.369943e+02 2.215979e+02 0.935035
6.434000 2.445986e-02 2.360611e+02 2.207231e+02 0.935025
6.440000 2.450503e-02 2.351324e+02 2.198526e+02 0.935016
6.446000 2.455024e-02 2.342081e+02 2.189862e+02 0.935007
6.452000 2.459549e-02 2.332882e+02 2.181239e+02 0.934998
6.458000 2.464078e-02 2.323727e+02 2.172658e+02 0.934988
6.464000 2.468611e-02 2.314616e+02 2.164118e+02 0.934979
6.470000 2.473148e-02 2.305548e+02 2.155618e+02 0.934970
6.476000 2.477689e-02 2.296523e+02 2.147159e+02 0.934961
6.482000 2.482234e-02 2.287540e+02 2.138739e+02 0.934952
6.488000 2.486783e-02 2.278601e+02 2.130360e+02 0.934942
6.494000 2.491336e-02 2.269703e+02 2.122021e+02 0.934933
6.500000 2.495893e-02 2.260848e+02 2.113721e+02 0.934924
