18.000000 5.010956e-01 2.833863e-01 1.270212e-01 0.448226
18.001000 5.011447e-01 2.832879e-01 1.269760e-01 0.448222
18.002000 5.011938e-01 2.831896e-01 1.269308e-01 0.448218
18.003000 5.012429e-01 2.830913e-01 1.268850e-01 0.448212
18.004000 5.012919e-01 2.829931e-01 1.268392e-01 0.448206
18.005000 5.013410e-01 2.828949e-01 1.267972e-01 0.448213
18.006000 5.013901e-01 2.827967e-01 1.267508e-01 0.448205
18.007000 5.014392e-01 2.826986e-01 1.267064e-01 0.448203
18.008000 5.014883e-01 2.826005e-01 1.266631e-01 0.448205
18.009000 5.015374e-01 2.825025e-01 1.266180e-01 0.448201
18.010000 5.015865e-01 2.824045e-01 1.265712e-01 0.448191
18.011000 5.016355e-01 2.823065e-01 1.265286e-01 0.448196
18.012000 5.016846e-01 2.822085e-01 1.264854e-01 0.448198
18.013000 5.017337e-01 2.821106e-01 1.264379e-01 0.448185
18.014000 5.017828e-01 2.820128e-01 1.263941e-01 0.448186
18.015000 5.018319e-01 2.819150e-01 1.263480e-01 0.448178
18.016000 5.018810e-01 2.818172e-01 1.263061e-01 0.448184
18.017000 5.019301e-01 2.817194e-01 1.262605e-01 0.448178
18.018000 5.019792e-01 2.816217e-01 1.262168e-01 0.448179
18.019000 5.020283e-01 2.815240e-01 1.261719e-01 0.448174
18.020000 5.020774e-01 2.814264e-01 1.261252e-01 0.448164
18.021000 5.021265e-01 2.813288e-01 1.260846e-01 0.448175
18.022000 5.021756e-01 2.812312e-01 1.260373e-01 0.448163
18.023000 5.022247e-01 2.811337e-01 1.259913e-01 0.448154
18.024000 5.022738e-01 2.810362e-01 1.259490e-01 0.448159
18.025000 5.023230e-01 2.809388e-01 1.259041e-01 0.448155
18.026000 5.023721e-01 2.808414e-01 1.258600e-01 0.448153
18.027000 5.024212e-01 2.807440e-01 1.258158e-01 0.448151
18.028000 5.024703e-01 2.806466e-01 1.257699e-01 0.448143
18.029000 5.025194e-01 2.805493e-01 1.257270e-01 0.448146
18.030000 5.025685e-01 2.804521e-01 1.256823e-01 0.448142
18.031000 5.026176e-01 2.803549e-01 1.256388e-01 0.448142
18.032000 5.026668e-01 2.802577e-01 1.255942e-01 0.448138
18.033000 5.027159e-01 2.801605e-01 1.255495e-01 0.448134
18.034000 5.027650e-01 2.800634e-01 1.255048e-01 0.448130
18.035000 5.028141e-01 2.799663e-01 1.254620e-01 0.448133
18.036000 5.028633e-01 2.798693e-01 1.254168e-01 0.448126
18.037000 5.029124e-01 2.797723e-01 1.253723e-01 0.448123
18.038000 5.029615e-01 2.796753e-01 1.253277e-01 0.448119
18.039000 5.030106e-01 2.795784e-01 1.252850e-01 0.448121
18.040000 5.030598e-01 2.794815e-01 1.252398e-01 0.448115
18.041000 5.031089e-01 2.793846e-01 1.251960e-01 0.448113
18.042000 5.031580e-01 2.792878e-01 1.251520e-01 0.448111
18.043000 5.032072e-01 2.791910e-01 1.251069e-01 0.448105
18.044000 5.032563e-01 2.790943e-01 1.250613e-01 0.448097
18.045000 5.033055e-01 2.789976e-01 1.250199e-01 0.448104
18.046000 5.033546e-01 2.789009e-01 1.249742e-01 0.448095
18.047000 5.034037e-01 2.788043e-01 1.249329e-01 0.448102
18.048000 5.034529e-01 2.787077e-01 1.248872e-01 0.448094
18.049000 5.035020e-01 2.786111e-01 1.248429e-01 0.448090
18.050000 5.035512e-01 2.785146e-01 1.248010e-01 0.448095
18.051000 5.036003e-01 2.784181e-01 1.247554e-01 0.448086
18.052000 5.036495e-01 2.783217e-01 1.247105e-01 0.448080
18.053000 5.036986e-01 2.782253e-01 1.246692e-01 0.448087
18.054000 5.037478e-01 2.781289e-01 1.246243e-01 0.448081
18.055000 5.037969e-01 2.780326e-01 1.245794e-01 0.448075
18.056000 5.038461e-01 2.779363e-01 1.245351e-01 0.448071
18.057000 5.038952e-01 2.778400e-01 1.244922e-01 0.448071
18.058000 5.039444e-01 2.777438e-01 1.244485e-01 0.448070
18.059000 5.039935e-01 2.776476e-01 1.244025e-01 0.448059
18.060000 5.040427e-01 2.775515e-01 1.243607e-01 0.448064
18.061000 5.040919e-01 2.774554e-01 1.243154e-01 0.448056
18.062000 5.041410e-01 2.773593e-01 1.242742e-01 0.448062
18.063000 5.041902e-01 2.772632e-01 1.242289e-01 0.448054
18.064000 5.042394e-01 2.771672e-01 1.241848e-01 0.448050
18.065000 5.042885e-01 2.770713e-01 1.241394e-01 0.448042
18.066000 5.043377e-01 2.769753e-01 1.240966e-01 0.448042
18.067000 5.043869e-01 2.768794e-01 1.240531e-01 0.448040
18.068000 5.044360e-01 2.767836e-01 1.240085e-01 0.448034
18.069000 5.044852e-01 2.766878e-01 1.239656e-01 0.448034
18.070000 5.045344e-01 2.765920e-01 1.239217e-01 0.448031
18.071000 5.045835e-01 2.764962e-01 1.238783e-01 0.448029
18.072000 5.046327e-01 2.764005e-01 1.238355e-01 0.448029
18.073000 5.046819e-01 2.763049e-01 1.237927e-01 0.448029
18.074000 5.047311e-01 2.762092e-01 1.237488e-01 0.448026
18.075000 5.047803e-01 2.761136e-01 1.237049e-01 0.448022
18.076000 5.048294e-01 2.760181e-01 1.236609e-01 0.448018
18.077000 5.048786e-01 2.759225e-01 1.236170e-01 0.448014
18.078000 5.049278e-01 2.758271e-01 1.235732e-01 0.448010
18.079000 5.049770e-01 2.757316e-01 1.235305e-01 0.448010
18.080000 5.050262e-01 2.756362e-01 1.234873e-01 0.448008
18.081000 5.050754e-01 2.755408e-01 1.234440e-01 0.448006
18.082000 5.051246e-01 2.754455e-01 1.233991e-01 0.447998
18.083000 5.051738e-01 2.753502e-01 1.233582e-01 0.448005
18.084000 5.052230e-01 2.752549e-01 1.233145e-01 0.448001
18.085000 5.052722e-01 2.751597e-01 1.232707e-01 0.447997
18.086000 5.053214e-01 2.750645e-01 1.232258e-01 0.447989
18.087000 5.053705e-01 2.749693e-01 1.231844e-01 0.447993
18.088000 5.054197e-01 2.748742e-01 1.231402e-01 0.447987
18.089000 5.054689e-01 2.747791e-01 1.230959e-01 0.447981
18.090000 5.055182e-01 2.746840e-01 1.230534e-01 0.447982
18.091000 5.055674e-01 2.745890e-01 1.230092e-01 0.447976
18.092000 5.056166e-01 2.744940e-01 1.229649e-01 0.447969
18.093000 5.056658e-01 2.743991e-01 1.229237e-01 0.447974
18.094000 5.057150e-01 2.743042e-01 1.228795e-01 0.447968
18.095000 5.057642e-01 2.742093e-01 1.228353e-01 0.447962
18.096000 5.058134e-01 2.741145e-01 1.227930e-01 0.447962
18.097000 5.058626e-01 2.740197e-01 1.227488e-01 0.447956
18.098000 5.059118e-01 2.739249e-01 1.227070e-01 0.447959
18.099000 5.059610e-01 2.738302e-01 1.226642e-01 0.447957
18.100000 5.060103e-01 2.737355e-01 1.226218e-01 0.447957
18.101000 5.060595e-01 2.736409e-01 1.225759e-01 0.447945
18.102000 5.061087e-01 2.735463e-01 1.225354e-01 0.447951
18.103000 5.061579e-01 2.734517e-01 1.224926e-01 0.447950
18.104000 5.062071e-01 2.733571e-01 1.224480e-01 0.447941
18.105000 5.062564e-01 2.732626e-01 1.224034e-01 0.447933
18.106000 5.063056e-01 2.731682e-01 1.223605e-01 0.447931
18.107000 5.063548e-01 2.730737e-01 1.223202e-01 0.447938
18.108000 5.064040e-01 2.729793e-01 1.222762e-01 0.447932
18.109000 5.064533e-01 2.728850e-01 1.222323e-01 0.447926
18.110000 5.065025e-01 2.727906e-01 1.221901e-01 0.447926
18.111000 5.065517e-01 2.726963e-01 1.221474e-01 0.447924
18.112000 5.066010e-01 2.726021e-01 1.221046e-01 0.447923
18.113000 5.066502e-01 2.725079e-01 1.220625e-01 0.447923
18.114000 5.066994e-01 2.724137e-01 1.220187e-01 0.447917
18.115000 5.067487e-01 2.723196e-01 1.219779e-01 0.447922
18.116000 5.067979e-01 2.722254e-01 1.219323e-01 0.447909
18.117000 5.068472e-01 2.721314e-01 1.218891e-01 0.447905
18.118000 5.068964e-01 2.720373e-01 1.218476e-01 0.447908
18.119000 5.069456e-01 2.719433e-01 1.218050e-01 0.447906
18.120000 5.069949e-01 2.718494e-01 1.217618e-01 0.447902
18.121000 5.070441e-01 2.717554e-01 1.217182e-01 0.447896
18.122000 5.070934e-01 2.716615e-01 1.216756e-01 0.447894
18.123000 5.071426e-01 2.715677e-01 1.216337e-01 0.447894
18.124000 5.071919e-01 2.714739e-01 1.215923e-01 0.447897
18.125000 5.072411e-01 2.713801e-01 1.215492e-01 0.447893
18.126000 5.072904e-01 2.712863e-01 1.215044e-01 0.447883
18.127000 5.073396e-01 2.711926e-01 1.214643e-01 0.447890
18.128000 5.073889e-01 2.710989e-01 1.214189e-01 0.447877
18.129000 5.074381e-01 2.710053e-01 1.213789e-01 0.447884
18.130000 5.074874e-01 2.709117e-01 1.213341e-01 0.447873
18.131000 5.075367e-01 2.708181e-01 1.212923e-01 0.447874
18.132000 5.075859e-01 2.707246e-01 1.212505e-01 0.447874
18.133000 5.076352e-01 2.706311e-01 1.212076e-01 0.447870
18.134000 5.076845e-01 2.705376e-01 1.211658e-01 0.447870
18.135000 5.077337e-01 2.704442e-01 1.211212e-01 0.447860
18.136000 5.077830e-01 2.703508e-01 1.210800e-01 0.447863
18.137000 5.078323e-01 2.702574e-01 1.210371e-01 0.447859
18.138000 5.078815e-01 2.701641e-01 1.209937e-01 0.447853
18.139000 5.079308e-01 2.700708e-01 1.209503e-01 0.447846
18.140000 5.079801e-01 2.699776e-01 1.209092e-01 0.447849
18.141000 5.080294e-01 2.698844e-01 1.208669e-01 0.447847
18.142000 5.080786e-01 2.697912e-01 1.208236e-01 0.447841
18.143000 5.081279e-01 2.696981e-01 1.207814e-01 0.447839
18.144000 5.081772e-01 2.696049e-01 1.207386e-01 0.447835
18.145000 5.082265e-01 2.695119e-01 1.206982e-01 0.447840
18.146000 5.082757e-01 2.694188e-01 1.206532e-01 0.447828
18.147000 5.083250e-01 2.693258e-01 1.206110e-01 0.447826
18.148000 5.083743e-01 2.692329e-01 1.205707e-01 0.447831
18.149000 5.084236e-01 2.691399e-01 1.205280e-01 0.447826
18.150000 5.084729e-01 2.690470e-01 1.204847e-01 0.447820
18.151000 5.085222e-01 2.689542e-01 1.204426e-01 0.447818
18.152000 5.085715e-01 2.688614e-01 1.204001e-01 0.447815
18.153000 5.086208e-01 2.687686e-01 1.203575e-01 0.447811
18.154000 5.086700e-01 2.686758e-01 1.203137e-01 0.447803
18.155000 5.087193e-01 2.685831e-01 1.202735e-01 0.447807
18.156000 5.087686e-01 2.684904e-01 1.202309e-01 0.447803
18.157000 5.088179e-01 2.683978e-01 1.201889e-01 0.447801
18.158000 5.088672e-01 2.683052e-01 1.201464e-01 0.447797
18.159000 5.089165e-01 2.682126e-01 1.201045e-01 0.447796
18.160000 5.089658e-01 2.681201e-01 1.200632e-01 0.447796
18.161000 5.090151e-01 2.680276e-01 1.200189e-01 0.447786
18.162000 5.090644e-01 2.679351e-01 1.199765e-01 0.447782
18.163000 5.091137e-01 2.678427e-01 1.199357e-01 0.447784
18.164000 5.091631e-01 2.677503e-01 1.198939e-01 0.447783
18.165000 5.092124e-01 2.676579e-01 1.198521e-01 0.447781
18.166000 5.092617e-01 2.675656e-01 1.198102e-01 0.447779
18.167000 5.093110e-01 2.674733e-01 1.197684e-01 0.447777
18.168000 5.093603e-01 2.673810e-01 1.197249e-01 0.447769
18.169000 5.094096e-01 2.672888e-01 1.196820e-01 0.447763
18.170000 5.094589e-01 2.671966e-01 1.196420e-01 0.447768
18.171000 5.095082e-01 2.671045e-01 1.195990e-01 0.447761
18.172000 5.095576e-01 2.670123e-01 1.195574e-01 0.447760
18.173000 5.096069e-01 2.669203e-01 1.195163e-01 0.447760
18.174000 5.096562e-01 2.668282e-01 1.194746e-01 0.447758
18.175000 5.097055e-01 2.667362e-01 1.194318e-01 0.447752
18.176000 5.097548e-01 2.666442e-01 1.193894e-01 0.447748
18.177000 5.098042e-01 2.665523e-01 1.193467e-01 0.447742
18.178000 5.098535e-01 2.664604e-01 1.193074e-01 0.447749
18.179000 5.099028e-01 2.663685e-01 1.192652e-01 0.447745
18.180000 5.099522e-01 2.662767e-01 1.192236e-01 0.447743
18.181000 5.100015e-01 2.661849e-01 1.191802e-01 0.447735
18.182000 5.100508e-01 2.660931e-01 1.191382e-01 0.447731
18.183000 5.101001e-01 2.660014e-01 1.190972e-01 0.447731
18.184000 5.101495e-01 2.659097e-01 1.190557e-01 0.447730
18.185000 5.101988e-01 2.658180e-01 1.190141e-01 0.447728
18.186000 5.102482e-01 2.657264e-01 1.189715e-01 0.447722
18.187000 5.102975e-01 2.656348e-01 1.189300e-01 0.447720
18.188000 5.103468e-01 2.655433e-01 1.188875e-01 0.447714
18.189000 5.103962e-01 2.654517e-01 1.188489e-01 0.447723
18.190000 5.104455e-01 2.653603e-01 1.188069e-01 0.447719
18.191000 5.104949e-01 2.652688e-01 1.187643e-01 0.447713
18.192000 5.105442e-01 2.651774e-01 1.187212e-01 0.447705
18.193000 5.105936e-01 2.650860e-01 1.186821e-01 0.447712
18.194000 5.106429e-01 2.649947e-01 1.186379e-01 0.447699
18.195000 5.106923e-01 2.649034e-01 1.185977e-01 0.447702
18.196000 5.107416e-01 2.648121e-01 1.185563e-01 0.447700
18.197000 5.107910e-01 2.647208e-01 1.185133e-01 0.447691
18.198000 5.108403e-01 2.646296e-01 1.184714e-01 0.447688
18.199000 5.108897e-01 2.645385e-01 1.184325e-01 0.447695
18.200000 5.109390e-01 2.644473e-01 1.183894e-01 0.447686
18.201000 5.109884e-01 2.643562e-01 1.183488e-01 0.447687
18.202000 5.110378e-01 2.642652e-01 1.183058e-01 0.447679
18.203000 5.110871e-01 2.641741e-01 1.182664e-01 0.447683
18.204000 5.111365e-01 2.640831e-01 1.182228e-01 0.447673
18.205000 5.111858e-01 2.639922e-01 1.181816e-01 0.447671
18.206000 5.112352e-01 2.639012e-01 1.181399e-01 0.447667
18.207000 5.112846e-01 2.638103e-01 1.180988e-01 0.447665
18.208000 5.113339e-01 2.637195e-01 1.180582e-01 0.447666
18.209000 5.113833e-01 2.636287e-01 1.180170e-01 0.447664
18.210000 5.114327e-01 2.635379e-01 1.179771e-01 0.447667
18.211000 5.114821e-01 2.634471e-01 1.179343e-01 0.447658
18.212000 5.115314e-01 2.633564e-01 1.178926e-01 0.447654
18.213000 5.115808e-01 2.632657e-01 1.178516e-01 0.447653
18.214000 5.116302e-01 2.631751e-01 1.178100e-01 0.447649
18.215000 5.116796e-01 2.630844e-01 1.177701e-01 0.447651
18.216000 5.117289e-01 2.629939e-01 1.177302e-01 0.447654
18.217000 5.117783e-01 2.629033e-01 1.176858e-01 0.447639
18.218000 5.118277e-01 2.628128e-01 1.176471e-01 0.447646
18.219000 5.118771e-01 2.627223e-01 1.176050e-01 0.447640
18.220000 5.119265e-01 2.626319e-01 1.175635e-01 0.447636
18.221000 5.119759e-01 2.625415e-01 1.175226e-01 0.447634
18.222000 5.120253e-01 2.624511e-01 1.174805e-01 0.447628
18.223000 5.120746e-01 2.623608e-01 1.174396e-01 0.447627
18.224000 5.121240e-01 2.622704e-01 1.173982e-01 0.447622
18.225000 5.121734e-01 2.621802e-01 1.173578e-01 0.447623
18.226000 5.122228e-01 2.620899e-01 1.173176e-01 0.447623
18.227000 5.122722e-01 2.619997e-01 1.172756e-01 0.447617
18.228000 5.123216e-01 2.619096e-01 1.172336e-01 0.447611
18.229000 5.123710e-01 2.618194e-01 1.171934e-01 0.447612
18.230000 5.124204e-01 2.617293e-01 1.171526e-01 0.447610
18.231000 5.124698e-01 2.616393e-01 1.171107e-01 0.447604
18.232000 5.125192e-01 2.615492e-01 1.170705e-01 0.447604
18.233000 5.125686e-01 2.614592e-01 1.170286e-01 0.447598
18.234000 5.126180e-01 2.613693e-01 1.169885e-01 0.447598
18.235000 5.126674e-01 2.612793e-01 1.169466e-01 0.447592
18.236000 5.127168e-01 2.611895e-01 1.169054e-01 0.447588
18.237000 5.127662e-01 2.610996e-01 1.168658e-01 0.447591
18.238000 5.128157e-01 2.610098e-01 1.168263e-01 0.447594
18.239000 5.128651e-01 2.609200e-01 1.167823e-01 0.447579
18.240000 5.129145e-01 2.608302e-01 1.167416e-01 0.447577
18.241000 5.129639e-01 2.607405e-01 1.167010e-01 0.447575
18.242000 5.130133e-01 2.606508e-01 1.166627e-01 0.447582
18.243000 5.130627e-01 2.605611e-01 1.166198e-01 0.447572
18.244000 5.131121e-01 2.604715e-01 1.165809e-01 0.447576
18.245000 5.131616e-01 2.603819e-01 1.165404e-01 0.447575
18.246000 5.132110e-01 2.602924e-01 1.164987e-01 0.447569
18.247000 5.132604e-01 2.602029e-01 1.164582e-01 0.447567
18.248000 5.133098e-01 2.601134e-01 1.164160e-01 0.447559
18.249000 5.133593e-01 2.600239e-01 1.163744e-01 0.447553
18.250000 5.134087e-01 2.599345e-01 1.163345e-01 0.447553
18.251000 5.134581e-01 2.598451e-01 1.162940e-01 0.447551
18.252000 5.135075e-01 2.597558e-01 1.162541e-01 0.447552
18.253000 5.135570e-01 2.596665e-01 1.162148e-01 0.447554
18.254000 5.136064e-01 2.595772e-01 1.161722e-01 0.447544
18.255000 5.136558e-01 2.594880e-01 1.161318e-01 0.447542
18.256000 5.137053e-01 2.593987e-01 1.160925e-01 0.447545
18.257000 5.137547e-01 2.593096e-01 1.160499e-01 0.447534
18.258000 5.138042e-01 2.592204e-01 1.160096e-01 0.447533
18.259000 5.138536e-01 2.591313e-01 1.159714e-01 0.447539
18.260000 5.139030e-01 2.590422e-01 1.159289e-01 0.447529
18.261000 5.139525e-01 2.589532e-01 1.158881e-01 0.447525
18.262000 5.140019e-01 2.588642e-01 1.158484e-01 0.447526
18.263000 5.140514e-01 2.587752e-01 1.158058e-01 0.447515
18.264000 5.141008e-01 2.586863e-01 1.157655e-01 0.447513
18.265000 5.141503e-01 2.585974e-01 1.157287e-01 0.447525
18.266000 5.141997e-01 2.585085e-01 1.156868e-01 0.447516
18.267000 5.142492e-01 2.584196e-01 1.156460e-01 0.447513
18.268000 5.142986e-01 2.583308e-01 1.156053e-01 0.447509
18.269000 5.143481e-01 2.582421e-01 1.155662e-01 0.447511
18.270000 5.143975e-01 2.581533e-01 1.155243e-01 0.447503
18.271000 5.144470e-01 2.580646e-01 1.154842e-01 0.447501
18.272000 5.144964e-01 2.579760e-01 1.154447e-01 0.447502
18.273000 5.145459e-01 2.578873e-01 1.154034e-01 0.447495
18.274000 5.145954e-01 2.577987e-01 1.153616e-01 0.447487
18.275000 5.146448e-01 2.577101e-01 1.153232e-01 0.447492
18.276000 5.146943e-01 2.576216e-01 1.152820e-01 0.447486
18.277000 5.147437e-01 2.575331e-01 1.152420e-01 0.447484
18.278000 5.147932e-01 2.574446e-01 1.152031e-01 0.447487
18.279000 5.148427e-01 2.573562e-01 1.151608e-01 0.447476
18.280000 5.148921e-01 2.572678e-01 1.151208e-01 0.447475
18.281000 5.149416e-01 2.571794e-01 1.150814e-01 0.447475
18.282000 5.149911e-01 2.570911e-01 1.150403e-01 0.447469
18.283000 5.150406e-01 2.570028e-01 1.150020e-01 0.447474
18.284000 5.150900e-01 2.569145e-01 1.149587e-01 0.447459
18.285000 5.151395e-01 2.568263e-01 1.149193e-01 0.447459
18.286000 5.151890e-01 2.567381e-01 1.148805e-01 0.447462
18.287000 5.152385e-01 2.566499e-01 1.148389e-01 0.447454
18.288000 5.152879e-01 2.565618e-01 1.147991e-01 0.447452
18.289000 5.153374e-01 2.564737e-01 1.147592e-01 0.447450
18.290000 5.153869e-01 2.563856e-01 1.147205e-01 0.447453
18.291000 5.154364e-01 2.562976e-01 1.146785e-01 0.447443
18.292000 5.154859e-01 2.562096e-01 1.146397e-01 0.447445
18.293000 5.155354e-01 2.561217e-01 1.145999e-01 0.447443
18.294000 5.155849e-01 2.560337e-01 1.145601e-01 0.447442
18.295000 5.156343e-01 2.559458e-01 1.145203e-01 0.447440
18.296000 5.156838e-01 2.558580e-01 1.144794e-01 0.447434
18.297000 5.157333e-01 2.557701e-01 1.144386e-01 0.447428
18.298000 5.157828e-01 2.556823e-01 1.144017e-01 0.447437
18.299000 5.158323e-01 2.555946e-01 1.143597e-01 0.447426
18.300000 5.158818e-01 2.555068e-01 1.143195e-01 0.447422
18.301000 5.159313e-01 2.554191e-01 1.142810e-01 0.447425
18.302000 5.159808e-01 2.553315e-01 1.142402e-01 0.447419
18.303000 5.160303e-01 2.552438e-01 1.141994e-01 0.447413
18.304000 5.160798e-01 2.551562e-01 1.141614e-01 0.447418
18.305000 5.161293e-01 2.550687e-01 1.141212e-01 0.447414
18.306000 5.161788e-01 2.549811e-01 1.140811e-01 0.447410
18.307000 5.162283e-01 2.548936e-01 1.140409e-01 0.447406
18.308000 5.162778e-01 2.548062e-01 1.140014e-01 0.447404
18.309000 5.163273e-01 2.547188e-01 1.139623e-01 0.447405
18.310000 5.163769e-01 2.546314e-01 1.139206e-01 0.447394
18.311000 5.164264e-01 2.545440e-01 1.138827e-01 0.447399
18.312000 5.164759e-01 2.544567e-01 1.138415e-01 0.447391
18.313000 5.165254e-01 2.543694e-01 1.138026e-01 0.447391
18.314000 5.165749e-01 2.542821e-01 1.137625e-01 0.447387
18.315000 5.166244e-01 2.541949e-01 1.137231e-01 0.447385
18.316000 5.166739e-01 2.541077e-01 1.136831e-01 0.447382
18.317000 5.167235e-01 2.540205e-01 1.136437e-01 0.447380
18.318000 5.167730e-01 2.539334e-01 1.136059e-01 0.447385
18.319000 5.168225e-01 2.538463e-01 1.135648e-01 0.447376
18.320000 5.168720e-01 2.537592e-01 1.135238e-01 0.447368
18.321000 5.169216e-01 2.536722e-01 1.134855e-01 0.447371
18.322000 5.169711e-01 2.535852e-01 1.134445e-01 0.447363
18.323000 5.170206e-01 2.534982e-01 1.134068e-01 0.447367
18.324000 5.170701e-01 2.534113e-01 1.133669e-01 0.447363
18.325000 5.171197e-01 2.533244e-01 1.133276e-01 0.447362
18.326000 5.171692e-01 2.532375e-01 1.132878e-01 0.447358
18.327000 5.172187e-01 2.531507e-01 1.132479e-01 0.447354
18.328000 5.172683e-01 2.530638e-01 1.132081e-01 0.447350
18.329000 5.173178e-01 2.529771e-01 1.131700e-01 0.447353
18.330000 5.173674e-01 2.528903e-01 1.131302e-01 0.447349
18.331000 5.174169e-01 2.528036e-01 1.130904e-01 0.447345
18.332000 5.174664e-01 2.527170e-01 1.130512e-01 0.447343
18.333000 5.175160e-01 2.526303e-01 1.130109e-01 0.447337
18.334000 5.175655e-01 2.525437e-01 1.129728e-01 0.447340
18.335000 5.176151e-01 2.524572e-01 1.129320e-01 0.447331
18.336000 5.176646e-01 2.523706e-01 1.128918e-01 0.447325
18.337000 5.177142e-01 2.522841e-01 1.128538e-01 0.447328
18.338000 5.177637e-01 2.521976e-01 1.128141e-01 0.447324
18.339000 5.178133e-01 2.521112e-01 1.127766e-01 0.447329
18.340000 5.178628e-01 2.520248e-01 1.127353e-01 0.447318
18.341000 5.179124e-01 2.519384e-01 1.126952e-01 0.447312
18.342000 5.179619e-01 2.518521e-01 1.126578e-01 0.447317
18.343000 5.180115e-01 2.517658e-01 1.126182e-01 0.447313
18.344000 5.180610e-01 2.516795e-01 1.125786e-01 0.447309
18.345000 5.181106e-01 2.515932e-01 1.125401e-01 0.447310
18.346000 5.181601e-01 2.515070e-01 1.125011e-01 0.447308
18.347000 5.182097e-01 2.514208e-01 1.124599e-01 0.447298
18.348000 5.182593e-01 2.513347e-01 1.124210e-01 0.447296
18.349000 5.183088e-01 2.512486e-01 1.123826e-01 0.447296
18.350000 5.183584e-01 2.511625e-01 1.123442e-01 0.447297
18.351000 5.184080e-01 2.510765e-01 1.123047e-01 0.447293
18.352000 5.184575e-01 2.509904e-01 1.122653e-01 0.447289
18.353000 5.185071e-01 2.509045e-01 1.122275e-01 0.447292
18.354000 5.185567e-01 2.508185e-01 1.121880e-01 0.447288
18.355000 5.186063e-01 2.507326e-01 1.121476e-01 0.447280
18.356000 5.186558e-01 2.506467e-01 1.121093e-01 0.447280
18.357000 5.187054e-01 2.505609e-01 1.120704e-01 0.447278
18.358000 5.187550e-01 2.504750e-01 1.120294e-01 0.447268
18.359000 5.188046e-01 2.503892e-01 1.119917e-01 0.447271
18.360000 5.188541e-01 2.503035e-01 1.119535e-01 0.447271
18.361000 5.189037e-01 2.502178e-01 1.119147e-01 0.447269
18.362000 5.189533e-01 2.501321e-01 1.118754e-01 0.447265
18.363000 5.190029e-01 2.500464e-01 1.118362e-01 0.447262
18.364000 5.190525e-01 2.499608e-01 1.117969e-01 0.447258
18.365000 5.191020e-01 2.498752e-01 1.117581e-01 0.447256
18.366000 5.191516e-01 2.497896e-01 1.117189e-01 0.447252
18.367000 5.192012e-01 2.497041e-01 1.116807e-01 0.447252
18.368000 5.192508e-01 2.496186e-01 1.116399e-01 0.447242
18.369000 5.193004e-01 2.495332e-01 1.116013e-01 0.447240
18.370000 5.193500e-01 2.494477e-01 1.115648e-01 0.447247
18.371000 5.193996e-01 2.493623e-01 1.115251e-01 0.447241
18.372000 5.194492e-01 2.492770e-01 1.114865e-01 0.447239
18.373000 5.194988e-01 2.491916e-01 1.114479e-01 0.447238
18.374000 5.195484e-01 2.491063e-01 1.114088e-01 0.447234
18.375000 5.195980e-01 2.490211e-01 1.113702e-01 0.447232
18.376000 5.196476e-01 2.489358e-01 1.113301e-01 0.447224
18.377000 5.196972e-01 2.488506e-01 1.112915e-01 0.447222
18.378000 5.197468e-01 2.487655e-01 1.112530e-01 0.447220
18.379000 5.197964e-01 2.486803e-01 1.112145e-01 0.447219
18.380000 5.198460e-01 2.485952e-01 1.111760e-01 0.447217
18.381000 5.198956e-01 2.485101e-01 1.111381e-01 0.447218
18.382000 5.199452e-01 2.484251e-01 1.111002e-01 0.447218
18.383000 5.199948e-01 2.483401e-01 1.110601e-01 0.447210
18.384000 5.200444e-01 2.482551e-01 1.110200e-01 0.447201
18.385000 5.200941e-01 2.481702e-01 1.109827e-01 0.447204
18.386000 5.201437e-01 2.480852e-01 1.109432e-01 0.447198
18.387000 5.201933e-01 2.480004e-01 1.109054e-01 0.447199
18.388000 5.202429e-01 2.479155e-01 1.108670e-01 0.447197
18.389000 5.202925e-01 2.478307e-01 1.108286e-01 0.447195
18.390000 5.203421e-01 2.477459e-01 1.107904e-01 0.447194
18.391000 5.203918e-01 2.476612e-01 1.107504e-01 0.447185
18.392000 5.204414e-01 2.475764e-01 1.107121e-01 0.447183
18.393000 5.204910e-01 2.474917e-01 1.106733e-01 0.447180
18.394000 5.205406e-01 2.474071e-01 1.106344e-01 0.447176
18.395000 5.205903e-01 2.473225e-01 1.105978e-01 0.447181
18.396000 5.206399e-01 2.472379e-01 1.105573e-01 0.447170
18.397000 5.206895e-01 2.471533e-01 1.105202e-01 0.447173
18.398000 5.207392e-01 2.470688e-01 1.104820e-01 0.447171
18.399000 5.207888e-01 2.469843e-01 1.104433e-01 0.447167
18.400000 5.208384e-01 2.468998e-01 1.104040e-01 0.447161
18.401000 5.208881e-01 2.468154e-01 1.103669e-01 0.447164
18.402000 5.209377e-01 2.467310e-01 1.103282e-01 0.447160
18.403000 5.209873e-01 2.466466e-01 1.102905e-01 0.447160
18.404000 5.210370e-01 2.465623e-01 1.102503e-01 0.447150
18.405000 5.210866e-01 2.464780e-01 1.102127e-01 0.447150
18.406000 5.211363e-01 2.463937e-01 1.101746e-01 0.447149
18.407000 5.211859e-01 2.463095e-01 1.101376e-01 0.447151
18.408000 5.212355e-01 2.462253e-01 1.100979e-01 0.447143
18.409000 5.212852e-01 2.461411e-01 1.100598e-01 0.447141
18.410000 5.213348e-01 2.460569e-01 1.100218e-01 0.447140
18.411000 5.213845e-01 2.459728e-01 1.099832e-01 0.447136
18.412000 5.214341e-01 2.458887e-01 1.099446e-01 0.447132
18.413000 5.214838e-01 2.458047e-01 1.099056e-01 0.447126
18.414000 5.215334e-01 2.457207e-01 1.098692e-01 0.447131
18.415000 5.215831e-01 2.456367e-01 1.098313e-01 0.447129
18.416000 5.216328e-01 2.455527e-01 1.097917e-01 0.447120
18.417000 5.216824e-01 2.454688e-01 1.097543e-01 0.447121
18.418000 5.217321e-01 2.453849e-01 1.097180e-01 0.447126
18.419000 5.217817e-01 2.453011e-01 1.096774e-01 0.447113
18.420000 5.218314e-01 2.452172e-01 1.096395e-01 0.447112
18.421000 5.218811e-01 2.451334e-01 1.096011e-01 0.447108
18.422000 5.219307e-01 2.450497e-01 1.095643e-01 0.447111
18.423000 5.219804e-01 2.449659e-01 1.095243e-01 0.447100
18.424000 5.220301e-01 2.448822e-01 1.094880e-01 0.447105
18.425000 5.220797e-01 2.447986e-01 1.094486e-01 0.447097
18.426000 5.221294e-01 2.447149e-01 1.094108e-01 0.447095
18.427000 5.221791e-01 2.446313e-01 1.093719e-01 0.447089
18.428000 5.222287e-01 2.445478e-01 1.093363e-01 0.447096
18.429000 5.222784e-01 2.444642e-01 1.092991e-01 0.447096
18.430000 5.223281e-01 2.443807e-01 1.092587e-01 0.447084
18.431000 5.223778e-01 2.442972e-01 1.092209e-01 0.447082
18.432000 5.224274e-01 2.442138e-01 1.091843e-01 0.447085
18.433000 5.224771e-01 2.441304e-01 1.091460e-01 0.447081
18.434000 5.225268e-01 2.440470e-01 1.091104e-01 0.447088
18.435000 5.225765e-01 2.439636e-01 1.090685e-01 0.447069
18.436000 5.226262e-01 2.438803e-01 1.090324e-01 0.447074
18.437000 5.226758e-01 2.437970e-01 1.089942e-01 0.447070
18.438000 5.227255e-01 2.437137e-01 1.089555e-01 0.447063
18.439000 5.227752e-01 2.436305e-01 1.089179e-01 0.447062
18.440000 5.228249e-01 2.435473e-01 1.088814e-01 0.447065
18.441000 5.228746e-01 2.434642e-01 1.088416e-01 0.447054
18.442000 5.229243e-01 2.433810e-01 1.088057e-01 0.447059
18.443000 5.229740e-01 2.432979e-01 1.087676e-01 0.447055
18.444000 5.230237e-01 2.432149e-01 1.087301e-01 0.447054
18.445000 5.230734e-01 2.431318e-01 1.086920e-01 0.447050
18.446000 5.231231e-01 2.430488e-01 1.086539e-01 0.447046
18.447000 5.231728e-01 2.429658e-01 1.086154e-01 0.447040
18.448000 5.232225e-01 2.428829e-01 1.085805e-01 0.447049
18.449000 5.232722e-01 2.428000e-01 1.085399e-01 0.447034
18.450000 5.233219e-01 2.427171e-01 1.085024e-01 0.447032
18.451000 5.233716e-01 2.426343e-01 1.084660e-01 0.447035
18.452000 5.234213e-01 2.425514e-01 1.084275e-01 0.447029
18.453000 5.234710e-01 2.424686e-01 1.083911e-01 0.447032
18.454000 5.235207e-01 2.423859e-01 1.083532e-01 0.447028
18.455000 5.235704e-01 2.423032e-01 1.083153e-01 0.447024
18.456000 5.236201e-01 2.422205e-01 1.082769e-01 0.447018
18.457000 5.236698e-01 2.421378e-01 1.082395e-01 0.447016
18.458000 5.237195e-01 2.420552e-01 1.082027e-01 0.447017
18.459000 5.237693e-01 2.419726e-01 1.081654e-01 0.447015
18.460000 5.238190e-01 2.418900e-01 1.081280e-01 0.447013
18.461000 5.238687e-01 2.418075e-01 1.080892e-01 0.447005
18.462000 5.239184e-01 2.417250e-01 1.080524e-01 0.447006
18.463000 5.239681e-01 2.416425e-01 1.080151e-01 0.447004
18.464000 5.240178e-01 2.415600e-01 1.079779e-01 0.447002
18.465000 5.240676e-01 2.414776e-01 1.079406e-01 0.447000
18.466000 5.241173e-01 2.413953e-01 1.079023e-01 0.446994
18.467000 5.241670e-01 2.413129e-01 1.078651e-01 0.446993
18.468000 5.242167e-01 2.412306e-01 1.078274e-01 0.446989
18.469000 5.242665e-01 2.411483e-01 1.077896e-01 0.446985
18.470000 5.243162e-01 2.410660e-01 1.077525e-01 0.446983
18.471000 5.243659e-01 2.409838e-01 1.077159e-01 0.446984
18.472000 5.244157e-01 2.409016e-01 1.076776e-01 0.446978
18.473000 5.244654e-01 2.408195e-01 1.076416e-01 0.446980
18.474000 5.245151e-01 2.407373e-01 1.076044e-01 0.446979
18.475000 5.245649e-01 2.406552e-01 1.075663e-01 0.446973
18.476000 5.246146e-01 2.405731e-01 1.075298e-01 0.446973
18.477000 5.246643e-01 2.404911e-01 1.074927e-01 0.446972
18.478000 5.247141e-01 2.404091e-01 1.074540e-01 0.446963
18.479000 5.247638e-01 2.403271e-01 1.074175e-01 0.446964
18.480000 5.248136e-01 2.402452e-01 1.073789e-01 0.446956
18.481000 5.248633e-01 2.401633e-01 1.073419e-01 0.446954
18.482000 5.249131e-01 2.400814e-01 1.073054e-01 0.446954
18.483000 5.249628e-01 2.399995e-01 1.072679e-01 0.446951
18.484000 5.250126e-01 2.399177e-01 1.072330e-01 0.446957
18.485000 5.250623e-01 2.398359e-01 1.071940e-01 0.446947
18.486000 5.251121e-01 2.397541e-01 1.071554e-01 0.446939
18.487000 5.251618e-01 2.396724e-01 1.071190e-01 0.446939
18.488000 5.252116e-01 2.395907e-01 1.070826e-01 0.446940
18.489000 5.252613e-01 2.395090e-01 1.070468e-01 0.446942
18.490000 5.253111e-01 2.394274e-01 1.070083e-01 0.446934
18.491000 5.253608e-01 2.393458e-01 1.069714e-01 0.446933
18.492000 5.254106e-01 2.392642e-01 1.069330e-01 0.446924
18.493000 5.254604e-01 2.391827e-01 1.068972e-01 0.446927
18.494000 5.255101e-01 2.391012e-01 1.068599e-01 0.446923
18.495000 5.255599e-01 2.390197e-01 1.068230e-01 0.446922
18.496000 5.256096e-01 2.389382e-01 1.067842e-01 0.446911
18.497000 5.256594e-01 2.388568e-01 1.067484e-01 0.446914
18.498000 5.257092e-01 2.387754e-01 1.067111e-01 0.446910
18.499000 5.257589e-01 2.386940e-01 1.066749e-01 0.446910
18.500000 5.258087e-01 2.386127e-01 1.066392e-01 0.446913
18.501000 5.258585e-01 2.385314e-01 1.066024e-01 0.446911
18.502000 5.259083e-01 2.384501e-01 1.065642e-01 0.446903
18.503000 5.259580e-01 2.383689e-01 1.065269e-01 0.446899
18.504000 5.260078e-01 2.382877e-01 1.064886e-01 0.446891
18.505000 5.260576e-01 2.382065e-01 1.064540e-01 0.446898
18.506000 5.261074e-01 2.381254e-01 1.064163e-01 0.446892
18.507000 5.261571e-01 2.380443e-01 1.063787e-01 0.446886
18.508000 5.262069e-01 2.379632e-01 1.063431e-01 0.446889
18.509000 5.262567e-01 2.378821e-01 1.063059e-01 0.446885
18.510000 5.263065e-01 2.378011e-01 1.062698e-01 0.446885
18.511000 5.263563e-01 2.377201e-01 1.062327e-01 0.446881
18.512000 5.264061e-01 2.376391e-01 1.061946e-01 0.446873
18.513000 5.264558e-01 2.375582e-01 1.061591e-01 0.446876
18.514000 5.265056e-01 2.374773e-01 1.061220e-01 0.446872
18.515000 5.265554e-01 2.373964e-01 1.060859e-01 0.446873
18.516000 5.266052e-01 2.373156e-01 1.060489e-01 0.446869
18.517000 5.266550e-01 2.372348e-01 1.060130e-01 0.446869
18.518000 5.267048e-01 2.371540e-01 1.059754e-01 0.446863
18.519000 5.267546e-01 2.370732e-01 1.059384e-01 0.446859
18.520000 5.268044e-01 2.369925e-01 1.059030e-01 0.446862
18.521000 5.268542e-01 2.369118e-01 1.058660e-01 0.446858
18.522000 5.269040e-01 2.368312e-01 1.058291e-01 0.446854
18.523000 5.269538e-01 2.367505e-01 1.057916e-01 0.446848
18.524000 5.270036e-01 2.366699e-01 1.057547e-01 0.446845
18.525000 5.270534e-01 2.365894e-01 1.057183e-01 0.446843
18.526000 5.271032e-01 2.365088e-01 1.056808e-01 0.446837
18.527000 5.271530e-01 2.364283e-01 1.056439e-01 0.446833
18.528000 5.272028e-01 2.363479e-01 1.056086e-01 0.446835
18.529000 5.272526e-01 2.362674e-01 1.055728e-01 0.446836
18.530000 5.273024e-01 2.361870e-01 1.055355e-01 0.446830
18.531000 5.273523e-01 2.361066e-01 1.054997e-01 0.446831
18.532000 5.274021e-01 2.360263e-01 1.054628e-01 0.446827
18.533000 5.274519e-01 2.359459e-01 1.054261e-01 0.446823
18.534000 5.275017e-01 2.358656e-01 1.053898e-01 0.446821
18.535000 5.275515e-01 2.357854e-01 1.053525e-01 0.446815
18.536000 5.276013e-01 2.357051e-01 1.053173e-01 0.446818
18.537000 5.276511e-01 2.356249e-01 1.052800e-01 0.446812
18.538000 5.277010e-01 2.355448e-01 1.052438e-01 0.446810
18.539000 5.277508e-01 2.354646e-01 1.052066e-01 0.446804
18.540000 5.278006e-01 2.353845e-01 1.051724e-01 0.446811
18.541000 5.278504e-01 2.353044e-01 1.051342e-01 0.446801
18.542000 5.279003e-01 2.352244e-01 1.050985e-01 0.446801
18.543000 5.279501e-01 2.351444e-01 1.050619e-01 0.446797
18.544000 5.279999e-01 2.350644e-01 1.050258e-01 0.446796
18.545000 5.280498e-01 2.349844e-01 1.049886e-01 0.446790
18.546000 5.280996e-01 2.349045e-01 1.049525e-01 0.446788
18.547000 5.281494e-01 2.348246e-01 1.049169e-01 0.446788
18.548000 5.281993e-01 2.347447e-01 1.048819e-01 0.446791
18.549000 5.282491e-01 2.346648e-01 1.048448e-01 0.446785
18.550000 5.282989e-01 2.345850e-01 1.048082e-01 0.446781
18.551000 5.283488e-01 2.345053e-01 1.047722e-01 0.446780
18.552000 5.283986e-01 2.344255e-01 1.047361e-01 0.446778
18.553000 5.284484e-01 2.343458e-01 1.047002e-01 0.446776
18.554000 5.284983e-01 2.342661e-01 1.046637e-01 0.446773
18.555000 5.285481e-01 2.341864e-01 1.046271e-01 0.446769
18.556000 5.285980e-01 2.341068e-01 1.045897e-01 0.446760
18.557000 5.286478e-01 2.340272e-01 1.045568e-01 0.446772
18.558000 5.286977e-01 2.339476e-01 1.045178e-01 0.446757
18.559000 5.287475e-01 2.338681e-01 1.044823e-01 0.446758
18.560000 5.287974e-01 2.337886e-01 1.044454e-01 0.446751
18.561000 5.288472e-01 2.337091e-01 1.044110e-01 0.446756
18.562000 5.288971e-01 2.336296e-01 1.043742e-01 0.446751
18.563000 5.289469e-01 2.335502e-01 1.043383e-01 0.446749
18.564000 5.289968e-01 2.334708e-01 1.043019e-01 0.446745
18.565000 5.290467e-01 2.333915e-01 1.042651e-01 0.446739
18.566000 5.290965e-01 2.333121e-01 1.042297e-01 0.446739
18.567000 5.291464e-01 2.332328e-01 1.041924e-01 0.446731
18.568000 5.291962e-01 2.331536e-01 1.041576e-01 0.446734
18.569000 5.292461e-01 2.330743e-01 1.041219e-01 0.446732
18.570000 5.292960e-01 2.329951e-01 1.040861e-01 0.446731
18.571000 5.293458e-01 2.329159e-01 1.040487e-01 0.446722
18.572000 5.293957e-01 2.328368e-01 1.040135e-01 0.446723
18.573000 5.294456e-01 2.327576e-01 1.039783e-01 0.446723
18.574000 5.294954e-01 2.326785e-01 1.039415e-01 0.446717
18.575000 5.295453e-01 2.325995e-01 1.039064e-01 0.446718
18.576000 5.295952e-01 2.325204e-01 1.038717e-01 0.446721
18.577000 5.296450e-01 2.324414e-01 1.038340e-01 0.446710
18.578000 5.296949e-01 2.323625e-01 1.037994e-01 0.446713
18.579000 5.297448e-01 2.322835e-01 1.037616e-01 0.446703
18.580000 5.297947e-01 2.322046e-01 1.037275e-01 0.446708
18.581000 5.298446e-01 2.321257e-01 1.036904e-01 0.446699
18.582000 5.298944e-01 2.320469e-01 1.036558e-01 0.446702
18.583000 5.299443e-01 2.319680e-01 1.036207e-01 0.446702
18.584000 5.299942e-01 2.318892e-01 1.035831e-01 0.446692
18.585000 5.300441e-01 2.318105e-01 1.035480e-01 0.446693
18.586000 5.300940e-01 2.317317e-01 1.035114e-01 0.446686
18.587000 5.301439e-01 2.316530e-01 1.034754e-01 0.446683
18.588000 5.301937e-01 2.315744e-01 1.034398e-01 0.446681
18.589000 5.302436e-01 2.314957e-01 1.034054e-01 0.446684
18.590000 5.302935e-01 2.314171e-01 1.033689e-01 0.446678
18.591000 5.303434e-01 2.313385e-01 1.033344e-01 0.446680
18.592000 5.303933e-01 2.312599e-01 1.032979e-01 0.446674
18.593000 5.304432e-01 2.311814e-01 1.032629e-01 0.446675
18.594000 5.304931e-01 2.311029e-01 1.032255e-01 0.446665
18.595000 5.305430e-01 2.310244e-01 1.031916e-01 0.446669
18.596000 5.305929e-01 2.309460e-01 1.031561e-01 0.446668
18.597000 5.306428e-01 2.308676e-01 1.031182e-01 0.446655
18.598000 5.306927e-01 2.307892e-01 1.030838e-01 0.446658
18.599000 5.307426e-01 2.307108e-01 1.030490e-01 0.446659
18.600000 5.307925e-01 2.306325e-01 1.030136e-01 0.446657
18.601000 5.308424e-01 2.305542e-01 1.029782e-01 0.446655
18.602000 5.308923e-01 2.304760e-01 1.029424e-01 0.446651
18.603000 5.309422e-01 2.303977e-01 1.029071e-01 0.446650
18.604000 5.309921e-01 2.303195e-01 1.028707e-01 0.446644
18.605000 5.310420e-01 2.302413e-01 1.028349e-01 0.446640
18.606000 5.310920e-01 2.301632e-01 1.028001e-01 0.446640
18.607000 5.311419e-01 2.300851e-01 1.027639e-01 0.446634
18.608000 5.311918e-01 2.300070e-01 1.027291e-01 0.446635
18.609000 5.312417e-01 2.299289e-01 1.026934e-01 0.446631
18.610000 5.312916e-01 2.298509e-01 1.026592e-01 0.446634
18.611000 5.313415e-01 2.297729e-01 1.026245e-01 0.446634
18.612000 5.313915e-01 2.296949e-01 1.025882e-01 0.446628
18.613000 5.314414e-01 2.296170e-01 1.025515e-01 0.446620
18.614000 5.314913e-01 2.295391e-01 1.025168e-01 0.446620
18.615000 5.315412e-01 2.294612e-01 1.024791e-01 0.446608
18.616000 5.315912e-01 2.293833e-01 1.024455e-01 0.446613
18.617000 5.316411e-01 2.293055e-01 1.024108e-01 0.446613
18.618000 5.316910e-01 2.292277e-01 1.023736e-01 0.446602
18.619000 5.317409e-01 2.291499e-01 1.023395e-01 0.446605
18.620000 5.317909e-01 2.290722e-01 1.023044e-01 0.446603
18.621000 5.318408e-01 2.289945e-01 1.022693e-01 0.446602
18.622000 5.318907e-01 2.289168e-01 1.022327e-01 0.446593
18.623000 5.319407e-01 2.288392e-01 1.021986e-01 0.446596
18.624000 5.319906e-01 2.287616e-01 1.021630e-01 0.446592
18.625000 5.320405e-01 2.286840e-01 1.021275e-01 0.446588
18.626000 5.320905e-01 2.286064e-01 1.020925e-01 0.446586
18.627000 5.321404e-01 2.285289e-01 1.020569e-01 0.446582
18.628000 5.321904e-01 2.284514e-01 1.020219e-01 0.446580
18.629000 5.322403e-01 2.283739e-01 1.019874e-01 0.446581
18.630000 5.322903e-01 2.282964e-01 1.019529e-01 0.446581
18.631000 5.323402e-01 2.282190e-01 1.019170e-01 0.446575
18.632000 5.323901e-01 2.281416e-01 1.018815e-01 0.446571
18.633000 5.324401e-01 2.280643e-01 1.018451e-01 0.446563
18.634000 5.324900e-01 2.279869e-01 1.018107e-01 0.446564
18.635000 5.325400e-01 2.279096e-01 1.017772e-01 0.446568
18.636000 5.325899e-01 2.278324e-01 1.017423e-01 0.446567
18.637000 5.326399e-01 2.277551e-01 1.017059e-01 0.446558
18.638000 5.326899e-01 2.276779e-01 1.016710e-01 0.446556
18.639000 5.327398e-01 2.276007e-01 1.016361e-01 0.446555
18.640000 5.327898e-01 2.275236e-01 1.016008e-01 0.446551
18.641000 5.328397e-01 2.274465e-01 1.015665e-01 0.446551
18.642000 5.328897e-01 2.273694e-01 1.015306e-01 0.446545
18.643000 5.329396e-01 2.272923e-01 1.014953e-01 0.446541
18.644000 5.329896e-01 2.272152e-01 1.014601e-01 0.446537
18.645000 5.330396e-01 2.271382e-01 1.014253e-01 0.446535
18.646000 5.330895e-01 2.270613e-01 1.013905e-01 0.446534
18.647000 5.331395e-01 2.269843e-01 1.013557e-01 0.446532
18.648000 5.331895e-01 2.269074e-01 1.013215e-01 0.446532
18.649000 5.332394e-01 2.268305e-01 1.012853e-01 0.446524
18.650000 5.332894e-01 2.267536e-01 1.012505e-01 0.446522
18.651000 5.333394e-01 2.266768e-01 1.012168e-01 0.446525
18.652000 5.333894e-01 2.266000e-01 1.011821e-01 0.446523
18.653000 5.334393e-01 2.265232e-01 1.011465e-01 0.446517
18.654000 5.334893e-01 2.264464e-01 1.011108e-01 0.446511
18.655000 5.335393e-01 2.263697e-01 1.010771e-01 0.446514
18.656000 5.335893e-01 2.262930e-01 1.010415e-01 0.446507
18.657000 5.336392e-01 2.262164e-01 1.010074e-01 0.446508
18.658000 5.336892e-01 2.261397e-01 1.009718e-01 0.446502
18.659000 5.337392e-01 2.260631e-01 1.009377e-01 0.446502
18.660000 5.337892e-01 2.259865e-01 1.009021e-01 0.446496
18.661000 5.338392e-01 2.259100e-01 1.008685e-01 0.446499
18.662000 5.338892e-01 2.258335e-01 1.008330e-01 0.446493
18.663000 5.339392e-01 2.257570e-01 1.007974e-01 0.446486
18.664000 5.339891e-01 2.256805e-01 1.007654e-01 0.446496
18.665000 5.340391e-01 2.256041e-01 1.007288e-01 0.446485
18.666000 5.340891e-01 2.255277e-01 1.006948e-01 0.446485
18.667000 5.341391e-01 2.254513e-01 1.006589e-01 0.446477
18.668000 5.341891e-01 2.253749e-01 1.006239e-01 0.446473
18.669000 5.342391e-01 2.252986e-01 1.005899e-01 0.446474
18.670000 5.342891e-01 2.252223e-01 1.005560e-01 0.446474
18.671000 5.343391e-01 2.251461e-01 1.005210e-01 0.446470
18.672000 5.343891e-01 2.250698e-01 1.004856e-01 0.446464
18.673000 5.344391e-01 2.249936e-01 1.004527e-01 0.446469
18.674000 5.344891e-01 2.249175e-01 1.004173e-01 0.446463
18.675000 5.345391e-01 2.248413e-01 1.003834e-01 0.446463
18.676000 5.345891e-01 2.247652e-01 1.003486e-01 0.446460
18.677000 5.346391e-01 2.246891e-01 1.003122e-01 0.446449
18.678000 5.346891e-01 2.246130e-01 1.002798e-01 0.446456
18.679000 5.347391e-01 2.245370e-01 1.002435e-01 0.446445
18.680000 5.347892e-01 2.244610e-01 1.002106e-01 0.446450
18.681000 5.348392e-01 2.243850e-01 1.001754e-01 0.446444
18.682000 5.348892e-01 2.243091e-01 1.001411e-01 0.446442
18.683000 5.349392e-01 2.242331e-01 1.001053e-01 0.446434
18.684000 5.349892e-01 2.241572e-01 1.000725e-01 0.446439
18.685000 5.350392e-01 2.240814e-01 1.000368e-01 0.446431
18.686000 5.350892e-01 2.240056e-01 1.000040e-01 0.446436
18.687000 5.351393e-01 2.239297e-01 9.996779e-02 0.446425
18.688000 5.351893e-01 2.238540e-01 9.993506e-02 0.446430
18.689000 5.352393e-01 2.237782e-01 9.989935e-02 0.446421
18.690000 5.352893e-01 2.237025e-01 9.986571e-02 0.446422
18.691000 5.353394e-01 2.236268e-01 9.983196e-02 0.446422
18.692000 5.353894e-01 2.235511e-01 9.979584e-02 0.446412
18.693000 5.354394e-01 2.234755e-01 9.976218e-02 0.446412
18.694000 5.354894e-01 2.233999e-01 9.972853e-02 0.446413
18.695000 5.355395e-01 2.233243e-01 9.969389e-02 0.446409
18.696000 5.355895e-01 2.232488e-01 9.965933e-02 0.446405
18.697000 5.356395e-01 2.231732e-01 9.962422e-02 0.446399
18.698000 5.356896e-01 2.230977e-01 9.959112e-02 0.446401
18.699000 5.357396e-01 2.230223e-01 9.955654e-02 0.446397
18.700000 5.357896e-01 2.229468e-01 9.952252e-02 0.446396
18.701000 5.358397e-01 2.228714e-01 9.948847e-02 0.446394
18.702000 5.358897e-01 2.227960e-01 9.945343e-02 0.446388
18.703000 5.359398e-01 2.227207e-01 9.941796e-02 0.446380
18.704000 5.359898e-01 2.226454e-01 9.938493e-02 0.446382
18.705000 5.360398e-01 2.225701e-01 9.935142e-02 0.446383
18.706000 5.360899e-01 2.224948e-01 9.931594e-02 0.446374
18.707000 5.361399e-01 2.224196e-01 9.928345e-02 0.446379
18.708000 5.361900e-01 2.223443e-01 9.924998e-02 0.446380
18.709000 5.362400e-01 2.222692e-01 9.921503e-02 0.446373
18.710000 5.362901e-01 2.221940e-01 9.918115e-02 0.446372
18.711000 5.363401e-01 2.221189e-01 9.914474e-02 0.446359
18.712000 5.363902e-01 2.220438e-01 9.911181e-02 0.446362
18.713000 5.364402e-01 2.219687e-01 9.908039e-02 0.446371
18.714000 5.364903e-01 2.218937e-01 9.904358e-02 0.446356
18.715000 5.365404e-01 2.218186e-01 9.901020e-02 0.446357
18.716000 5.365904e-01 2.217437e-01 9.897634e-02 0.446355
18.717000 5.366405e-01 2.216687e-01 9.894249e-02 0.446353
18.718000 5.366905e-01 2.215938e-01 9.890766e-02 0.446347
18.719000 5.367406e-01 2.215189e-01 9.887488e-02 0.446350
18.720000 5.367907e-01 2.214440e-01 9.884057e-02 0.446346
18.721000 5.368407e-01 2.213691e-01 9.880677e-02 0.446344
18.722000 5.368908e-01 2.212943e-01 9.877249e-02 0.446340
18.723000 5.369409e-01 2.212195e-01 9.873971e-02 0.446343
18.724000 5.369909e-01 2.211448e-01 9.870353e-02 0.446330
18.725000 5.370410e-01 2.210700e-01 9.867077e-02 0.446333
18.726000 5.370911e-01 2.209953e-01 9.863704e-02 0.446331
18.727000 5.371411e-01 2.209206e-01 9.860090e-02 0.446318
18.728000 5.371912e-01 2.208460e-01 9.856917e-02 0.446325
18.729000 5.372413e-01 2.207714e-01 9.853640e-02 0.446328
18.730000 5.372914e-01 2.206968e-01 9.850080e-02 0.446317
18.731000 5.373414e-01 2.206222e-01 9.846762e-02 0.446318
18.732000 5.373915e-01 2.205477e-01 9.843347e-02 0.446314
18.733000 5.374416e-01 2.204732e-01 9.839890e-02 0.446308
18.734000 5.374917e-01 2.203987e-01 9.836625e-02 0.446311
18.735000 5.375418e-01 2.203242e-01 9.833263e-02 0.446309
18.736000 5.375918e-01 2.202498e-01 9.829903e-02 0.446307
18.737000 5.376419e-01 2.201754e-01 9.826352e-02 0.446297
18.738000 5.376920e-01 2.201010e-01 9.823043e-02 0.446297
18.739000 5.377421e-01 2.200267e-01 9.819637e-02 0.446293
18.740000 5.377922e-01 2.199524e-01 9.816281e-02 0.446291
18.741000 5.378423e-01 2.198781e-01 9.812883e-02 0.446288
18.742000 5.378924e-01 2.198038e-01 9.809531e-02 0.446286
18.743000 5.379425e-01 2.197296e-01 9.806179e-02 0.446284
18.744000 5.379926e-01 2.196554e-01 9.802878e-02 0.446284
18.745000 5.380427e-01 2.195812e-01 9.799430e-02 0.446278
18.746000 5.380928e-01 2.195070e-01 9.796088e-02 0.446277
18.747000 5.381429e-01 2.194329e-01 9.792594e-02 0.446268
18.748000 5.381930e-01 2.193588e-01 9.789396e-02 0.446273
18.749000 5.382431e-01 2.192847e-01 9.786052e-02 0.446271
18.750000 5.382932e-01 2.192107e-01 9.782611e-02 0.446265
18.751000 5.383433e-01 2.191367e-01 9.779128e-02 0.446257
18.752000 5.383934e-01 2.190627e-01 9.775886e-02 0.446260
18.753000 5.384435e-01 2.189888e-01 9.772596e-02 0.446260
18.754000 5.384936e-01 2.189148e-01 9.769209e-02 0.446256
18.755000 5.385437e-01 2.188409e-01 9.765781e-02 0.446250
18.756000 5.385938e-01 2.187671e-01 9.762587e-02 0.446255
18.757000 5.386439e-01 2.186932e-01 9.759112e-02 0.446247
18.758000 5.386940e-01 2.186194e-01 9.755681e-02 0.446240
18.759000 5.387441e-01 2.185456e-01 9.752399e-02 0.446241
18.760000 5.387943e-01 2.184718e-01 9.749020e-02 0.446237
18.761000 5.388444e-01 2.183981e-01 9.745795e-02 0.446240
18.762000 5.388945e-01 2.183244e-01 9.742418e-02 0.446236
18.763000 5.389446e-01 2.182507e-01 9.739190e-02 0.446239
18.764000 5.389947e-01 2.181771e-01 9.735669e-02 0.446228
18.765000 5.390449e-01 2.181034e-01 9.732400e-02 0.446229
18.766000 5.390950e-01 2.180298e-01 9.728980e-02 0.446222
18.767000 5.391451e-01 2.179563e-01 9.725756e-02 0.446225
18.768000 5.391952e-01 2.178827e-01 9.722388e-02 0.446221
18.769000 5.392454e-01 2.178092e-01 9.718977e-02 0.446215
18.770000 5.392955e-01 2.177357e-01 9.715611e-02 0.446211
18.771000 5.393456e-01 2.176623e-01 9.712295e-02 0.446209
18.772000 5.393957e-01 2.175888e-01 9.708980e-02 0.446208
18.773000 5.394459e-01 2.175154e-01 9.705618e-02 0.446204
18.774000 5.394960e-01 2.174420e-01 9.702262e-02 0.446200
18.775000 5.395462e-01 2.173687e-01 9.699048e-02 0.446203
18.776000 5.395963e-01 2.172954e-01 9.695739e-02 0.446201
18.777000 5.396464e-01 2.172221e-01 9.692381e-02 0.446197
18.778000 5.396966e-01 2.171488e-01 9.689026e-02 0.446193
18.779000 5.397467e-01 2.170756e-01 9.685676e-02 0.446189
18.780000 5.397968e-01 2.170023e-01 9.682323e-02 0.446185
18.781000 5.398470e-01 2.169292e-01 9.678971e-02 0.446181
18.782000 5.398971e-01 2.168560e-01 9.675766e-02 0.446184
18.783000 5.399473e-01 2.167829e-01 9.672562e-02 0.446187
18.784000 5.399974e-01 2.167098e-01 9.669025e-02 0.446174
18.785000 5.400476e-01 2.166367e-01 9.665818e-02 0.446176
18.786000 5.400977e-01 2.165636e-01 9.662575e-02 0.446177
18.787000 5.401479e-01 2.164906e-01 9.659327e-02 0.446178
18.788000 5.401980e-01 2.164176e-01 9.655747e-02 0.446163
18.789000 5.402482e-01 2.163447e-01 9.652691e-02 0.446172
18.790000 5.402983e-01 2.162717e-01 9.649210e-02 0.446161
18.791000 5.403485e-01 2.161988e-01 9.645871e-02 0.446157
18.792000 5.403986e-01 2.161259e-01 9.642629e-02 0.446158
18.793000 5.404488e-01 2.160531e-01 9.639389e-02 0.446158
18.794000 5.404990e-01 2.159802e-01 9.636054e-02 0.446154
18.795000 5.405491e-01 2.159074e-01 9.632725e-02 0.446151
18.796000 5.405993e-01 2.158346e-01 9.629489e-02 0.446151
18.797000 5.406495e-01 2.157619e-01 9.626253e-02 0.446152
18.798000 5.406996e-01 2.156892e-01 9.622783e-02 0.446141
18.799000 5.407498e-01 2.156165e-01 9.619454e-02 0.446137
18.800000 5.408000e-01 2.155438e-01 9.616126e-02 0.446133
18.801000 5.408501e-01 2.154712e-01 9.612992e-02 0.446138
18.802000 5.409003e-01 2.153985e-01 9.609527e-02 0.446128
18.803000 5.409505e-01 2.153260e-01 9.606343e-02 0.446130
18.804000 5.410006e-01 2.152534e-01 9.603025e-02 0.446127
18.805000 5.410508e-01 2.151809e-01 9.599703e-02 0.446123
18.806000 5.411010e-01 2.151084e-01 9.596340e-02 0.446117
18.807000 5.411512e-01 2.150359e-01 9.593209e-02 0.446121
18.808000 5.412013e-01 2.149634e-01 9.589800e-02 0.446113
18.809000 5.412515e-01 2.148910e-01 9.586579e-02 0.446114
18.810000 5.413017e-01 2.148186e-01 9.583216e-02 0.446107
18.811000 5.413519e-01 2.147462e-01 9.580046e-02 0.446110
18.812000 5.414021e-01 2.146739e-01 9.576690e-02 0.446104
18.813000 5.414523e-01 2.146016e-01 9.573379e-02 0.446100
18.814000 5.415024e-01 2.145293e-01 9.570261e-02 0.446105
18.815000 5.415526e-01 2.144570e-01 9.566952e-02 0.446101
18.816000 5.416028e-01 2.143848e-01 9.563740e-02 0.446102
18.817000 5.416530e-01 2.143126e-01 9.560294e-02 0.446091
18.818000 5.417032e-01 2.142404e-01 9.557085e-02 0.446092
18.819000 5.417534e-01 2.141682e-01 9.553733e-02 0.446085
18.820000 5.418036e-01 2.140961e-01 9.550526e-02 0.446086
18.821000 5.418538e-01 2.140240e-01 9.547369e-02 0.446089
18.822000 5.419040e-01 2.139519e-01 9.544116e-02 0.446087
18.823000 5.419542e-01 2.138799e-01 9.540774e-02 0.446081
18.824000 5.420044e-01 2.138079e-01 9.537429e-02 0.446075
18.825000 5.420546e-01 2.137359e-01 9.534132e-02 0.446071
18.826000 5.421048e-01 2.136639e-01 9.531028e-02 0.446076
18.827000 5.421550e-01 2.135920e-01 9.527548e-02 0.446063
18.828000 5.422052e-01 2.135200e-01 9.524447e-02 0.446068
18.829000 5.422554e-01 2.134482e-01 9.521203e-02 0.446066
18.830000 5.423056e-01 2.133763e-01 9.517865e-02 0.446060
18.831000 5.423558e-01 2.133045e-01 9.514767e-02 0.446065
18.832000 5.424060e-01 2.132327e-01 9.511341e-02 0.446055
18.833000 5.424562e-01 2.131609e-01 9.508150e-02 0.446055
18.834000 5.425064e-01 2.130891e-01 9.504769e-02 0.446047
18.835000 5.425567e-01 2.130174e-01 9.501490e-02 0.446043
18.836000 5.426069e-01 2.129457e-01 9.498303e-02 0.446043
18.837000 5.426571e-01 2.128740e-01 9.495069e-02 0.446042
18.838000 5.427073e-01 2.128024e-01 9.491693e-02 0.446033
18.839000 5.427575e-01 2.127308e-01 9.488653e-02 0.446040
18.840000 5.428077e-01 2.126592e-01 9.485375e-02 0.446036
18.841000 5.428580e-01 2.125876e-01 9.482056e-02 0.446031
18.842000 5.429082e-01 2.125161e-01 9.478971e-02 0.446036
18.843000 5.429584e-01 2.124445e-01 9.475554e-02 0.446025
18.844000 5.430086e-01 2.123731e-01 9.472329e-02 0.446023
18.845000 5.430589e-01 2.123016e-01 9.469200e-02 0.446026
18.846000 5.431091e-01 2.122302e-01 9.465792e-02 0.446015
18.847000 5.431593e-01 2.121588e-01 9.462475e-02 0.446009
18.848000 5.432095e-01 2.120874e-01 9.459397e-02 0.446014
18.849000 5.432598e-01 2.120160e-01 9.456083e-02 0.446008
18.850000 5.433100e-01 2.119447e-01 9.452960e-02 0.446011
18.851000 5.433602e-01 2.118734e-01 9.449696e-02 0.446007
18.852000 5.434105e-01 2.118021e-01 9.446438e-02 0.446003
18.853000 5.434607e-01 2.117309e-01 9.443271e-02 0.446003
18.854000 5.435110e-01 2.116597e-01 9.440011e-02 0.446000
18.855000 5.435612e-01 2.115885e-01 9.436804e-02 0.445998
18.856000 5.436114e-01 2.115173e-01 9.433498e-02 0.445992
18.857000 5.436617e-01 2.114462e-01 9.430194e-02 0.445986
18.858000 5.437119e-01 2.113751e-01 9.427081e-02 0.445988
18.859000 5.437622e-01 2.113040e-01 9.423827e-02 0.445984
18.860000 5.438124e-01 2.112329e-01 9.420626e-02 0.445983
18.861000 5.438627e-01 2.111619e-01 9.417416e-02 0.445981
18.862000 5.439129e-01 2.110909e-01 9.414029e-02 0.445970
18.863000 5.439632e-01 2.110199e-01 9.410874e-02 0.445971
18.864000 5.440134e-01 2.109489e-01 9.407863e-02 0.445978
18.865000 5.440637e-01 2.108780e-01 9.404526e-02 0.445970
18.866000 5.441139e-01 2.108071e-01 9.401328e-02 0.445968
18.867000 5.441642e-01 2.107362e-01 9.398178e-02 0.445969
18.868000 5.442144e-01 2.106654e-01 9.394982e-02 0.445967
18.869000 5.442647e-01 2.105945e-01 9.391692e-02 0.445961
18.870000 5.443149e-01 2.105238e-01 9.388456e-02 0.445957
18.871000 5.443652e-01 2.104530e-01 9.385311e-02 0.445958
18.872000 5.444155e-01 2.103822e-01 9.382026e-02 0.445951
18.873000 5.444657e-01 2.103115e-01 9.378836e-02 0.445950
18.874000 5.445160e-01 2.102408e-01 9.375789e-02 0.445955
18.875000 5.445662e-01 2.101702e-01 9.372512e-02 0.445949
18.876000 5.446165e-01 2.100995e-01 9.369278e-02 0.445945
18.877000 5.446668e-01 2.100289e-01 9.365999e-02 0.445939
18.878000 5.447170e-01 2.099583e-01 9.362909e-02 0.445941
18.879000 5.447673e-01 2.098878e-01 9.359684e-02 0.445938
18.880000 5.448176e-01 2.098172e-01 9.356456e-02 0.445934
18.881000 5.448679e-01 2.097467e-01 9.353181e-02 0.445927
18.882000 5.449181e-01 2.096762e-01 9.349955e-02 0.445923
18.883000 5.449684e-01 2.096058e-01 9.346782e-02 0.445922
18.884000 5.450187e-01 2.095354e-01 9.343695e-02 0.445924
18.885000 5.450690e-01 2.094650e-01 9.340383e-02 0.445916
18.886000 5.451192e-01 2.093946e-01 9.337209e-02 0.445915
18.887000 5.451695e-01 2.093242e-01 9.334130e-02 0.445917
18.888000 5.452198e-01 2.092539e-01 9.330911e-02 0.445913
18.889000 5.452701e-01 2.091836e-01 9.327651e-02 0.445907
18.890000 5.453204e-01 2.091133e-01 9.324529e-02 0.445908
18.891000 5.453707e-01 2.090431e-01 9.321361e-02 0.445906
18.892000 5.454209e-01 2.089729e-01 9.318241e-02 0.445907
18.893000 5.454712e-01 2.089027e-01 9.315075e-02 0.445905
18.894000 5.455215e-01 2.088325e-01 9.311910e-02 0.445903
18.895000 5.455718e-01 2.087624e-01 9.308611e-02 0.445895
18.896000 5.456221e-01 2.086923e-01 9.305355e-02 0.445889
18.897000 5.456724e-01 2.086222e-01 9.302241e-02 0.445889
18.898000 5.457227e-01 2.085521e-01 9.299081e-02 0.445888
18.899000 5.457730e-01 2.084821e-01 9.296063e-02 0.445893
18.900000 5.458233e-01 2.084121e-01 9.292676e-02 0.445880
18.901000 5.458736e-01 2.083421e-01 9.289660e-02 0.445885
18.902000 5.459239e-01 2.082721e-01 9.286318e-02 0.445874
18.903000 5.459742e-01 2.082022e-01 9.283164e-02 0.445873
18.904000 5.460245e-01 2.081323e-01 9.279923e-02 0.445867
18.905000 5.460748e-01 2.080624e-01 9.276865e-02 0.445869
18.906000 5.461251e-01 2.079925e-01 9.273808e-02 0.445872
18.907000 5.461754e-01 2.079227e-01 9.270472e-02 0.445861
18.908000 5.462257e-01 2.078529e-01 9.267418e-02 0.445864
18.909000 5.462760e-01 2.077831e-01 9.264183e-02 0.445858
18.910000 5.463263e-01 2.077134e-01 9.260991e-02 0.445854
18.911000 5.463766e-01 2.076437e-01 9.257753e-02 0.445848
18.912000 5.464270e-01 2.075740e-01 9.254703e-02 0.445851
18.913000 5.464773e-01 2.075043e-01 9.251426e-02 0.445843
18.914000 5.465276e-01 2.074346e-01 9.248286e-02 0.445841
18.915000 5.465779e-01 2.073650e-01 9.245333e-02 0.445848
18.916000 5.466282e-01 2.072954e-01 9.242054e-02 0.445840
18.917000 5.466785e-01 2.072259e-01 9.239104e-02 0.445847
18.918000 5.467289e-01 2.071563e-01 9.235781e-02 0.445836
18.919000 5.467792e-01 2.070868e-01 9.232605e-02 0.445833
18.920000 5.468295e-01 2.070173e-01 9.229564e-02 0.445835
18.921000 5.468798e-01 2.069478e-01 9.226246e-02 0.445825
18.922000 5.469302e-01 2.068784e-01 9.223212e-02 0.445828
18.923000 5.469805e-01 2.068090e-01 9.220077e-02 0.445826
18.924000 5.470308e-01 2.067396e-01 9.216954e-02 0.445824
18.925000 5.470811e-01 2.066702e-01 9.213826e-02 0.445823
18.926000 5.471315e-01 2.066009e-01 9.210560e-02 0.445814
18.927000 5.471818e-01 2.065316e-01 9.207528e-02 0.445817
18.928000 5.472321e-01 2.064623e-01 9.204357e-02 0.445813
18.929000 5.472825e-01 2.063930e-01 9.201146e-02 0.445807
18.930000 5.473328e-01 2.063238e-01 9.197885e-02 0.445799
18.931000 5.473831e-01 2.062546e-01 9.194857e-02 0.445801
18.932000 5.474335e-01 2.061854e-01 9.191831e-02 0.445804
18.933000 5.474838e-01 2.061163e-01 9.188666e-02 0.445800
18.934000 5.475342e-01 2.060471e-01 9.185554e-02 0.445799
18.935000 5.475845e-01 2.059780e-01 9.182392e-02 0.445795
18.936000 5.476348e-01 2.059089e-01 9.179231e-02 0.445791
18.937000 5.476852e-01 2.058399e-01 9.176210e-02 0.445794
18.938000 5.477355e-01 2.057709e-01 9.173005e-02 0.445787
18.939000 5.477859e-01 2.057019e-01 9.169899e-02 0.445786
18.940000 5.478362e-01 2.056329e-01 9.166789e-02 0.445784
18.941000 5.478866e-01 2.055639e-01 9.163634e-02 0.445780
18.942000 5.479369e-01 2.054950e-01 9.160531e-02 0.445779
18.943000 5.479873e-01 2.054261e-01 9.157378e-02 0.445775
18.944000 5.480376e-01 2.053572e-01 9.154134e-02 0.445766
18.945000 5.480880e-01 2.052884e-01 9.151076e-02 0.445767
18.946000 5.481384e-01 2.052196e-01 9.147974e-02 0.445765
18.947000 5.481887e-01 2.051508e-01 9.144964e-02 0.445768
18.948000 5.482391e-01 2.050820e-01 9.141730e-02 0.445760
18.949000 5.482894e-01 2.050132e-01 9.138584e-02 0.445756
18.950000 5.483398e-01 2.049445e-01 9.135625e-02 0.445761
18.951000 5.483902e-01 2.048758e-01 9.132435e-02 0.445755
18.952000 5.484405e-01 2.048072e-01 9.129206e-02 0.445746
18.953000 5.484909e-01 2.047385e-01 9.126383e-02 0.445758
18.954000 5.485412e-01 2.046699e-01 9.123110e-02 0.445748
18.955000 5.485916e-01 2.046013e-01 9.119972e-02 0.445744
18.956000 5.486420e-01 2.045327e-01 9.116793e-02 0.445738
18.957000 5.486924e-01 2.044642e-01 9.113657e-02 0.445734
18.958000 5.487427e-01 2.043957e-01 9.110660e-02 0.445736
18.959000 5.487931e-01 2.043272e-01 9.107435e-02 0.445728
18.960000 5.488435e-01 2.042587e-01 9.104348e-02 0.445726
18.961000 5.488938e-01 2.041903e-01 9.101447e-02 0.445734
18.962000 5.489442e-01 2.041218e-01 9.098092e-02 0.445719
18.963000 5.489946e-01 2.040535e-01 9.095146e-02 0.445724
18.964000 5.490450e-01 2.039851e-01 9.091973e-02 0.445718
18.965000 5.490954e-01 2.039168e-01 9.088892e-02 0.445716
18.966000 5.491457e-01 2.038484e-01 9.085859e-02 0.445716
18.967000 5.491961e-01 2.037801e-01 9.082785e-02 0.445715
18.968000 5.492465e-01 2.037119e-01 9.079616e-02 0.445709
18.969000 5.492969e-01 2.036436e-01 9.076540e-02 0.445707
18.970000 5.493473e-01 2.035754e-01 9.073511e-02 0.445708
18.971000 5.493977e-01 2.035072e-01 9.070483e-02 0.445708
18.972000 5.494481e-01 2.034391e-01 9.067324e-02 0.445702
18.973000 5.494985e-01 2.033709e-01 9.064298e-02 0.445703
18.974000 5.495488e-01 2.033028e-01 9.061045e-02 0.445692
18.975000 5.495992e-01 2.032347e-01 9.058113e-02 0.445697
18.976000 5.496496e-01 2.031667e-01 9.054913e-02 0.445689
18.977000 5.497000e-01 2.030987e-01 9.051709e-02 0.445680
18.978000 5.497504e-01 2.030306e-01 9.048780e-02 0.445685
18.979000 5.498008e-01 2.029627e-01 9.045670e-02 0.445682
18.980000 5.498512e-01 2.028947e-01 9.042698e-02 0.445684
18.981000 5.499016e-01 2.028268e-01 9.039636e-02 0.445683
18.982000 5.499520e-01 2.027588e-01 9.036443e-02 0.445674
18.983000 5.500024e-01 2.026910e-01 9.033337e-02 0.445670
18.984000 5.500528e-01 2.026231e-01 9.030279e-02 0.445669
18.985000 5.501032e-01 2.025553e-01 9.027176e-02 0.445665
18.986000 5.501536e-01 2.024875e-01 9.024165e-02 0.445665
18.987000 5.502041e-01 2.024197e-01 9.021115e-02 0.445664
18.988000 5.502545e-01 2.023519e-01 9.018106e-02 0.445664
18.989000 5.503049e-01 2.022842e-01 9.014917e-02 0.445656
18.990000 5.503553e-01 2.022165e-01 9.011911e-02 0.445657
18.991000 5.504057e-01 2.021488e-01 9.008774e-02 0.445651
18.992000 5.504561e-01 2.020811e-01 9.005679e-02 0.445647
18.993000 5.505065e-01 2.020135e-01 9.002676e-02 0.445647
18.994000 5.505570e-01 2.019459e-01 8.999583e-02 0.445643
18.995000 5.506074e-01 2.018783e-01 8.996583e-02 0.445644
18.996000 5.506578e-01 2.018107e-01 8.993497e-02 0.445640
18.997000 5.507082e-01 2.017432e-01 8.990499e-02 0.445641
18.998000 5.507586e-01 2.016757e-01 8.987275e-02 0.445630
18.999000 5.508091e-01 2.016082e-01 8.984370e-02 0.445635
19.000000 5.508595e-01 2.015408e-01 8.981330e-02 0.445633
