23.000000 2.178354e-01 8.817889e-01 4.573710e-01 0.518685
23.001000 2.178523e-01 8.815853e-01 4.572636e-01 0.518683
23.002000 2.178692e-01 8.813817e-01 4.571562e-01 0.518681
23.003000 2.178861e-01 8.811782e-01 4.570477e-01 0.518678
23.004000 2.179031e-01 8.809748e-01 4.569407e-01 0.518676
23.005000 2.179200e-01 8.807713e-01 4.568328e-01 0.518674
23.006000 2.179369e-01 8.805680e-01 4.567257e-01 0.518672
23.007000 2.179538e-01 8.803647e-01 4.566179e-01 0.518669
23.008000 2.179708e-01 8.801614e-01 4.565106e-01 0.518667
23.009000 2.179877e-01 8.799582e-01 4.564036e-01 0.518665
23.010000 2.180046e-01 8.797551e-01 4.562959e-01 0.518662
23.011000 2.180215e-01 8.795520e-01 4.561887e-01 0.518660
23.012000 2.180385e-01 8.793490e-01 4.560813e-01 0.518658
23.013000 2.180554e-01 8.791460e-01 4.559750e-01 0.518657
23.014000 2.180723e-01 8.789431e-01 4.558681e-01 0.518655
23.015000 2.180893e-01 8.787402e-01 4.557597e-01 0.518651
23.016000 2.181062e-01 8.785374e-01 4.556535e-01 0.518650
23.017000 2.181231e-01 8.783346e-01 4.555463e-01 0.518648
23.018000 2.181400e-01 8.781319e-01 4.554390e-01 0.518645
23.019000 2.181570e-01 8.779292e-01 4.553317e-01 0.518643
23.020000 2.181739e-01 8.777266e-01 4.552252e-01 0.518641
23.021000 2.181908e-01 8.775241e-01 4.551181e-01 0.518639
23.022000 2.182078e-01 8.773216e-01 4.550103e-01 0.518636
23.023000 2.182247e-01 8.771191e-01 4.549039e-01 0.518634
23.024000 2.182416e-01 8.769167e-01 4.547978e-01 0.518633
23.025000 2.182586e-01 8.767144e-01 4.546904e-01 0.518630
23.026000 2.182755e-01 8.765121e-01 4.545831e-01 0.518627
23.027000 2.182924e-01 8.763098e-01 4.544768e-01 0.518626
23.028000 2.183094e-01 8.761077e-01 4.543696e-01 0.518623
23.029000 2.183263e-01 8.759055e-01 4.542614e-01 0.518619
23.030000 2.183433e-01 8.757035e-01 4.541548e-01 0.518617
23.031000 2.183602e-01 8.755014e-01 4.540486e-01 0.518616
23.032000 2.183771e-01 8.752995e-01 4.539421e-01 0.518614
23.033000 2.183941e-01 8.750975e-01 4.538356e-01 0.518611
23.034000 2.184110e-01 8.748957e-01 4.537291e-01 0.518609
23.035000 2.184279e-01 8.746939e-01 4.536228e-01 0.518608
23.036000 2.184449e-01 8.744921e-01 4.535166e-01 0.518606
23.037000 2.184618e-01 8.742904e-01 4.534095e-01 0.518603
23.038000 2.184788e-01 8.740887e-01 4.533019e-01 0.518599
23.039000 2.184957e-01 8.738871e-01 4.531954e-01 0.518597
23.040000 2.185126e-01 8.736856e-01 4.530898e-01 0.518596
23.041000 2.185296e-01 8.734841e-01 4.529830e-01 0.518593
23.042000 2.185465e-01 8.732827e-01 4.528765e-01 0.518591
23.043000 2.185635e-01 8.730813e-01 4.527703e-01 0.518589
23.044000 2.185804e-01 8.728799e-01 4.526651e-01 0.518588
23.045000 2.185973e-01 8.726787e-01 4.525579e-01 0.518585
23.046000 2.186143e-01 8.724774e-01 4.524514e-01 0.518582
23.047000 2.186312e-01 8.722762e-01 4.523455e-01 0.518581
23.048000 2.186482e-01 8.720751e-01 4.522392e-01 0.518578
23.049000 2.186651e-01 8.718740e-01 4.521337e-01 0.518577
23.050000 2.186821e-01 8.716730e-01 4.520271e-01 0.518574
23.051000 2.186990e-01 8.714721e-01 4.519206e-01 0.518571
23.052000 2.187160e-01 8.712711e-01 4.518138e-01 0.518569
23.053000 2.187329e-01 8.710703e-01 4.517080e-01 0.518567
23.054000 2.187498e-01 8.708695e-01 4.516033e-01 0.518566
23.055000 2.187668e-01 8.706687e-01 4.514972e-01 0.518564
23.056000 2.187837e-01 8.704680e-01 4.513904e-01 0.518561
23.057000 2.188007e-01 8.702674e-01 4.512844e-01 0.518558
23.058000 2.188176e-01 8.700668e-01 4.511785e-01 0.518556
23.059000 2.188346e-01 8.698662e-01 4.510730e-01 0.518554
23.060000 2.188515e-01 8.696657e-01 4.509662e-01 0.518551
23.061000 2.188685e-01 8.694653e-01 4.508615e-01 0.518550
23.062000 2.188854e-01 8.692649e-01 4.507553e-01 0.518548
23.063000 2.189024e-01 8.690646e-01 4.506492e-01 0.518545
23.064000 2.189193e-01 8.688643e-01 4.505430e-01 0.518542
23.065000 2.189363e-01 8.686640e-01 4.504380e-01 0.518541
23.066000 2.189532e-01 8.684639e-01 4.503320e-01 0.518539
23.067000 2.189702e-01 8.682637e-01 4.502266e-01 0.518537
23.068000 2.189871e-01 8.680637e-01 4.501198e-01 0.518533
23.069000 2.190041e-01 8.678636e-01 4.500145e-01 0.518531
23.070000 2.190210e-01 8.676637e-01 4.499096e-01 0.518530
23.071000 2.190380e-01 8.674638e-01 4.498038e-01 0.518527
23.072000 2.190549e-01 8.672639e-01 4.496974e-01 0.518524
23.073000 2.190719e-01 8.670641e-01 4.495922e-01 0.518522
23.074000 2.190889e-01 8.668643e-01 4.494868e-01 0.518520
23.075000 2.191058e-01 8.666646e-01 4.493809e-01 0.518518
23.076000 2.191228e-01 8.664650e-01 4.492762e-01 0.518516
23.077000 2.191397e-01 8.662654e-01 4.491717e-01 0.518515
23.078000 2.191567e-01 8.660658e-01 4.490647e-01 0.518511
23.079000 2.191736e-01 8.658663e-01 4.489597e-01 0.518509
23.080000 2.191906e-01 8.656669e-01 4.488552e-01 0.518508
23.081000 2.192075e-01 8.654675e-01 4.487475e-01 0.518503
23.082000 2.192245e-01 8.652681e-01 4.486443e-01 0.518503
23.083000 2.192415e-01 8.650689e-01 4.485382e-01 0.518500
23.084000 2.192584e-01 8.648696e-01 4.484337e-01 0.518499
23.085000 2.192754e-01 8.646704e-01 4.483281e-01 0.518496
23.086000 2.192923e-01 8.644713e-01 4.482227e-01 0.518493
23.087000 2.193093e-01 8.642722e-01 4.481175e-01 0.518491
23.088000 2.193263e-01 8.640732e-01 4.480132e-01 0.518490
23.089000 2.193432e-01 8.638742e-01 4.479074e-01 0.518487
23.090000 2.193602e-01 8.636753e-01 4.478020e-01 0.518484
23.091000 2.193771e-01 8.634764e-01 4.476974e-01 0.518483
23.092000 2.193941e-01 8.632776e-01 4.475928e-01 0.518481
23.093000 2.194111e-01 8.630788e-01 4.474869e-01 0.518477
23.094000 2.194280e-01 8.628801e-01 4.473828e-01 0.518476
23.095000 2.194450e-01 8.626815e-01 4.472783e-01 0.518474
23.096000 2.194620e-01 8.624829e-01 4.471731e-01 0.518472
23.097000 2.194789e-01 8.622843e-01 4.470679e-01 0.518469
23.098000 2.194959e-01 8.620858e-01 4.469622e-01 0.518466
23.099000 2.195128e-01 8.618873e-01 4.468587e-01 0.518465
23.100000 2.195298e-01 8.616889e-01 4.467541e-01 0.518463
23.101000 2.195468e-01 8.614906e-01 4.466483e-01 0.518460
23.102000 2.195637e-01 8.612923e-01 4.465445e-01 0.518459
23.103000 2.195807e-01 8.610940e-01 4.464393e-01 0.518456
23.104000 2.195977e-01 8.608959e-01 4.463359e-01 0.518455
23.105000 2.196146e-01 8.606977e-01 4.462297e-01 0.518451
23.106000 2.196316e-01 8.604996e-01 4.461254e-01 0.518449
23.107000 2.196486e-01 8.603016e-01 4.460208e-01 0.518447
23.108000 2.196656e-01 8.601036e-01 4.459164e-01 0.518445
23.109000 2.196825e-01 8.599057e-01 4.458118e-01 0.518443
23.110000 2.196995e-01 8.597078e-01 4.457065e-01 0.518440
23.111000 2.197165e-01 8.595099e-01 4.456028e-01 0.518438
23.112000 2.197334e-01 8.593122e-01 4.454993e-01 0.518437
23.113000 2.197504e-01 8.591144e-01 4.453941e-01 0.518434
23.114000 2.197674e-01 8.589168e-01 4.452902e-01 0.518432
23.115000 2.197843e-01 8.587191e-01 4.451862e-01 0.518431
23.116000 2.198013e-01 8.585216e-01 4.450818e-01 0.518428
23.117000 2.198183e-01 8.583240e-01 4.449767e-01 0.518425
23.118000 2.198353e-01 8.581266e-01 4.448713e-01 0.518422
23.119000 2.198522e-01 8.579292e-01 4.447683e-01 0.518421
23.120000 2.198692e-01 8.577318e-01 4.446637e-01 0.518418
23.121000 2.198862e-01 8.575345e-01 4.445595e-01 0.518416
23.122000 2.199032e-01 8.573372e-01 4.444558e-01 0.518414
23.123000 2.199201e-01 8.571400e-01 4.443520e-01 0.518412
23.124000 2.199371e-01 8.569428e-01 4.442471e-01 0.518409
23.125000 2.199541e-01 8.567457e-01 4.441438e-01 0.518408
23.126000 2.199711e-01 8.565487e-01 4.440395e-01 0.518405
23.127000 2.199880e-01 8.563517e-01 4.439354e-01 0.518403
23.128000 2.200050e-01 8.561547e-01 4.438318e-01 0.518401
23.129000 2.200220e-01 8.559578e-01 4.437272e-01 0.518398
23.130000 2.200390e-01 8.557610e-01 4.436224e-01 0.518395
23.131000 2.200559e-01 8.555642e-01 4.435189e-01 0.518393
23.132000 2.200729e-01 8.553674e-01 4.434163e-01 0.518393
23.133000 2.200899e-01 8.551707e-01 4.433124e-01 0.518391
23.134000 2.201069e-01 8.549741e-01 4.432085e-01 0.518388
23.135000 2.201239e-01 8.547775e-01 4.431048e-01 0.518386
23.136000 2.201408e-01 8.545809e-01 4.429993e-01 0.518382
23.137000 2.201578e-01 8.543844e-01 4.428969e-01 0.518381
23.138000 2.201748e-01 8.541880e-01 4.427931e-01 0.518379
23.139000 2.201918e-01 8.539916e-01 4.426890e-01 0.518376
23.140000 2.202088e-01 8.537953e-01 4.425855e-01 0.518374
23.141000 2.202258e-01 8.535990e-01 4.424814e-01 0.518372
23.142000 2.202427e-01 8.534028e-01 4.423782e-01 0.518370
23.143000 2.202597e-01 8.532066e-01 4.422750e-01 0.518368
23.144000 2.202767e-01 8.530105e-01 4.421704e-01 0.518365
23.145000 2.202937e-01 8.528144e-01 4.420676e-01 0.518363
23.146000 2.203107e-01 8.526183e-01 4.419637e-01 0.518361
23.147000 2.203277e-01 8.524224e-01 4.418603e-01 0.518358
23.148000 2.203446e-01 8.522264e-01 4.417580e-01 0.518358
23.149000 2.203616e-01 8.520306e-01 4.416530e-01 0.518354
23.150000 2.203786e-01 8.518347e-01 4.415504e-01 0.518352
23.151000 2.203956e-01 8.516390e-01 4.414472e-01 0.518350
23.152000 2.204126e-01 8.514433e-01 4.413438e-01 0.518348
23.153000 2.204296e-01 8.512476e-01 4.412405e-01 0.518346
23.154000 2.204466e-01 8.510520e-01 4.411368e-01 0.518343
23.155000 2.204636e-01 8.508564e-01 4.410340e-01 0.518341
23.156000 2.204805e-01 8.506609e-01 4.409296e-01 0.518338
23.157000 2.204975e-01 8.504654e-01 4.408275e-01 0.518337
23.158000 2.205145e-01 8.502700e-01 4.407241e-01 0.518334
23.159000 2.205315e-01 8.500746e-01 4.406210e-01 0.518332
23.160000 2.205485e-01 8.498793e-01 4.405195e-01 0.518332
23.161000 2.205655e-01 8.496841e-01 4.404145e-01 0.518327
23.162000 2.205825e-01 8.494889e-01 4.403114e-01 0.518325
23.163000 2.205995e-01 8.492937e-01 4.402087e-01 0.518323
23.164000 2.206165e-01 8.490986e-01 4.401062e-01 0.518322
23.165000 2.206335e-01 8.489035e-01 4.400028e-01 0.518319
23.166000 2.206504e-01 8.487085e-01 4.398998e-01 0.518317
23.167000 2.206674e-01 8.485136e-01 4.397969e-01 0.518315
23.168000 2.206844e-01 8.483187e-01 4.396941e-01 0.518312
23.169000 2.207014e-01 8.481238e-01 4.395924e-01 0.518312
23.170000 2.207184e-01 8.479290e-01 4.394880e-01 0.518308
23.171000 2.207354e-01 8.477343e-01 4.393857e-01 0.518306
23.172000 2.207524e-01 8.475396e-01 4.392823e-01 0.518303
23.173000 2.207694e-01 8.473449e-01 4.391801e-01 0.518301
23.174000 2.207864e-01 8.471503e-01 4.390777e-01 0.518300
23.175000 2.208034e-01 8.469558e-01 4.389753e-01 0.518298
23.176000 2.208204e-01 8.467613e-01 4.388717e-01 0.518294
23.177000 2.208374e-01 8.465668e-01 4.387697e-01 0.518293
23.178000 2.208544e-01 8.463724e-01 4.386661e-01 0.518290
23.179000 2.208714e-01 8.461781e-01 4.385646e-01 0.518289
23.180000 2.208884e-01 8.459838e-01 4.384605e-01 0.518285
23.181000 2.209054e-01 8.457895e-01 4.383592e-01 0.518284
23.182000 2.209224e-01 8.455954e-01 4.382563e-01 0.518281
23.183000 2.209394e-01 8.454012e-01 4.381540e-01 0.518279
23.184000 2.209564e-01 8.452071e-01 4.380513e-01 0.518277
23.185000 2.209734e-01 8.450131e-01 4.379494e-01 0.518275
23.186000 2.209904e-01 8.448191e-01 4.378470e-01 0.518273
23.187000 2.210074e-01 8.446252e-01 4.377434e-01 0.518269
23.188000 2.210244e-01 8.444313e-01 4.376418e-01 0.518268
23.189000 2.210414e-01 8.442374e-01 4.375396e-01 0.518266
23.190000 2.210584e-01 8.440436e-01 4.374377e-01 0.518264
23.191000 2.210754e-01 8.438499e-01 4.373357e-01 0.518262
23.192000 2.210924e-01 8.436562e-01 4.372327e-01 0.518259
23.193000 2.211094e-01 8.434626e-01 4.371303e-01 0.518257
23.194000 2.211264e-01 8.432690e-01 4.370288e-01 0.518256
23.195000 2.211434e-01 8.430755e-01 4.369262e-01 0.518253
23.196000 2.211604e-01 8.428820e-01 4.368246e-01 0.518251
23.197000 2.211774e-01 8.426885e-01 4.367221e-01 0.518249
23.198000 2.211944e-01 8.424952e-01 4.366204e-01 0.518247
23.199000 2.212114e-01 8.423018e-01 4.365179e-01 0.518244
23.200000 2.212285e-01 8.421085e-01 4.364172e-01 0.518243
23.201000 2.212455e-01 8.419153e-01 4.363144e-01 0.518240
23.202000 2.212625e-01 8.417221e-01 4.362120e-01 0.518238
23.203000 2.212795e-01 8.415290e-01 4.361094e-01 0.518235
23.204000 2.212965e-01 8.413359e-01 4.360086e-01 0.518234
23.205000 2.213135e-01 8.411429e-01 4.359059e-01 0.518231
23.206000 2.213305e-01 8.409499e-01 4.358050e-01 0.518229
23.207000 2.213475e-01 8.407570e-01 4.357031e-01 0.518227
23.208000 2.213645e-01 8.405641e-01 4.356017e-01 0.518225
23.209000 2.213815e-01 8.403713e-01 4.354987e-01 0.518222
23.210000 2.213985e-01 8.401785e-01 4.353971e-01 0.518220
23.211000 2.214156e-01 8.399858e-01 4.352957e-01 0.518218
23.212000 2.214326e-01 8.397931e-01 4.351928e-01 0.518214
23.213000 2.214496e-01 8.396005e-01 4.350932e-01 0.518215
23.214000 2.214666e-01 8.394079e-01 4.349911e-01 0.518212
23.215000 2.214836e-01 8.392154e-01 4.348884e-01 0.518208
23.216000 2.215006e-01 8.390229e-01 4.347875e-01 0.518207
23.217000 2.215176e-01 8.388305e-01 4.346857e-01 0.518204
23.218000 2.215347e-01 8.386381e-01 4.345841e-01 0.518202
23.219000 2.215517e-01 8.384458e-01 4.344827e-01 0.518200
23.220000 2.215687e-01 8.382535e-01 4.343803e-01 0.518197
23.221000 2.215857e-01 8.380613e-01 4.342805e-01 0.518197
23.222000 2.216027e-01 8.378691e-01 4.341796e-01 0.518195
23.223000 2.216197e-01 8.376770e-01 4.340770e-01 0.518191
23.224000 2.216367e-01 8.374849e-01 4.339760e-01 0.518190
23.225000 2.216538e-01 8.372929e-01 4.338746e-01 0.518187
23.226000 2.216708e-01 8.371009e-01 4.337729e-01 0.518185
23.227000 2.216878e-01 8.369090e-01 4.336725e-01 0.518184
23.228000 2.217048e-01 8.367171e-01 4.335708e-01 0.518181
23.229000 2.217218e-01 8.365253e-01 4.334695e-01 0.518179
23.230000 2.217389e-01 8.363335e-01 4.333685e-01 0.518177
23.231000 2.217559e-01 8.361418e-01 4.332680e-01 0.518175
23.232000 2.217729e-01 8.359501e-01 4.331664e-01 0.518173
23.233000 2.217899e-01 8.357585e-01 4.330649e-01 0.518170
23.234000 2.218069e-01 8.355669e-01 4.329647e-01 0.518169
23.235000 2.218240e-01 8.353754e-01 4.328624e-01 0.518165
23.236000 2.218410e-01 8.351839e-01 4.327615e-01 0.518163
23.237000 2.218580e-01 8.349925e-01 4.326595e-01 0.518160
23.238000 2.218750e-01 8.348011e-01 4.325594e-01 0.518159
23.239000 2.218921e-01 8.346098e-01 4.324592e-01 0.518157
23.240000 2.219091e-01 8.344185e-01 4.323578e-01 0.518155
23.241000 2.219261e-01 8.342273e-01 4.322570e-01 0.518153
23.242000 2.219431e-01 8.340361e-01 4.321561e-01 0.518150
23.243000 2.219602e-01 8.338450e-01 4.320550e-01 0.518148
23.244000 2.219772e-01 8.336539e-01 4.319538e-01 0.518145
23.245000 2.219942e-01 8.334629e-01 4.318526e-01 0.518143
23.246000 2.220112e-01 8.332719e-01 4.317521e-01 0.518141
23.247000 2.220283e-01 8.330810e-01 4.316530e-01 0.518141
23.248000 2.220453e-01 8.328901e-01 4.315515e-01 0.518137
23.249000 2.220623e-01 8.326993e-01 4.314500e-01 0.518134
23.250000 2.220793e-01 8.325085e-01 4.313497e-01 0.518132
23.251000 2.220964e-01 8.323177e-01 4.312488e-01 0.518130
23.252000 2.221134e-01 8.321271e-01 4.311487e-01 0.518128
23.253000 2.221304e-01 8.319364e-01 4.310477e-01 0.518126
23.254000 2.221475e-01 8.317459e-01 4.309467e-01 0.518123
23.255000 2.221645e-01 8.315553e-01 4.308461e-01 0.518121
23.256000 2.221815e-01 8.313649e-01 4.307465e-01 0.518120
23.257000 2.221985e-01 8.311744e-01 4.306467e-01 0.518118
23.258000 2.222156e-01 8.309840e-01 4.305458e-01 0.518116
23.259000 2.222326e-01 8.307937e-01 4.304442e-01 0.518112
23.260000 2.222496e-01 8.306034e-01 4.303436e-01 0.518110
23.261000 2.222667e-01 8.304132e-01 4.302443e-01 0.518109
23.262000 2.222837e-01 8.302230e-01 4.301447e-01 0.518107
23.263000 2.223007e-01 8.300329e-01 4.300430e-01 0.518104
23.264000 2.223178e-01 8.298428e-01 4.299423e-01 0.518101
23.265000 2.223348e-01 8.296528e-01 4.298423e-01 0.518099
23.266000 2.223518e-01 8.294628e-01 4.297421e-01 0.518097
23.267000 2.223689e-01 8.292729e-01 4.296427e-01 0.518096
23.268000 2.223859e-01 8.290830e-01 4.295421e-01 0.518093
23.269000 2.224029e-01 8.288931e-01 4.294415e-01 0.518090
23.270000 2.224200e-01 8.287033e-01 4.293410e-01 0.518088
23.271000 2.224370e-01 8.285136e-01 4.292414e-01 0.518086
23.272000 2.224541e-01 8.283239e-01 4.291414e-01 0.518084
23.273000 2.224711e-01 8.281343e-01 4.290413e-01 0.518082
23.274000 2.224881e-01 8.279447e-01 4.289405e-01 0.518079
23.275000 2.225052e-01 8.277552e-01 4.288417e-01 0.518078
23.276000 2.225222e-01 8.275657e-01 4.287412e-01 0.518075
23.277000 2.225392e-01 8.273762e-01 4.286417e-01 0.518074
23.278000 2.225563e-01 8.271868e-01 4.285414e-01 0.518071
23.279000 2.225733e-01 8.269975e-01 4.284418e-01 0.518069
23.280000 2.225904e-01 8.268082e-01 4.283425e-01 0.518068
23.281000 2.226074e-01 8.266190e-01 4.282418e-01 0.518064
23.282000 2.226244e-01 8.264298e-01 4.281420e-01 0.518062
23.283000 2.226415e-01 8.262406e-01 4.280416e-01 0.518059
23.284000 2.226585e-01 8.260515e-01 4.279418e-01 0.518057
23.285000 2.226756e-01 8.258625e-01 4.278433e-01 0.518056
23.286000 2.226926e-01 8.256735e-01 4.277426e-01 0.518053
23.287000 2.227097e-01 8.254845e-01 4.276438e-01 0.518052
23.288000 2.227267e-01 8.252956e-01 4.275437e-01 0.518049
23.289000 2.227437e-01 8.251068e-01 4.274442e-01 0.518047
23.290000 2.227608e-01 8.249180e-01 4.273442e-01 0.518044
23.291000 2.227778e-01 8.247292e-01 4.272453e-01 0.518043
23.292000 2.227949e-01 8.245405e-01 4.271454e-01 0.518040
23.293000 2.228119e-01 8.243519e-01 4.270448e-01 0.518037
23.294000 2.228290e-01 8.241633e-01 4.269461e-01 0.518036
23.295000 2.228460e-01 8.239747e-01 4.268474e-01 0.518035
23.296000 2.228631e-01 8.237862e-01 4.267468e-01 0.518031
23.297000 2.228801e-01 8.235978e-01 4.266483e-01 0.518030
23.298000 2.228972e-01 8.234094e-01 4.265491e-01 0.518028
23.299000 2.229142e-01 8.232210e-01 4.264502e-01 0.518026
23.300000 2.229313e-01 8.230327e-01 4.263497e-01 0.518023
23.301000 2.229483e-01 8.228444e-01 4.262503e-01 0.518021
23.302000 2.229653e-01 8.226562e-01 4.261512e-01 0.518019
23.303000 2.229824e-01 8.224681e-01 4.260519e-01 0.518016
23.304000 2.229994e-01 8.222799e-01 4.259531e-01 0.518015
23.305000 2.230165e-01 8.220919e-01 4.258535e-01 0.518012
23.306000 2.230336e-01 8.219039e-01 4.257550e-01 0.518011
23.307000 2.230506e-01 8.217159e-01 4.256547e-01 0.518007
23.308000 2.230677e-01 8.215280e-01 4.255572e-01 0.518007
23.309000 2.230847e-01 8.213401e-01 4.254577e-01 0.518004
23.310000 2.231018e-01 8.211523e-01 4.253574e-01 0.518001
23.311000 2.231188e-01 8.209645e-01 4.252581e-01 0.517998
23.312000 2.231359e-01 8.207768e-01 4.251594e-01 0.517996
23.313000 2.231529e-01 8.205891e-01 4.250615e-01 0.517996
23.314000 2.231700e-01 8.204015e-01 4.249610e-01 0.517992
23.315000 2.231870e-01 8.202139e-01 4.248618e-01 0.517989
23.316000 2.232041e-01 8.200264e-01 4.247649e-01 0.517989
23.317000 2.232211e-01 8.198389e-01 4.246651e-01 0.517986
23.318000 2.232382e-01 8.196515e-01 4.245659e-01 0.517983
23.319000 2.232552e-01 8.194641e-01 4.244679e-01 0.517982
23.320000 2.232723e-01 8.192768e-01 4.243687e-01 0.517980
23.321000 2.232894e-01 8.190895e-01 4.242699e-01 0.517977
23.322000 2.233064e-01 8.189023e-01 4.241715e-01 0.517976
23.323000 2.233235e-01 8.187151e-01 4.240727e-01 0.517973
23.324000 2.233405e-01 8.185279e-01 4.239741e-01 0.517971
23.325000 2.233576e-01 8.183408e-01 4.238746e-01 0.517968
23.326000 2.233747e-01 8.181538e-01 4.237772e-01 0.517968
23.327000 2.233917e-01 8.179668e-01 4.236778e-01 0.517965
23.328000 2.234088e-01 8.177799e-01 4.235791e-01 0.517962
23.329000 2.234258e-01 8.175930e-01 4.234810e-01 0.517961
23.330000 2.234429e-01 8.174061e-01 4.233821e-01 0.517958
23.331000 2.234600e-01 8.172193e-01 4.232828e-01 0.517955
23.332000 2.234770e-01 8.170326e-01 4.231846e-01 0.517953
23.333000 2.234941e-01 8.168459e-01 4.230859e-01 0.517951
23.334000 2.235111e-01 8.166592e-01 4.229878e-01 0.517949
23.335000 2.235282e-01 8.164726e-01 4.228893e-01 0.517947
23.336000 2.235453e-01 8.162861e-01 4.227903e-01 0.517944
23.337000 2.235623e-01 8.160996e-01 4.226926e-01 0.517942
23.338000 2.235794e-01 8.159131e-01 4.225939e-01 0.517940
23.339000 2.235965e-01 8.157267e-01 4.224960e-01 0.517938
23.340000 2.236135e-01 8.155403e-01 4.223984e-01 0.517937
23.341000 2.236306e-01 8.153540e-01 4.222998e-01 0.517934
23.342000 2.236477e-01 8.151678e-01 4.222013e-01 0.517932
23.343000 2.236647e-01 8.149815e-01 4.221037e-01 0.517930
23.344000 2.236818e-01 8.147954e-01 4.220048e-01 0.517927
23.345000 2.236989e-01 8.146093e-01 4.219067e-01 0.517925
23.346000 2.237159e-01 8.144232e-01 4.218089e-01 0.517924
23.347000 2.237330e-01 8.142372e-01 4.217100e-01 0.517920
23.348000 2.237501e-01 8.140512e-01 4.216128e-01 0.517919
23.349000 2.237671e-01 8.138653e-01 4.215147e-01 0.517917
23.350000 2.237842e-01 8.136794e-01 4.214163e-01 0.517914
23.351000 2.238013e-01 8.134936e-01 4.213191e-01 0.517913
23.352000 2.238183e-01 8.133078e-01 4.212196e-01 0.517909
23.353000 2.238354e-01 8.131220e-01 4.211224e-01 0.517908
23.354000 2.238525e-01 8.129364e-01 4.210240e-01 0.517905
23.355000 2.238695e-01 8.127507e-01 4.209262e-01 0.517903
23.356000 2.238866e-01 8.125651e-01 4.208294e-01 0.517902
23.357000 2.239037e-01 8.123796e-01 4.207313e-01 0.517900
23.358000 2.239208e-01 8.121941e-01 4.206335e-01 0.517898
23.359000 2.239378e-01 8.120087e-01 4.205341e-01 0.517894
23.360000 2.239549e-01 8.118233e-01 4.204371e-01 0.517892
23.361000 2.239720e-01 8.116379e-01 4.203389e-01 0.517890
23.362000 2.239891e-01 8.114526e-01 4.202424e-01 0.517889
23.363000 2.240061e-01 8.112674e-01 4.201437e-01 0.517886
23.364000 2.240232e-01 8.110822e-01 4.200460e-01 0.517883
23.365000 2.240403e-01 8.108970e-01 4.199480e-01 0.517881
23.366000 2.240574e-01 8.107119e-01 4.198514e-01 0.517880
23.367000 2.240744e-01 8.105269e-01 4.197543e-01 0.517878
23.368000 2.240915e-01 8.103418e-01 4.196567e-01 0.517876
23.369000 2.241086e-01 8.101569e-01 4.195591e-01 0.517874
23.370000 2.241257e-01 8.099720e-01 4.194617e-01 0.517872
23.371000 2.241427e-01 8.097871e-01 4.193634e-01 0.517869
23.372000 2.241598e-01 8.096023e-01 4.192667e-01 0.517867
23.373000 2.241769e-01 8.094175e-01 4.191690e-01 0.517865
23.374000 2.241940e-01 8.092328e-01 4.190719e-01 0.517863
23.375000 2.242111e-01 8.090481e-01 4.189737e-01 0.517860
23.376000 2.242281e-01 8.088635e-01 4.188765e-01 0.517858
23.377000 2.242452e-01 8.086789e-01 4.187791e-01 0.517856
23.378000 2.242623e-01 8.084944e-01 4.186814e-01 0.517853
23.379000 2.242794e-01 8.083099e-01 4.185842e-01 0.517851
23.380000 2.242965e-01 8.081255e-01 4.184877e-01 0.517850
23.381000 2.243135e-01 8.079411e-01 4.183897e-01 0.517847
23.382000 2.243306e-01 8.077567e-01 4.182926e-01 0.517845
23.383000 2.243477e-01 8.075724e-01 4.181961e-01 0.517843
23.384000 2.243648e-01 8.073882e-01 4.180982e-01 0.517840
23.385000 2.243819e-01 8.072040e-01 4.180015e-01 0.517839
23.386000 2.243990e-01 8.070199e-01 4.179033e-01 0.517835
23.387000 2.244160e-01 8.068358e-01 4.178080e-01 0.517835
23.388000 2.244331e-01 8.066517e-01 4.177099e-01 0.517832
23.389000 2.244502e-01 8.064677e-01 4.176132e-01 0.517830
23.390000 2.244673e-01 8.062837e-01 4.175164e-01 0.517828
23.391000 2.244844e-01 8.060998e-01 4.174197e-01 0.517826
23.392000 2.245015e-01 8.059160e-01 4.173224e-01 0.517824
23.393000 2.245186e-01 8.057322e-01 4.172247e-01 0.517821
23.394000 2.245356e-01 8.055484e-01 4.171279e-01 0.517819
23.395000 2.245527e-01 8.053647e-01 4.170313e-01 0.517817
23.396000 2.245698e-01 8.051810e-01 4.169346e-01 0.517815
23.397000 2.245869e-01 8.049974e-01 4.168377e-01 0.517813
23.398000 2.246040e-01 8.048138e-01 4.167405e-01 0.517810
23.399000 2.246211e-01 8.046303e-01 4.166448e-01 0.517809
23.400000 2.246382e-01 8.044468e-01 4.165467e-01 0.517805
23.401000 2.246553e-01 8.042634e-01 4.164511e-01 0.517804
23.402000 2.246723e-01 8.040800e-01 4.163545e-01 0.517802
23.403000 2.246894e-01 8.038966e-01 4.162569e-01 0.517799
23.404000 2.247065e-01 8.037134e-01 4.161600e-01 0.517797
23.405000 2.247236e-01 8.035301e-01 4.160637e-01 0.517795
23.406000 2.247407e-01 8.033469e-01 4.159683e-01 0.517794
23.407000 2.247578e-01 8.031638e-01 4.158714e-01 0.517791
23.408000 2.247749e-01 8.029807e-01 4.157749e-01 0.517789
23.409000 2.247920e-01 8.027976e-01 4.156780e-01 0.517787
23.410000 2.248091e-01 8.026146e-01 4.155811e-01 0.517784
23.411000 2.248262e-01 8.024317e-01 4.154851e-01 0.517783
23.412000 2.248433e-01 8.022487e-01 4.153883e-01 0.517780
23.413000 2.248604e-01 8.020659e-01 4.152922e-01 0.517778
23.414000 2.248775e-01 8.018831e-01 4.151950e-01 0.517775
23.415000 2.248946e-01 8.017003e-01 4.150986e-01 0.517773
23.416000 2.249117e-01 8.015176e-01 4.150024e-01 0.517771
23.417000 2.249288e-01 8.013349e-01 4.149061e-01 0.517769
23.418000 2.249458e-01 8.011523e-01 4.148103e-01 0.517767
23.419000 2.249629e-01 8.009697e-01 4.147143e-01 0.517765
23.420000 2.249800e-01 8.007872e-01 4.146178e-01 0.517763
23.421000 2.249971e-01 8.006047e-01 4.145207e-01 0.517760
23.422000 2.250142e-01 8.004222e-01 4.144261e-01 0.517759
23.423000 2.250313e-01 8.002399e-01 4.143297e-01 0.517757
23.424000 2.250484e-01 8.000575e-01 4.142328e-01 0.517754
23.425000 2.250655e-01 7.998752e-01 4.141366e-01 0.517752
23.426000 2.250826e-01 7.996930e-01 4.140401e-01 0.517749
23.427000 2.250997e-01 7.995108e-01 4.139456e-01 0.517749
23.428000 2.251168e-01 7.993286e-01 4.138489e-01 0.517746
23.429000 2.251339e-01 7.991465e-01 4.137528e-01 0.517743
23.430000 2.251510e-01 7.989645e-01 4.136562e-01 0.517740
23.431000 2.251681e-01 7.987824e-01 4.135615e-01 0.517740
23.432000 2.251852e-01 7.986005e-01 4.134658e-01 0.517738
23.433000 2.252023e-01 7.984186e-01 4.133699e-01 0.517736
23.434000 2.252195e-01 7.982367e-01 4.132736e-01 0.517733
23.435000 2.252366e-01 7.980549e-01 4.131766e-01 0.517730
23.436000 2.252537e-01 7.978731e-01 4.130820e-01 0.517729
23.437000 2.252708e-01 7.976914e-01 4.129851e-01 0.517725
23.438000 2.252879e-01 7.975097e-01 4.128900e-01 0.517724
23.439000 2.253050e-01 7.973280e-01 4.127940e-01 0.517722
23.440000 2.253221e-01 7.971465e-01 4.126975e-01 0.517719
23.441000 2.253392e-01 7.969649e-01 4.126030e-01 0.517718
23.442000 2.253563e-01 7.967834e-01 4.125062e-01 0.517714
23.443000 2.253734e-01 7.966020e-01 4.124112e-01 0.517713
23.444000 2.253905e-01 7.964206e-01 4.123157e-01 0.517711
23.445000 2.254076e-01 7.962392e-01 4.122204e-01 0.517709
23.446000 2.254247e-01 7.960579e-01 4.121250e-01 0.517707
23.447000 2.254418e-01 7.958767e-01 4.120297e-01 0.517705
23.448000 2.254589e-01 7.956954e-01 4.119331e-01 0.517702
23.449000 2.254761e-01 7.955143e-01 4.118383e-01 0.517701
23.450000 2.254932e-01 7.953332e-01 4.117422e-01 0.517698
23.451000 2.255103e-01 7.951521e-01 4.116479e-01 0.517697
23.452000 2.255274e-01 7.949711e-01 4.115516e-01 0.517694
23.453000 2.255445e-01 7.947901e-01 4.114566e-01 0.517692
23.454000 2.255616e-01 7.946092e-01 4.113612e-01 0.517690
23.455000 2.255787e-01 7.944283e-01 4.112656e-01 0.517688
23.456000 2.255958e-01 7.942474e-01 4.111695e-01 0.517684
23.457000 2.256129e-01 7.940667e-01 4.110756e-01 0.517684
23.458000 2.256301e-01 7.938859e-01 4.109789e-01 0.517680
23.459000 2.256472e-01 7.937052e-01 4.108841e-01 0.517678
23.460000 2.256643e-01 7.935246e-01 4.107892e-01 0.517677
23.461000 2.256814e-01 7.933440e-01 4.106940e-01 0.517675
23.462000 2.256985e-01 7.931634e-01 4.105985e-01 0.517672
23.463000 2.257156e-01 7.929829e-01 4.105037e-01 0.517670
23.464000 2.257327e-01 7.928024e-01 4.104082e-01 0.517668
23.465000 2.257499e-01 7.926220e-01 4.103128e-01 0.517665
23.466000 2.257670e-01 7.924416e-01 4.102174e-01 0.517663
23.467000 2.257841e-01 7.922613e-01 4.101232e-01 0.517661
23.468000 2.258012e-01 7.920810e-01 4.100297e-01 0.517661
23.469000 2.258183e-01 7.919008e-01 4.099332e-01 0.517657
23.470000 2.258354e-01 7.917206e-01 4.098378e-01 0.517655
23.471000 2.258526e-01 7.915405e-01 4.097432e-01 0.517653
23.472000 2.258697e-01 7.913604e-01 4.096490e-01 0.517652
23.473000 2.258868e-01 7.911804e-01 4.095535e-01 0.517649
23.474000 2.259039e-01 7.910004e-01 4.094593e-01 0.517647
23.475000 2.259210e-01 7.908204e-01 4.093634e-01 0.517644
23.476000 2.259382e-01 7.906405e-01 4.092689e-01 0.517642
23.477000 2.259553e-01 7.904607e-01 4.091737e-01 0.517640
23.478000 2.259724e-01 7.902809e-01 4.090794e-01 0.517638
23.479000 2.259895e-01 7.901011e-01 4.089850e-01 0.517636
23.480000 2.260066e-01 7.899214e-01 4.088899e-01 0.517634
23.481000 2.260238e-01 7.897417e-01 4.087951e-01 0.517631
23.482000 2.260409e-01 7.895621e-01 4.087006e-01 0.517629
23.483000 2.260580e-01 7.893825e-01 4.086060e-01 0.517627
23.484000 2.260751e-01 7.892030e-01 4.085114e-01 0.517625
23.485000 2.260923e-01 7.890235e-01 4.084167e-01 0.517623
23.486000 2.261094e-01 7.888440e-01 4.083219e-01 0.517621
23.487000 2.261265e-01 7.886647e-01 4.082280e-01 0.517619
23.488000 2.261436e-01 7.884853e-01 4.081328e-01 0.517616
23.489000 2.261608e-01 7.883060e-01 4.080382e-01 0.517614
23.490000 2.261779e-01 7.881268e-01 4.079439e-01 0.517612
23.491000 2.261950e-01 7.879475e-01 4.078487e-01 0.517609
23.492000 2.262121e-01 7.877684e-01 4.077558e-01 0.517609
23.493000 2.262293e-01 7.875893e-01 4.076603e-01 0.517605
23.494000 2.262464e-01 7.874102e-01 4.075669e-01 0.517604
23.495000 2.262635e-01 7.872312e-01 4.074720e-01 0.517601
23.496000 2.262807e-01 7.870522e-01 4.073772e-01 0.517599
23.497000 2.262978e-01 7.868733e-01 4.072833e-01 0.517597
23.498000 2.263149e-01 7.866944e-01 4.071886e-01 0.517594
23.499000 2.263320e-01 7.865156e-01 4.070944e-01 0.517592
23.500000 2.263492e-01 7.863368e-01 4.070003e-01 0.517590
23.501000 2.263663e-01 7.861580e-01 4.069061e-01 0.517588
23.502000 2.263834e-01 7.859793e-01 4.068115e-01 0.517586
23.503000 2.264006e-01 7.858007e-01 4.067184e-01 0.517585
23.504000 2.264177e-01 7.856221e-01 4.066237e-01 0.517582
23.505000 2.264348e-01 7.854435e-01 4.065299e-01 0.517580
23.506000 2.264520e-01 7.852650e-01 4.064363e-01 0.517578
23.507000 2.264691e-01 7.850865e-01 4.063406e-01 0.517574
23.508000 2.264862e-01 7.849081e-01 4.062478e-01 0.517574
23.509000 2.265034e-01 7.847297e-01 4.061534e-01 0.517571
23.510000 2.265205e-01 7.845514e-01 4.060595e-01 0.517569
23.511000 2.265376e-01 7.843731e-01 4.059664e-01 0.517568
23.512000 2.265548e-01 7.841949e-01 4.058720e-01 0.517565
23.513000 2.265719e-01 7.840167e-01 4.057777e-01 0.517563
23.514000 2.265890e-01 7.838386e-01 4.056835e-01 0.517560
23.515000 2.266062e-01 7.836605e-01 4.055904e-01 0.517559
23.516000 2.266233e-01 7.834824e-01 4.054958e-01 0.517556
23.517000 2.266404e-01 7.833044e-01 4.054031e-01 0.517555
23.518000 2.266576e-01 7.831264e-01 4.053083e-01 0.517552
23.519000 2.266747e-01 7.829485e-01 4.052152e-01 0.517550
23.520000 2.266919e-01 7.827707e-01 4.051213e-01 0.517548
23.521000 2.267090e-01 7.825928e-01 4.050286e-01 0.517547
23.522000 2.267261e-01 7.824151e-01 4.049338e-01 0.517543
23.523000 2.267433e-01 7.822373e-01 4.048394e-01 0.517540
23.524000 2.267604e-01 7.820596e-01 4.047466e-01 0.517539
23.525000 2.267776e-01 7.818820e-01 4.046526e-01 0.517537
23.526000 2.267947e-01 7.817044e-01 4.045598e-01 0.517536
23.527000 2.268118e-01 7.815269e-01 4.044659e-01 0.517533
23.528000 2.268290e-01 7.813494e-01 4.043712e-01 0.517529
23.529000 2.268461e-01 7.811719e-01 4.042792e-01 0.517529
23.530000 2.268633e-01 7.809945e-01 4.041850e-01 0.517526
23.531000 2.268804e-01 7.808171e-01 4.040912e-01 0.517523
23.532000 2.268976e-01 7.806398e-01 4.039982e-01 0.517522
23.533000 2.269147e-01 7.804626e-01 4.039054e-01 0.517521
23.534000 2.269318e-01 7.802853e-01 4.038109e-01 0.517517
23.535000 2.269490e-01 7.801081e-01 4.037180e-01 0.517515
23.536000 2.269661e-01 7.799310e-01 4.036247e-01 0.517513
23.537000 2.269833e-01 7.797539e-01 4.035322e-01 0.517512
23.538000 2.270004e-01 7.795769e-01 4.034374e-01 0.517508
23.539000 2.270176e-01 7.793999e-01 4.033452e-01 0.517507
23.540000 2.270347e-01 7.792229e-01 4.032514e-01 0.517504
23.541000 2.270519e-01 7.790460e-01 4.031581e-01 0.517502
23.542000 2.270690e-01 7.788692e-01 4.030661e-01 0.517502
23.543000 2.270862e-01 7.786923e-01 4.029722e-01 0.517499
23.544000 2.271033e-01 7.785156e-01 4.028788e-01 0.517496
23.545000 2.271205e-01 7.783389e-01 4.027863e-01 0.517495
23.546000 2.271376e-01 7.781622e-01 4.026921e-01 0.517491
23.547000 2.271548e-01 7.779855e-01 4.026006e-01 0.517491
23.548000 2.271719e-01 7.778090e-01 4.025068e-01 0.517488
23.549000 2.271890e-01 7.776324e-01 4.024130e-01 0.517485
23.550000 2.272062e-01 7.774559e-01 4.023204e-01 0.517483
23.551000 2.272234e-01 7.772795e-01 4.022268e-01 0.517480
23.552000 2.272405e-01 7.771031e-01 4.021349e-01 0.517479
23.553000 2.272577e-01 7.769267e-01 4.020428e-01 0.517478
23.554000 2.272748e-01 7.767504e-01 4.019495e-01 0.517476
23.555000 2.272920e-01 7.765741e-01 4.018555e-01 0.517472
23.556000 2.273091e-01 7.763979e-01 4.017623e-01 0.517470
23.557000 2.273263e-01 7.762217e-01 4.016699e-01 0.517468
23.558000 2.273434e-01 7.760456e-01 4.015779e-01 0.517467
23.559000 2.273606e-01 7.758695e-01 4.014851e-01 0.517465
23.560000 2.273777e-01 7.756935e-01 4.013923e-01 0.517463
23.561000 2.273949e-01 7.755175e-01 4.012993e-01 0.517460
23.562000 2.274120e-01 7.753415e-01 4.012066e-01 0.517458
23.563000 2.274292e-01 7.751656e-01 4.011139e-01 0.517456
23.564000 2.274463e-01 7.749898e-01 4.010219e-01 0.517454
23.565000 2.274635e-01 7.748140e-01 4.009294e-01 0.517452
23.566000 2.274807e-01 7.746382e-01 4.008367e-01 0.517450
23.567000 2.274978e-01 7.744625e-01 4.007427e-01 0.517446
23.568000 2.275150e-01 7.742868e-01 4.006506e-01 0.517445
23.569000 2.275321e-01 7.741111e-01 4.005582e-01 0.517443
23.570000 2.275493e-01 7.739356e-01 4.004663e-01 0.517441
23.571000 2.275665e-01 7.737600e-01 4.003740e-01 0.517439
23.572000 2.275836e-01 7.735845e-01 4.002815e-01 0.517437
23.573000 2.276008e-01 7.734091e-01 4.001886e-01 0.517435
23.574000 2.276179e-01 7.732337e-01 4.000960e-01 0.517432
23.575000 2.276351e-01 7.730583e-01 4.000039e-01 0.517430
23.576000 2.276523e-01 7.728830e-01 3.999119e-01 0.517429
23.577000 2.276694e-01 7.727077e-01 3.998191e-01 0.517426
23.578000 2.276866e-01 7.725325e-01 3.997269e-01 0.517424
23.579000 2.277037e-01 7.723573e-01 3.996343e-01 0.517421
23.580000 2.277209e-01 7.721822e-01 3.995424e-01 0.517420
23.581000 2.277381e-01 7.720071e-01 3.994498e-01 0.517417
23.582000 2.277552e-01 7.718320e-01 3.993583e-01 0.517416
23.583000 2.277724e-01 7.716570e-01 3.992665e-01 0.517414
23.584000 2.277896e-01 7.714821e-01 3.991729e-01 0.517410
23.585000 2.278067e-01 7.713072e-01 3.990807e-01 0.517408
23.586000 2.278239e-01 7.711323e-01 3.989894e-01 0.517407
23.587000 2.278411e-01 7.709575e-01 3.988973e-01 0.517405
23.588000 2.278582e-01 7.707827e-01 3.988048e-01 0.517402
23.589000 2.278754e-01 7.706080e-01 3.987129e-01 0.517400
23.590000 2.278925e-01 7.704333e-01 3.986201e-01 0.517397
23.591000 2.279097e-01 7.702587e-01 3.985289e-01 0.517396
23.592000 2.279269e-01 7.700841e-01 3.984373e-01 0.517395
23.593000 2.279441e-01 7.699095e-01 3.983453e-01 0.517392
23.594000 2.279612e-01 7.697350e-01 3.982535e-01 0.517390
23.595000 2.279784e-01 7.695606e-01 3.981615e-01 0.517388
23.596000 2.279956e-01 7.693862e-01 3.980682e-01 0.517384
23.597000 2.280127e-01 7.692118e-01 3.979779e-01 0.517384
23.598000 2.280299e-01 7.690375e-01 3.978853e-01 0.517381
23.599000 2.280471e-01 7.688632e-01 3.977936e-01 0.517379
23.600000 2.280642e-01 7.686890e-01 3.977014e-01 0.517376
23.601000 2.280814e-01 7.685148e-01 3.976105e-01 0.517375
23.602000 2.280986e-01 7.683406e-01 3.975177e-01 0.517372
23.603000 2.281158e-01 7.681665e-01 3.974259e-01 0.517369
23.604000 2.281329e-01 7.679925e-01 3.973347e-01 0.517368
23.605000 2.281501e-01 7.678185e-01 3.972437e-01 0.517367
23.606000 2.281673e-01 7.676445e-01 3.971520e-01 0.517364
23.607000 2.281844e-01 7.674706e-01 3.970605e-01 0.517363
23.608000 2.282016e-01 7.672967e-01 3.969682e-01 0.517359
23.609000 2.282188e-01 7.671229e-01 3.968771e-01 0.517358
23.610000 2.282360e-01 7.669491e-01 3.967851e-01 0.517355
23.611000 2.282531e-01 7.667753e-01 3.966936e-01 0.517353
23.612000 2.282703e-01 7.666016e-01 3.966019e-01 0.517351
23.613000 2.282875e-01 7.664280e-01 3.965107e-01 0.517349
23.614000 2.283047e-01 7.662544e-01 3.964196e-01 0.517347
23.615000 2.283218e-01 7.660808e-01 3.963282e-01 0.517345
23.616000 2.283390e-01 7.659073e-01 3.962365e-01 0.517343
23.617000 2.283562e-01 7.657338e-01 3.961455e-01 0.517341
23.618000 2.283734e-01 7.655604e-01 3.960542e-01 0.517339
23.619000 2.283906e-01 7.653870e-01 3.959621e-01 0.517336
23.620000 2.284077e-01 7.652137e-01 3.958716e-01 0.517335
23.621000 2.284249e-01 7.650404e-01 3.957799e-01 0.517332
23.622000 2.284421e-01 7.648671e-01 3.956890e-01 0.517330
23.623000 2.284593e-01 7.646939e-01 3.955975e-01 0.517328
23.624000 2.284765e-01 7.645208e-01 3.955063e-01 0.517326
23.625000 2.284936e-01 7.643477e-01 3.954147e-01 0.517323
23.626000 2.285108e-01 7.641746e-01 3.953240e-01 0.517322
23.627000 2.285280e-01 7.640016e-01 3.952323e-01 0.517319
23.628000 2.285452e-01 7.638286e-01 3.951418e-01 0.517317
23.629000 2.285624e-01 7.636556e-01 3.950512e-01 0.517316
23.630000 2.285795e-01 7.634828e-01 3.949593e-01 0.517313
23.631000 2.285967e-01 7.633099e-01 3.948690e-01 0.517312
23.632000 2.286139e-01 7.631371e-01 3.947776e-01 0.517309
23.633000 2.286311e-01 7.629643e-01 3.946871e-01 0.517307
23.634000 2.286483e-01 7.627916e-01 3.945957e-01 0.517305
23.635000 2.286655e-01 7.626190e-01 3.945048e-01 0.517303
23.636000 2.286826e-01 7.624463e-01 3.944132e-01 0.517300
23.637000 2.286998e-01 7.622738e-01 3.943227e-01 0.517298
23.638000 2.287170e-01 7.621012e-01 3.942326e-01 0.517297
23.639000 2.287342e-01 7.619287e-01 3.941417e-01 0.517295
23.640000 2.287514e-01 7.617563e-01 3.940505e-01 0.517292
23.641000 2.287686e-01 7.615839e-01 3.939598e-01 0.517290
23.642000 2.287858e-01 7.614115e-01 3.938690e-01 0.517288
23.643000 2.288030e-01 7.612392e-01 3.937776e-01 0.517285
23.644000 2.288201e-01 7.610669e-01 3.936869e-01 0.517283
23.645000 2.288373e-01 7.608947e-01 3.935972e-01 0.517282
23.646000 2.288545e-01 7.607225e-01 3.935059e-01 0.517279
23.647000 2.288717e-01 7.605504e-01 3.934156e-01 0.517277
23.648000 2.288889e-01 7.603783e-01 3.933249e-01 0.517275
23.649000 2.289061e-01 7.602062e-01 3.932347e-01 0.517274
23.650000 2.289233e-01 7.600342e-01 3.931434e-01 0.517271
23.651000 2.289405e-01 7.598623e-01 3.930533e-01 0.517269
23.652000 2.289577e-01 7.596904e-01 3.929627e-01 0.517267
23.653000 2.289749e-01 7.595185e-01 3.928715e-01 0.517264
23.654000 2.289920e-01 7.593467e-01 3.927814e-01 0.517262
23.655000 2.290092e-01 7.591749e-01 3.926918e-01 0.517261
23.656000 2.290264e-01 7.590031e-01 3.926013e-01 0.517259
23.657000 2.290436e-01 7.588314e-01 3.925098e-01 0.517256
23.658000 2.290608e-01 7.586598e-01 3.924202e-01 0.517255
23.659000 2.290780e-01 7.584882e-01 3.923294e-01 0.517252
23.660000 2.290952e-01 7.583166e-01 3.922391e-01 0.517250
23.661000 2.291124e-01 7.581451e-01 3.921488e-01 0.517248
23.662000 2.291296e-01 7.579736e-01 3.920588e-01 0.517246
23.663000 2.291468e-01 7.578022e-01 3.919678e-01 0.517243
23.664000 2.291640e-01 7.576308e-01 3.918784e-01 0.517242
23.665000 2.291812e-01 7.574595e-01 3.917881e-01 0.517240
23.666000 2.291984e-01 7.572882e-01 3.916973e-01 0.517237
23.667000 2.292156e-01 7.571169e-01 3.916067e-01 0.517234
23.668000 2.292328e-01 7.569457e-01 3.915166e-01 0.517232
23.669000 2.292500e-01 7.567745e-01 3.914272e-01 0.517231
23.670000 2.292672e-01 7.566034e-01 3.913367e-01 0.517228
23.671000 2.292844e-01 7.564323e-01 3.912460e-01 0.517225
23.672000 2.293016e-01 7.562613e-01 3.911573e-01 0.517225
23.673000 2.293188e-01 7.560903e-01 3.910665e-01 0.517222
23.674000 2.293360e-01 7.559194e-01 3.909770e-01 0.517220
23.675000 2.293532e-01 7.557485e-01 3.908869e-01 0.517218
23.676000 2.293704e-01 7.555776e-01 3.907962e-01 0.517215
23.677000 2.293876e-01 7.554068e-01 3.907064e-01 0.517213
23.678000 2.294048e-01 7.552360e-01 3.906161e-01 0.517211
23.679000 2.294220e-01 7.550653e-01 3.905266e-01 0.517209
23.680000 2.294392e-01 7.548946e-01 3.904371e-01 0.517207
23.681000 2.294564e-01 7.547240e-01 3.903472e-01 0.517205
23.682000 2.294736e-01 7.545534e-01 3.902575e-01 0.517203
23.683000 2.294908e-01 7.543828e-01 3.901669e-01 0.517200
23.684000 2.295080e-01 7.542123e-01 3.900775e-01 0.517198
23.685000 2.295252e-01 7.540418e-01 3.899885e-01 0.517197
23.686000 2.295424e-01 7.538714e-01 3.898987e-01 0.517195
23.687000 2.295596e-01 7.537010e-01 3.898086e-01 0.517193
23.688000 2.295768e-01 7.535307e-01 3.897194e-01 0.517191
23.689000 2.295940e-01 7.533604e-01 3.896288e-01 0.517188
23.690000 2.296112e-01 7.531902e-01 3.895398e-01 0.517187
23.691000 2.296284e-01 7.530200e-01 3.894505e-01 0.517185
23.692000 2.296456e-01 7.528498e-01 3.893610e-01 0.517183
23.693000 2.296629e-01 7.526797e-01 3.892714e-01 0.517181
23.694000 2.296801e-01 7.525096e-01 3.891813e-01 0.517178
23.695000 2.296973e-01 7.523396e-01 3.890917e-01 0.517176
23.696000 2.297145e-01 7.521696e-01 3.890018e-01 0.517173
23.697000 2.297317e-01 7.519997e-01 3.889135e-01 0.517172
23.698000 2.297489e-01 7.518298e-01 3.888233e-01 0.517169
23.699000 2.297661e-01 7.516599e-01 3.887350e-01 0.517169
23.700000 2.297833e-01 7.514901e-01 3.886438e-01 0.517164
23.701000 2.298005e-01 7.513204e-01 3.885544e-01 0.517162
23.702000 2.298177e-01 7.511507e-01 3.884662e-01 0.517161
23.703000 2.298350e-01 7.509810e-01 3.883758e-01 0.517158
23.704000 2.298522e-01 7.508113e-01 3.882871e-01 0.517157
23.705000 2.298694e-01 7.506418e-01 3.881983e-01 0.517155
23.706000 2.298866e-01 7.504722e-01 3.881090e-01 0.517153
23.707000 2.299038e-01 7.503027e-01 3.880191e-01 0.517150
23.708000 2.299210e-01 7.501332e-01 3.879295e-01 0.517148
23.709000 2.299382e-01 7.499638e-01 3.878406e-01 0.517146
23.710000 2.299555e-01 7.497945e-01 3.877523e-01 0.517145
23.711000 2.299727e-01 7.496251e-01 3.876624e-01 0.517142
23.712000 2.299899e-01 7.494558e-01 3.875739e-01 0.517140
23.713000 2.300071e-01 7.492866e-01 3.874839e-01 0.517137
23.714000 2.300243e-01 7.491174e-01 3.873963e-01 0.517137
23.715000 2.300415e-01 7.489482e-01 3.873065e-01 0.517134
23.716000 2.300587e-01 7.487791e-01 3.872176e-01 0.517132
23.717000 2.300760e-01 7.486101e-01 3.871288e-01 0.517130
23.718000 2.300932e-01 7.484410e-01 3.870395e-01 0.517128
23.719000 2.301104e-01 7.482721e-01 3.869498e-01 0.517124
23.720000 2.301276e-01 7.481031e-01 3.868613e-01 0.517123
23.721000 2.301448e-01 7.479342e-01 3.867718e-01 0.517120
23.722000 2.301621e-01 7.477654e-01 3.866832e-01 0.517118
23.723000 2.301793e-01 7.475966e-01 3.865950e-01 0.517117
23.724000 2.301965e-01 7.474278e-01 3.865056e-01 0.517114
23.725000 2.302137e-01 7.472591e-01 3.864177e-01 0.517113
23.726000 2.302309e-01 7.470904e-01 3.863279e-01 0.517110
23.727000 2.302482e-01 7.469218e-01 3.862388e-01 0.517107
23.728000 2.302654e-01 7.467532e-01 3.861507e-01 0.517106
23.729000 2.302826e-01 7.465846e-01 3.860624e-01 0.517105
23.730000 2.302998e-01 7.464161e-01 3.859737e-01 0.517103
23.731000 2.303171e-01 7.462477e-01 3.858844e-01 0.517100
23.732000 2.303343e-01 7.460792e-01 3.857957e-01 0.517098
23.733000 2.303515e-01 7.459109e-01 3.857074e-01 0.517096
23.734000 2.303687e-01 7.457425e-01 3.856174e-01 0.517092
23.735000 2.303859e-01 7.455742e-01 3.855303e-01 0.517092
23.736000 2.304032e-01 7.454060e-01 3.854414e-01 0.517089
23.737000 2.304204e-01 7.452378e-01 3.853525e-01 0.517087
23.738000 2.304376e-01 7.450696e-01 3.852643e-01 0.517085
23.739000 2.304549e-01 7.449015e-01 3.851756e-01 0.517083
23.740000 2.304721e-01 7.447335e-01 3.850874e-01 0.517081
23.741000 2.304893e-01 7.445654e-01 3.849986e-01 0.517078
23.742000 2.305065e-01 7.443974e-01 3.849109e-01 0.517077
23.743000 2.305238e-01 7.442295e-01 3.848226e-01 0.517075
23.744000 2.305410e-01 7.440616e-01 3.847342e-01 0.517073
23.745000 2.305582e-01 7.438937e-01 3.846458e-01 0.517071
23.746000 2.305754e-01 7.437259e-01 3.845577e-01 0.517069
23.747000 2.305927e-01 7.435581e-01 3.844689e-01 0.517066
23.748000 2.306099e-01 7.433904e-01 3.843798e-01 0.517063
23.749000 2.306271e-01 7.432227e-01 3.842919e-01 0.517062
23.750000 2.306444e-01 7.430551e-01 3.842034e-01 0.517059
23.751000 2.306616e-01 7.428875e-01 3.841156e-01 0.517058
23.752000 2.306788e-01 7.427199e-01 3.840281e-01 0.517056
23.753000 2.306961e-01 7.425524e-01 3.839395e-01 0.517054
23.754000 2.307133e-01 7.423849e-01 3.838514e-01 0.517052
23.755000 2.307305e-01 7.422175e-01 3.837638e-01 0.517050
23.756000 2.307478e-01 7.420501e-01 3.836751e-01 0.517047
23.757000 2.307650e-01 7.418828e-01 3.835868e-01 0.517045
23.758000 2.307822e-01 7.417155e-01 3.834980e-01 0.517042
23.759000 2.307995e-01 7.415482e-01 3.834111e-01 0.517041
23.760000 2.308167e-01 7.413810e-01 3.833227e-01 0.517039
23.761000 2.308339e-01 7.412139e-01 3.832355e-01 0.517038
23.762000 2.308512e-01 7.410467e-01 3.831468e-01 0.517035
23.763000 2.308684e-01 7.408796e-01 3.830578e-01 0.517031
23.764000 2.308856e-01 7.407126e-01 3.829714e-01 0.517031
23.765000 2.309029e-01 7.405456e-01 3.828832e-01 0.517029
23.766000 2.309201e-01 7.403786e-01 3.827956e-01 0.517027
23.767000 2.309373e-01 7.402117e-01 3.827071e-01 0.517024
23.768000 2.309546e-01 7.400449e-01 3.826195e-01 0.517022
23.769000 2.309718e-01 7.398780e-01 3.825318e-01 0.517020
23.770000 2.309891e-01 7.397113e-01 3.824437e-01 0.517018
23.771000 2.310063e-01 7.395445e-01 3.823567e-01 0.517016
23.772000 2.310235e-01 7.393778e-01 3.822679e-01 0.517013
23.773000 2.310408e-01 7.392112e-01 3.821811e-01 0.517012
23.774000 2.310580e-01 7.390445e-01 3.820932e-01 0.517010
23.775000 2.310753e-01 7.388780e-01 3.820048e-01 0.517007
23.776000 2.310925e-01 7.387114e-01 3.819176e-01 0.517005
23.777000 2.311097e-01 7.385450e-01 3.818293e-01 0.517002
23.778000 2.311270e-01 7.383785e-01 3.817430e-01 0.517002
23.779000 2.311442e-01 7.382121e-01 3.816548e-01 0.516999
23.780000 2.311615e-01 7.380458e-01 3.815677e-01 0.516997
23.781000 2.311787e-01 7.378794e-01 3.814798e-01 0.516995
23.782000 2.311960e-01 7.377132e-01 3.813923e-01 0.516993
23.783000 2.312132e-01 7.375469e-01 3.813045e-01 0.516990
23.784000 2.312304e-01 7.373807e-01 3.812174e-01 0.516988
23.785000 2.312477e-01 7.372146e-01 3.811300e-01 0.516987
23.786000 2.312649e-01 7.370485e-01 3.810422e-01 0.516984
23.787000 2.312822e-01 7.368824e-01 3.809551e-01 0.516982
23.788000 2.312994e-01 7.367164e-01 3.808675e-01 0.516980
23.789000 2.313167e-01 7.365504e-01 3.807805e-01 0.516978
23.790000 2.313339e-01 7.363845e-01 3.806932e-01 0.516976
23.791000 2.313512e-01 7.362186e-01 3.806056e-01 0.516974
23.792000 2.313684e-01 7.360528e-01 3.805187e-01 0.516972
23.793000 2.313857e-01 7.358870e-01 3.804311e-01 0.516969
23.794000 2.314029e-01 7.357212e-01 3.803438e-01 0.516967
23.795000 2.314202e-01 7.355555e-01 3.802569e-01 0.516966
23.796000 2.314374e-01 7.353898e-01 3.801698e-01 0.516964
23.797000 2.314547e-01 7.352242e-01 3.800824e-01 0.516961
23.798000 2.314719e-01 7.350586e-01 3.799949e-01 0.516959
23.799000 2.314892e-01 7.348930e-01 3.799082e-01 0.516957
23.800000 2.315064e-01 7.347275e-01 3.798217e-01 0.516956
23.801000 2.315237e-01 7.345621e-01 3.797346e-01 0.516954
23.802000 2.315409e-01 7.343966e-01 3.796470e-01 0.516951
23.803000 2.315582e-01 7.342313e-01 3.795602e-01 0.516949
23.804000 2.315754e-01 7.340659e-01 3.794730e-01 0.516947
23.805000 2.315927e-01 7.339006e-01 3.793863e-01 0.516945
23.806000 2.316099e-01 7.337354e-01 3.792993e-01 0.516943
23.807000 2.316272e-01 7.335702e-01 3.792128e-01 0.516941
23.808000 2.316444e-01 7.334050e-01 3.791245e-01 0.516937
23.809000 2.316617e-01 7.332399e-01 3.790384e-01 0.516936
23.810000 2.316789e-01 7.330748e-01 3.789511e-01 0.516934
23.811000 2.316962e-01 7.329097e-01 3.788644e-01 0.516932
23.812000 2.317134e-01 7.327447e-01 3.787775e-01 0.516930
23.813000 2.317307e-01 7.325798e-01 3.786915e-01 0.516929
23.814000 2.317480e-01 7.324149e-01 3.786035e-01 0.516925
23.815000 2.317652e-01 7.322500e-01 3.785168e-01 0.516923
23.816000 2.317825e-01 7.320852e-01 3.784297e-01 0.516920
23.817000 2.317997e-01 7.319204e-01 3.783441e-01 0.516920
23.818000 2.318170e-01 7.317556e-01 3.782570e-01 0.516917
23.819000 2.318342e-01 7.315909e-01 3.781708e-01 0.516916
23.820000 2.318515e-01 7.314262e-01 3.780838e-01 0.516913
23.821000 2.318688e-01 7.312616e-01 3.779962e-01 0.516910
23.822000 2.318860e-01 7.310970e-01 3.779106e-01 0.516909
23.823000 2.319033e-01 7.309325e-01 3.778241e-01 0.516907
23.824000 2.319205e-01 7.307680e-01 3.777379e-01 0.516905
23.825000 2.319378e-01 7.306036e-01 3.776508e-01 0.516902
23.826000 2.319551e-01 7.304392e-01 3.775642e-01 0.516900
23.827000 2.319723e-01 7.302748e-01 3.774773e-01 0.516898
23.828000 2.319896e-01 7.301105e-01 3.773920e-01 0.516897
23.829000 2.320068e-01 7.299462e-01 3.773055e-01 0.516895
23.830000 2.320241e-01 7.297819e-01 3.772187e-01 0.516892
23.831000 2.320414e-01 7.296177e-01 3.771314e-01 0.516889
23.832000 2.320586e-01 7.294536e-01 3.770460e-01 0.516888
23.833000 2.320759e-01 7.292895e-01 3.769587e-01 0.516885
23.834000 2.320932e-01 7.291254e-01 3.768727e-01 0.516883
23.835000 2.321104e-01 7.289614e-01 3.767868e-01 0.516882
23.836000 2.321277e-01 7.287974e-01 3.767008e-01 0.516880
23.837000 2.321449e-01 7.286334e-01 3.766143e-01 0.516878
23.838000 2.321622e-01 7.284695e-01 3.765277e-01 0.516875
23.839000 2.321795e-01 7.283056e-01 3.764423e-01 0.516874
23.840000 2.321967e-01 7.281418e-01 3.763554e-01 0.516871
23.841000 2.322140e-01 7.279780e-01 3.762693e-01 0.516869
23.842000 2.322313e-01 7.278143e-01 3.761841e-01 0.516868
23.843000 2.322485e-01 7.276506e-01 3.760972e-01 0.516865
23.844000 2.322658e-01 7.274870e-01 3.760108e-01 0.516863
23.845000 2.322831e-01 7.273233e-01 3.759248e-01 0.516861
23.846000 2.323004e-01 7.271598e-01 3.758387e-01 0.516858
23.847000 2.323176e-01 7.269962e-01 3.757527e-01 0.516857
23.848000 2.323349e-01 7.268328e-01 3.756670e-01 0.516855
23.849000 2.323522e-01 7.266693e-01 3.755800e-01 0.516851
23.850000 2.323694e-01 7.265059e-01 3.754951e-01 0.516851
23.851000 2.323867e-01 7.263425e-01 3.754094e-01 0.516849
23.852000 2.324040e-01 7.261792e-01 3.753230e-01 0.516846
23.853000 2.324212e-01 7.260159e-01 3.752370e-01 0.516844
23.854000 2.324385e-01 7.258527e-01 3.751509e-01 0.516842
23.855000 2.324558e-01 7.256895e-01 3.750657e-01 0.516840
23.856000 2.324731e-01 7.255264e-01 3.749794e-01 0.516838
23.857000 2.324903e-01 7.253632e-01 3.748937e-01 0.516836
23.858000 2.325076e-01 7.252002e-01 3.748076e-01 0.516833
23.859000 2.325249e-01 7.250371e-01 3.747216e-01 0.516831
23.860000 2.325422e-01 7.248742e-01 3.746361e-01 0.516829
23.861000 2.325594e-01 7.247112e-01 3.745511e-01 0.516828
23.862000 2.325767e-01 7.245483e-01 3.744655e-01 0.516826
23.863000 2.325940e-01 7.243854e-01 3.743795e-01 0.516824
23.864000 2.326113e-01 7.242226e-01 3.742938e-01 0.516821
23.865000 2.326285e-01 7.240599e-01 3.742088e-01 0.516820
23.866000 2.326458e-01 7.238971e-01 3.741229e-01 0.516818
23.867000 2.326631e-01 7.237344e-01 3.740369e-01 0.516815
23.868000 2.326804e-01 7.235718e-01 3.739515e-01 0.516813
23.869000 2.326976e-01 7.234092e-01 3.738656e-01 0.516811
23.870000 2.327149e-01 7.232466e-01 3.737807e-01 0.516809
23.871000 2.327322e-01 7.230841e-01 3.736943e-01 0.516806
23.872000 2.327495e-01 7.229216e-01 3.736099e-01 0.516806
23.873000 2.327668e-01 7.227591e-01 3.735230e-01 0.516802
23.874000 2.327840e-01 7.225967e-01 3.734382e-01 0.516800
23.875000 2.328013e-01 7.224344e-01 3.733522e-01 0.516797
23.876000 2.328186e-01 7.222720e-01 3.732678e-01 0.516797
23.877000 2.328359e-01 7.221097e-01 3.731815e-01 0.516793
23.878000 2.328532e-01 7.219475e-01 3.730971e-01 0.516793
23.879000 2.328704e-01 7.217853e-01 3.730113e-01 0.516790
23.880000 2.328877e-01 7.216232e-01 3.729262e-01 0.516788
23.881000 2.329050e-01 7.214610e-01 3.728413e-01 0.516786
23.882000 2.329223e-01 7.212990e-01 3.727564e-01 0.516785
23.883000 2.329396e-01 7.211369e-01 3.726702e-01 0.516781
23.884000 2.329569e-01 7.209749e-01 3.725849e-01 0.516779
23.885000 2.329741e-01 7.208130e-01 3.724998e-01 0.516777
23.886000 2.329914e-01 7.206511e-01 3.724149e-01 0.516776
23.887000 2.330087e-01 7.204892e-01 3.723299e-01 0.516774
23.888000 2.330260e-01 7.203274e-01 3.722440e-01 0.516771
23.889000 2.330433e-01 7.201656e-01 3.721597e-01 0.516770
23.890000 2.330606e-01 7.200039e-01 3.720746e-01 0.516767
23.891000 2.330779e-01 7.198422e-01 3.719886e-01 0.516764
23.892000 2.330951e-01 7.196805e-01 3.719045e-01 0.516763
23.893000 2.331124e-01 7.195189e-01 3.718196e-01 0.516761
23.894000 2.331297e-01 7.193573e-01 3.717336e-01 0.516758
23.895000 2.331470e-01 7.191958e-01 3.716494e-01 0.516757
23.896000 2.331643e-01 7.190343e-01 3.715641e-01 0.516754
23.897000 2.331816e-01 7.188728e-01 3.714799e-01 0.516753
23.898000 2.331989e-01 7.187114e-01 3.713946e-01 0.516751
23.899000 2.332162e-01 7.185500e-01 3.713100e-01 0.516749
23.900000 2.332334e-01 7.183887e-01 3.712249e-01 0.516747
23.901000 2.332507e-01 7.182274e-01 3.711397e-01 0.516744
23.902000 2.332680e-01 7.180662e-01 3.710553e-01 0.516743
23.903000 2.332853e-01 7.179050e-01 3.709708e-01 0.516741
23.904000 2.333026e-01 7.177438e-01 3.708861e-01 0.516739
23.905000 2.333199e-01 7.175827e-01 3.708007e-01 0.516736
23.906000 2.333372e-01 7.174216e-01 3.707159e-01 0.516734
23.907000 2.333545e-01 7.172606e-01 3.706312e-01 0.516732
23.908000 2.333718e-01 7.170996e-01 3.705463e-01 0.516729
23.909000 2.333891e-01 7.169386e-01 3.704627e-01 0.516729
23.910000 2.334064e-01 7.167777e-01 3.703780e-01 0.516726
23.911000 2.334237e-01 7.166168e-01 3.702917e-01 0.516722
23.912000 2.334410e-01 7.164560e-01 3.702085e-01 0.516722
23.913000 2.334582e-01 7.162952e-01 3.701236e-01 0.516719
23.914000 2.334755e-01 7.161344e-01 3.700398e-01 0.516718
23.915000 2.334928e-01 7.159737e-01 3.699539e-01 0.516714
23.916000 2.335101e-01 7.158130e-01 3.698698e-01 0.516713
23.917000 2.335274e-01 7.156524e-01 3.697853e-01 0.516711
23.918000 2.335447e-01 7.154918e-01 3.697008e-01 0.516709
23.919000 2.335620e-01 7.153313e-01 3.696164e-01 0.516707
23.920000 2.335793e-01 7.151708e-01 3.695328e-01 0.516706
23.921000 2.335966e-01 7.150103e-01 3.694483e-01 0.516704
23.922000 2.336139e-01 7.148499e-01 3.693629e-01 0.516700
23.923000 2.336312e-01 7.146895e-01 3.692793e-01 0.516699
23.924000 2.336485e-01 7.145291e-01 3.691951e-01 0.516697
23.925000 2.336658e-01 7.143688e-01 3.691111e-01 0.516695
23.926000 2.336831e-01 7.142086e-01 3.690257e-01 0.516692
23.927000 2.337004e-01 7.140483e-01 3.689429e-01 0.516692
23.928000 2.337177e-01 7.138882e-01 3.688579e-01 0.516689
23.929000 2.337350e-01 7.137280e-01 3.687735e-01 0.516686
23.930000 2.337523e-01 7.135679e-01 3.686889e-01 0.516684
23.931000 2.337696e-01 7.134079e-01 3.686053e-01 0.516682
23.932000 2.337869e-01 7.132478e-01 3.685210e-01 0.516680
23.933000 2.338042e-01 7.130879e-01 3.684365e-01 0.516677
23.934000 2.338215e-01 7.129279e-01 3.683531e-01 0.516676
23.935000 2.338388e-01 7.127680e-01 3.682686e-01 0.516674
23.936000 2.338561e-01 7.126082e-01 3.681847e-01 0.516672
23.937000 2.338734e-01 7.124484e-01 3.681009e-01 0.516670
23.938000 2.338908e-01 7.122886e-01 3.680170e-01 0.516668
23.939000 2.339081e-01 7.121289e-01 3.679326e-01 0.516666
23.940000 2.339254e-01 7.119692e-01 3.678486e-01 0.516664
23.941000 2.339427e-01 7.118095e-01 3.677640e-01 0.516661
23.942000 2.339600e-01 7.116499e-01 3.676805e-01 0.516659
23.943000 2.339773e-01 7.114903e-01 3.675966e-01 0.516657
23.944000 2.339946e-01 7.113308e-01 3.675133e-01 0.516656
23.945000 2.340119e-01 7.111713e-01 3.674298e-01 0.516654
23.946000 2.340292e-01 7.110119e-01 3.673456e-01 0.516652
23.947000 2.340465e-01 7.108525e-01 3.672625e-01 0.516651
23.948000 2.340638e-01 7.106931e-01 3.671774e-01 0.516647
23.949000 2.340811e-01 7.105338e-01 3.670935e-01 0.516645
23.950000 2.340984e-01 7.103745e-01 3.670102e-01 0.516643
23.951000 2.341158e-01 7.102152e-01 3.669254e-01 0.516640
23.952000 2.341331e-01 7.100560e-01 3.668425e-01 0.516639
23.953000 2.341504e-01 7.098969e-01 3.667587e-01 0.516637
23.954000 2.341677e-01 7.097377e-01 3.666758e-01 0.516636
23.955000 2.341850e-01 7.095787e-01 3.665914e-01 0.516633
23.956000 2.342023e-01 7.094196e-01 3.665081e-01 0.516631
23.957000 2.342196e-01 7.092606e-01 3.664243e-01 0.516629
23.958000 2.342369e-01 7.091017e-01 3.663409e-01 0.516627
23.959000 2.342542e-01 7.089427e-01 3.662568e-01 0.516624
23.960000 2.342716e-01 7.087839e-01 3.661737e-01 0.516623
23.961000 2.342889e-01 7.086250e-01 3.660908e-01 0.516621
23.962000 2.343062e-01 7.084662e-01 3.660067e-01 0.516618
23.963000 2.343235e-01 7.083075e-01 3.659231e-01 0.516616
23.964000 2.343408e-01 7.081487e-01 3.658400e-01 0.516615
23.965000 2.343581e-01 7.079901e-01 3.657567e-01 0.516613
23.966000 2.343754e-01 7.078314e-01 3.656726e-01 0.516610
23.967000 2.343928e-01 7.076728e-01 3.655891e-01 0.516608
23.968000 2.344101e-01 7.075143e-01 3.655065e-01 0.516607
23.969000 2.344274e-01 7.073558e-01 3.654226e-01 0.516604
23.970000 2.344447e-01 7.071973e-01 3.653402e-01 0.516603
23.971000 2.344620e-01 7.070389e-01 3.652559e-01 0.516599
23.972000 2.344793e-01 7.068805e-01 3.651730e-01 0.516598
23.973000 2.344967e-01 7.067221e-01 3.650890e-01 0.516595
23.974000 2.345140e-01 7.065638e-01 3.650059e-01 0.516593
23.975000 2.345313e-01 7.064055e-01 3.649236e-01 0.516592
23.976000 2.345486e-01 7.062473e-01 3.648398e-01 0.516589
23.977000 2.345659e-01 7.060891e-01 3.647569e-01 0.516588
23.978000 2.345833e-01 7.059309e-01 3.646734e-01 0.516585
23.979000 2.346006e-01 7.057728e-01 3.645904e-01 0.516583
23.980000 2.346179e-01 7.056147e-01 3.645066e-01 0.516580
23.981000 2.346352e-01 7.054567e-01 3.644249e-01 0.516580
23.982000 2.346526e-01 7.052987e-01 3.643418e-01 0.516578
23.983000 2.346699e-01 7.051408e-01 3.642588e-01 0.516576
23.984000 2.346872e-01 7.049829e-01 3.641741e-01 0.516572
23.985000 2.347045e-01 7.048250e-01 3.640918e-01 0.516571
23.986000 2.347218e-01 7.046672e-01 3.640095e-01 0.516569
23.987000 2.347392e-01 7.045094e-01 3.639258e-01 0.516566
23.988000 2.347565e-01 7.043516e-01 3.638426e-01 0.516564
23.989000 2.347738e-01 7.041939e-01 3.637603e-01 0.516563
23.990000 2.347911e-01 7.040362e-01 3.636775e-01 0.516561
23.991000 2.348085e-01 7.038786e-01 3.635946e-01 0.516559
23.992000 2.348258e-01 7.037210e-01 3.635118e-01 0.516557
23.993000 2.348431e-01 7.035635e-01 3.634283e-01 0.516554
23.994000 2.348604e-01 7.034060e-01 3.633458e-01 0.516552
23.995000 2.348778e-01 7.032485e-01 3.632627e-01 0.516550
23.996000 2.348951e-01 7.030911e-01 3.631810e-01 0.516549
23.997000 2.349124e-01 7.029337e-01 3.630966e-01 0.516545
23.998000 2.349298e-01 7.027763e-01 3.630146e-01 0.516544
23.999000 2.349471e-01 7.026190e-01 3.629325e-01 0.516542
24.000000 2.349644e-01 7.024617e-01 3.628483e-01 0.516538
