0.700000 1.805896e-04 3.073743e+06 2.416406e+06 0.786144
0.705800 1.835943e-04 2.973899e+06 2.336044e+06 0.785516
0.711600 1.866238e-04 2.878076e+06 2.258978e+06 0.784892
0.717400 1.896781e-04 2.786080e+06 2.185048e+06 0.784273
0.723200 1.927572e-04 2.697730e+06 2.114101e+06 0.783659
0.729000 1.958610e-04 2.612853e+06 2.045996e+06 0.783051
0.734800 1.989896e-04 2.531287e+06 1.980597e+06 0.782447
0.740600 2.021431e-04 2.452879e+06 1.917777e+06 0.781847
0.746400 2.053213e-04 2.377482e+06 1.857414e+06 0.781253
0.752200 2.085242e-04 2.304959e+06 1.799395e+06 0.780663
0.758000 2.117520e-04 2.235179e+06 1.743612e+06 0.780077
0.763800 2.150045e-04 2.168019e+06 1.689962e+06 0.779496
0.769600 2.182819e-04 2.103362e+06 1.638350e+06 0.778919
0.775400 2.215840e-04 2.041097e+06 1.588682e+06 0.778347
0.781200 2.249109e-04 1.981118e+06 1.540872e+06 0.777779
0.787000 2.282625e-04 1.923326e+06 1.494837e+06 0.777215
0.792800 2.316390e-04 1.867624e+06 1.450500e+06 0.776655
0.798600 2.350402e-04 1.813924e+06 1.407786e+06 0.776099
0.804400 2.384662e-04 1.762140e+06 1.366623e+06 0.775548
0.810200 2.419170e-04 1.712190e+06 1.326947e+06 0.775000
0.816000 2.453925e-04 1.663996e+06 1.288692e+06 0.774456
0.821800 2.488929e-04 1.617486e+06 1.251798e+06 0.773916
0.827600 2.524180e-04 1.572589e+06 1.216208e+06 0.773380
0.833400 2.559679e-04 1.529238e+06 1.181867e+06 0.772847
0.839200 2.595426e-04 1.487370e+06 1.148723e+06 0.772318
0.845000 2.631420e-04 1.446925e+06 1.116727e+06 0.771793
0.850800 2.667662e-04 1.407844e+06 1.085830e+06 0.771272
0.856600 2.704152e-04 1.370074e+06 1.055989e+06 0.770753
0.862400 2.740890e-04 1.333561e+06 1.027161e+06 0.770239
0.868200 2.777876e-04 1.298257e+06 9.993041e+05 0.769728
0.874000 2.815109e-04 1.264112e+06 9.723801e+05 0.769220
0.879800 2.852590e-04 1.231082e+06 9.463518e+05 0.768716
0.885600 2.890319e-04 1.199123e+06 9.211838e+05 0.768215
0.891400 2.928295e-04 1.168194e+06 8.968423e+05 0.767717
0.897200 2.966520e-04 1.138256e+06 8.732951e+05 0.767222
0.903000 3.004992e-04 1.109270e+06 8.505113e+05 0.766731
0.908800 3.043712e-04 1.081200e+06 8.284617e+05 0.766242
0.914600 3.082679e-04 1.054013e+06 8.071179e+05 0.765757
0.920400 3.121894e-04 1.027674e+06 7.864533e+05 0.765275
0.926200 3.161357e-04 1.002152e+06 7.664422e+05 0.764796
0.932000 3.201068e-04 9.774178e+05 7.470599e+05 0.764320
0.937800 3.241026e-04 9.534412e+05 7.282830e+05 0.763847
0.943600 3.281233e-04 9.301950e+05 7.100891e+05 0.763377
0.949400 3.321686e-04 9.076527e+05 6.924566e+05 0.762909
0.955200 3.362388e-04 8.857887e+05 6.753649e+05 0.762445
0.961000 3.403337e-04 8.645788e+05 6.587943e+05 0.761983
0.966800 3.444534e-04 8.439996e+05 6.427260e+05 0.761524
0.972600 3.485979e-04 8.240287e+05 6.271418e+05 0.761068
0.978400 3.527671e-04 8.046448e+05 6.120244e+05 0.760614
0.984200 3.569611e-04 7.858272e+05 5.973572e+05 0.760164
0.990000 3.611799e-04 7.675562e+05 5.831242e+05 0.759715
0.995800 3.654235e-04 7.498128e+05 5.693103e+05 0.759270
1.001600 3.696918e-04 7.325789e+05 5.559006e+05 0.758827
1.007400 3.739849e-04 7.158371e+05 5.428812e+05 0.758386
1.013200 3.783027e-04 6.995705e+05 5.302385e+05 0.757949
1.019000 3.826453e-04 6.837631e+05 5.179596e+05 0.757513
1.024800 3.870127e-04 6.683994e+05 5.060320e+05 0.757080
1.030600 3.914049e-04 6.534645e+05 4.944438e+05 0.756650
1.036400 3.958218e-04 6.389442e+05 4.831836e+05 0.756222
1.042200 4.002635e-04 6.248248e+05 4.722402e+05 0.755796
1.048000 4.047299e-04 6.110930e+05 4.616030e+05 0.755373
1.053800 4.092211e-04 5.977361e+05 4.512620e+05 0.754952
1.059600 4.137371e-04 5.847420e+05 4.412072e+05 0.754533
1.065400 4.182779e-04 5.720988e+05 4.314293e+05 0.754117
1.071200 4.228434e-04 5.597952e+05 4.219192e+05 0.753703
1.077000 4.274336e-04 5.478205e+05 4.126681e+05 0.753291
1.082800 4.320487e-04 5.361640e+05 4.036678e+05 0.752881
1.088600 4.366885e-04 5.248157e+05 3.949100e+05 0.752474
1.094400 4.413530e-04 5.137659e+05 3.863870e+05 0.752068
1.100200 4.460423e-04 5.030051e+05 3.780914e+05 0.751665
1.106000 4.507564e-04 4.925245e+05 3.700160e+05 0.751264
1.111800 4.554953e-04 4.823152e+05 3.621536e+05 0.750865
1.117600 4.602589e-04 4.723688e+05 3.544978e+05 0.750468
1.123400 4.650473e-04 4.626774e+05 3.470420e+05 0.750073
1.129200 4.698604e-04 4.532331e+05 3.397801e+05 0.749681
1.135000 4.746983e-04 4.440284e+05 3.327060e+05 0.749290
1.140800 4.795609e-04 4.350560e+05 3.258139e+05 0.748901
1.146600 4.844483e-04 4.263089e+05 3.190983e+05 0.748514
1.152400 4.893605e-04 4.177803e+05 3.125537e+05 0.748129
1.158200 4.942974e-04 4.094639e+05 3.061752e+05 0.747746
1.164000 4.992591e-04 4.013532e+05 2.999575e+05 0.747365
1.169800 5.042455e-04 3.934421e+05 2.938959e+05 0.746986
1.175600 5.092567e-04 3.857249e+05 2.879857e+05 0.746609
1.181400 5.142927e-04 3.781958e+05 2.822225e+05 0.746234
1.187200 5.193534e-04 3.708494e+05 2.766018e+05 0.745860
1.193000 5.244388e-04 3.636804e+05 2.711195e+05 0.745488
1.198800 5.295491e-04 3.566836e+05 2.657715e+05 0.745118
1.204600 5.346840e-04 3.498542e+05 2.605540e+05 0.744750
1.210400 5.398438e-04 3.431873e+05 2.554631e+05 0.744384
1.216200 5.450283e-04 3.366783e+05 2.504951e+05 0.744019
1.222000 5.502375e-04 3.303228e+05 2.456466e+05 0.743656
1.227800 5.554715e-04 3.241164e+05 2.409142e+05 0.743295
1.233600 5.607302e-04 3.180550e+05 2.362944e+05 0.742936
1.239400 5.660137e-04 3.121344e+05 2.317842e+05 0.742578
1.245200 5.713220e-04 3.063509e+05 2.273804e+05 0.742222
1.251000 5.766550e-04 3.007006e+05 2.230800e+05 0.741867
1.256800 5.820127e-04 2.951799e+05 2.188802e+05 0.741515
1.262600 5.873952e-04 2.897852e+05 2.147782e+05 0.741163
1.268400 5.928025e-04 2.845130e+05 2.107712e+05 0.740814
1.274200 5.982345e-04 2.793601e+05 2.068566e+05 0.740466
1.280000 6.036912e-04 2.743232e+05 2.030320e+05 0.740119
1.285800 6.091727e-04 2.693993e+05 1.992947e+05 0.739775
1.291600 6.146790e-04 2.645852e+05 1.956426e+05 0.739431
1.297400 6.202100e-04 2.598780e+05 1.920732e+05 0.739090
1.303200 6.257657e-04 2.552750e+05 1.885843e+05 0.738749
1.309000 6.313462e-04 2.507733e+05 1.851737e+05 0.738411
1.314800 6.369514e-04 2.463704e+05 1.818395e+05 0.738074
1.320600 6.425814e-04 2.420635e+05 1.785794e+05 0.737738
1.326400 6.482361e-04 2.378503e+05 1.753917e+05 0.737404
1.332200 6.539156e-04 2.337283e+05 1.722743e+05 0.737071
1.338000 6.596198e-04 2.296950e+05 1.692254e+05 0.736739
1.343800 6.653488e-04 2.257483e+05 1.662432e+05 0.736410
1.349600 6.711025e-04 2.218860e+05 1.633261e+05 0.736081
1.355400 6.768809e-04 2.181057e+05 1.604722e+05 0.735754
1.361200 6.826841e-04 2.144056e+05 1.576800e+05 0.735428
1.367000 6.885121e-04 2.107835e+05 1.549478e+05 0.735104
1.372800 6.943647e-04 2.072375e+05 1.522742e+05 0.734781
1.378600 7.002422e-04 2.037657e+05 1.496577e+05 0.734460
1.384400 7.061443e-04 2.003662e+05 1.470968e+05 0.734139
1.390200 7.120712e-04 1.970373e+05 1.445900e+05 0.733821
1.396000 7.180229e-04 1.937771e+05 1.421361e+05 0.733503
1.401800 7.239992e-04 1.905839e+05 1.397337e+05 0.733187
1.407600 7.300004e-04 1.874563e+05 1.373814e+05 0.732872
1.413400 7.360262e-04 1.843924e+05 1.350782e+05 0.732558
1.419200 7.420768e-04 1.813908e+05 1.328227e+05 0.732246
1.425000 7.481521e-04 1.784500e+05 1.306138e+05 0.731935
1.430800 7.542522e-04 1.755684e+05 1.284503e+05 0.731625
1.436600 7.603770e-04 1.727448e+05 1.263311e+05 0.731317
1.442400 7.665265e-04 1.699776e+05 1.242552e+05 0.731009
1.448200 7.727008e-04 1.672655e+05 1.222215e+05 0.730703
1.454000 7.788998e-04 1.646072e+05 1.202289e+05 0.730399
1.459800 7.851236e-04 1.620015e+05 1.182765e+05 0.730095
1.465600 7.913721e-04 1.594470e+05 1.163633e+05 0.729793
1.471400 7.976453e-04 1.569427e+05 1.144884e+05 0.729491
1.477200 8.039432e-04 1.544873e+05 1.126508e+05 0.729191
1.483000 8.102659e-04 1.520796e+05 1.108497e+05 0.728893
1.488800 8.166133e-04 1.497186e+05 1.090842e+05 0.728595
1.494600 8.229854e-04 1.474032e+05 1.073535e+05 0.728299
1.500400 8.293823e-04 1.451323e+05 1.056568e+05 0.728003
1.506200 8.358039e-04 1.429050e+05 1.039932e+05 0.727709
1.512000 8.422503e-04 1.407201e+05 1.023621e+05 0.727416
1.517800 8.487213e-04 1.385768e+05 1.007625e+05 0.727124
1.523600 8.552171e-04 1.364741e+05 9.919389e+04 0.726833
1.529400 8.617376e-04 1.344111e+05 9.765547e+04 0.726543
1.535200 8.682829e-04 1.323868e+05 9.614656e+04 0.726255
1.541000 8.748528e-04 1.304005e+05 9.466648e+04 0.725967
1.546800 8.814475e-04 1.284512e+05 9.321457e+04 0.725681
1.552600 8.880670e-04 1.265382e+05 9.179021e+04 0.725395
1.558400 8.947111e-04 1.246606e+05 9.039277e+04 0.725111
1.564200 9.013800e-04 1.228176e+05 8.902164e+04 0.724828
1.570000 9.080736e-04 1.210086e+05 8.767623e+04 0.724546
1.575800 9.147919e-04 1.192326e+05 8.635597e+04 0.724265
1.581600 9.215350e-04 1.174891e+05 8.506030e+04 0.723984
1.587400 9.283027e-04 1.157773e+05 8.378867e+04 0.723705
1.593200 9.350952e-04 1.140965e+05 8.254055e+04 0.723427
1.599000 9.419124e-04 1.124461e+05 8.131543e+04 0.723150
1.604800 9.487544e-04 1.108254e+05 8.011279e+04 0.722874
1.610600 9.556210e-04 1.092337e+05 7.893216e+04 0.722599
1.616400 9.625124e-04 1.076704e+05 7.777304e+04 0.722325
1.622200 9.694285e-04 1.061350e+05 7.663497e+04 0.722052
1.628000 9.763693e-04 1.046268e+05 7.551751e+04 0.721780
1.633800 9.833348e-04 1.031452e+05 7.442019e+04 0.721509
1.639600 9.903251e-04 1.016898e+05 7.334260e+04 0.721239
1.645400 9.973401e-04 1.002599e+05 7.228430e+04 0.720969
1.651200 1.004380e-03 9.885497e+04 7.124489e+04 0.720701
1.657000 1.011444e-03 9.747455e+04 7.022396e+04 0.720434
1.662800 1.018533e-03 9.611810e+04 6.922113e+04 0.720167
1.668600 1.025647e-03 9.478514e+04 6.823601e+04 0.719902
1.674400 1.032786e-03 9.347516e+04 6.726823e+04 0.719638
1.680200 1.039949e-03 9.218770e+04 6.631743e+04 0.719374
1.686000 1.047137e-03 9.092230e+04 6.538324e+04 0.719111
1.691800 1.054350e-03 8.967849e+04 6.446533e+04 0.718849
1.697600 1.061587e-03 8.845586e+04 6.356336e+04 0.718589
1.703400 1.068849e-03 8.725395e+04 6.267700e+04 0.718329
1.709200 1.076136e-03 8.607235e+04 6.180593e+04 0.718069
1.715000 1.083447e-03 8.491066e+04 6.094982e+04 0.717811
1.720800 1.090784e-03 8.376847e+04 6.010838e+04 0.717554
1.726600 1.098145e-03 8.264538e+04 5.928131e+04 0.717297
1.732400 1.105530e-03 8.154102e+04 5.846832e+04 0.717042
1.738200 1.112941e-03 8.045502e+04 5.766911e+04 0.716787
1.744000 1.120376e-03 7.938701e+04 5.688342e+04 0.716533
1.749800 1.127835e-03 7.833663e+04 5.611096e+04 0.716280
1.755600 1.135320e-03 7.730353e+04 5.535148e+04 0.716028
1.761400 1.142829e-03 7.628738e+04 5.460471e+04 0.715776
1.767200 1.150363e-03 7.528785e+04 5.387040e+04 0.715526
1.773000 1.157922e-03 7.430460e+04 5.314830e+04 0.715276
1.778800 1.165505e-03 7.333732e+04 5.243817e+04 0.715027
1.784600 1.173113e-03 7.238570e+04 5.173978e+04 0.714779
1.790400 1.180746e-03 7.144944e+04 5.105290e+04 0.714532
1.796200 1.188403e-03 7.052824e+04 5.037729e+04 0.714285
1.802000 1.196085e-03 6.962182e+04 4.971273e+04 0.714040
1.807800 1.203792e-03 6.872988e+04 4.905902e+04 0.713795
1.813600 1.211523e-03 6.785215e+04 4.841594e+04 0.713551
1.819400 1.219280e-03 6.698837e+04 4.778329e+04 0.713307
1.825200 1.227060e-03 6.613826e+04 4.716086e+04 0.713065
1.831000 1.234866e-03 6.530157e+04 4.654845e+04 0.712823
1.836800 1.242696e-03 6.447804e+04 4.594588e+04 0.712582
1.842600 1.250551e-03 6.366743e+04 4.535296e+04 0.712342
1.848400 1.258431e-03 6.286950e+04 4.476950e+04 0.712102
1.854200 1.266335e-03 6.208400e+04 4.419533e+04 0.711863
1.860000 1.274264e-03 6.131071e+04 4.363026e+04 0.711625
1.865800 1.282218e-03 6.054940e+04 4.307412e+04 0.711388
1.871600 1.290197e-03 5.979984e+04 4.252675e+04 0.711152
1.877400 1.298200e-03 5.906183e+04 4.198799e+04 0.710916
1.883200 1.306228e-03 5.833514e+04 4.145766e+04 0.710681
1.889000 1.314280e-03 5.761957e+04 4.093562e+04 0.710446
1.894800 1.322357e-03 5.691492e+04 4.042171e+04 0.710213
1.900600 1.330459e-03 5.622099e+04 3.991578e+04 0.709980
1.906400 1.338586e-03 5.553758e+04 3.941767e+04 0.709748
1.912200 1.346737e-03 5.486450e+04 3.892726e+04 0.709516
1.918000 1.354913e-03 5.420156e+04 3.844439e+04 0.709286
1.923800 1.363114e-03 5.354859e+04 3.796893e+04 0.709056
1.929600 1.371339e-03 5.290540e+04 3.750074e+04 0.708826
1.935400 1.379589e-03 5.227182e+04 3.703968e+04 0.708598
1.941200 1.387864e-03 5.164767e+04 3.658564e+04 0.708370
1.947000 1.396163e-03 5.103280e+04 3.613848e+04 0.708142
1.952800 1.404488e-03 5.042703e+04 3.569808e+04 0.707916
1.958600 1.412836e-03 4.983019e+04 3.526432e+04 0.707690
1.964400 1.421210e-03 4.924215e+04 3.483707e+04 0.707464
1.970200 1.429608e-03 4.866273e+04 3.441623e+04 0.707240
1.976000 1.438031e-03 4.809180e+04 3.400167e+04 0.707016
1.981800 1.446478e-03 4.752919e+04 3.359328e+04 0.706793
1.987600 1.454950e-03 4.697477e+04 3.319097e+04 0.706570
1.993400 1.463447e-03 4.642839e+04 3.279461e+04 0.706348
1.999200 1.471969e-03 4.588992e+04 3.240410e+04 0.706127
2.005000 1.480515e-03 4.535921e+04 3.201934e+04 0.705906
2.010800 1.489086e-03 4.483614e+04 3.164023e+04 0.705686
2.016600 1.497682e-03 4.432056e+04 3.126668e+04 0.705467
2.022400 1.506302e-03 4.381236e+04 3.089857e+04 0.705248
2.028200 1.514947e-03 4.331140e+04 3.053583e+04 0.705030
2.034000 1.523616e-03 4.281757e+04 3.017835e+04 0.704812
2.039800 1.532311e-03 4.233074e+04 2.982604e+04 0.704595
2.045600 1.541030e-03 4.185080e+04 2.947882e+04 0.704379
2.051400 1.549773e-03 4.137762e+04 2.913660e+04 0.704163
2.057200 1.558541e-03 4.091109e+04 2.879930e+04 0.703948
2.063000 1.567334e-03 4.045111e+04 2.846682e+04 0.703734
2.068800 1.576152e-03 3.999755e+04 2.813908e+04 0.703520
2.074600 1.584994e-03 3.955032e+04 2.781601e+04 0.703307
2.080400 1.593861e-03 3.910931e+04 2.749753e+04 0.703094
2.086200 1.602753e-03 3.867441e+04 2.718356e+04 0.702882
2.092000 1.611669e-03 3.824553e+04 2.687402e+04 0.702671
2.097800 1.620610e-03 3.782256e+04 2.656883e+04 0.702460
2.103600 1.629576e-03 3.740541e+04 2.626794e+04 0.702250
2.109400 1.638566e-03 3.699398e+04 2.597125e+04 0.702040
2.115200 1.647581e-03 3.658817e+04 2.567871e+04 0.701831
2.121000 1.656621e-03 3.618790e+04 2.539024e+04 0.701622
2.126800 1.665685e-03 3.579308e+04 2.510578e+04 0.701414
2.132600 1.674774e-03 3.540361e+04 2.482526e+04 0.701207
2.138400 1.683887e-03 3.501942e+04 2.454862e+04 0.701000
2.144200 1.693026e-03 3.464040e+04 2.427578e+04 0.700794
2.150000 1.702189e-03 3.426649e+04 2.400670e+04 0.700588
2.155800 1.711376e-03 3.389759e+04 2.374130e+04 0.700383
2.161600 1.720588e-03 3.353364e+04 2.347953e+04 0.700179
2.167400 1.729825e-03 3.317454e+04 2.322133e+04 0.699975
2.173200 1.739087e-03 3.282022e+04 2.296664e+04 0.699771
2.179000 1.748373e-03 3.247061e+04 2.271540e+04 0.699568
2.184800 1.757684e-03 3.212563e+04 2.246757e+04 0.699366
2.190600 1.767020e-03 3.178521e+04 2.222307e+04 0.699164
2.196400 1.776380e-03 3.144927e+04 2.198186e+04 0.698963
2.202200 1.785765e-03 3.111775e+04 2.174389e+04 0.698762
2.208000 1.795174e-03 3.079057e+04 2.150911e+04 0.698561
2.213800 1.804608e-03 3.046767e+04 2.127746e+04 0.698362
2.219600 1.814067e-03 3.014898e+04 2.104889e+04 0.698163
2.225400 1.823550e-03 2.983443e+04 2.082336e+04 0.697964
2.231200 1.833058e-03 2.952396e+04 2.060081e+04 0.697766
2.237000 1.842591e-03 2.921752e+04 2.038121e+04 0.697568
2.242800 1.852148e-03 2.891502e+04 2.016450e+04 0.697371
2.248600 1.861730e-03 2.861642e+04 1.995064e+04 0.697174
2.254400 1.871337e-03 2.832165e+04 1.973958e+04 0.696978
2.260200 1.880968e-03 2.803066e+04 1.953128e+04 0.696783
2.266000 1.890624e-03 2.774338e+04 1.932570e+04 0.696588
2.271800 1.900305e-03 2.745977e+04 1.912279e+04 0.696393
2.277600 1.910010e-03 2.717976e+04 1.892252e+04 0.696199
2.283400 1.919740e-03 2.690330e+04 1.872484e+04 0.696005
2.289200 1.929495e-03 2.663033e+04 1.852971e+04 0.695812
2.295000 1.939274e-03 2.636081e+04 1.833710e+04 0.695620
2.300800 1.949078e-03 2.609468e+04 1.814696e+04 0.695428
2.306600 1.958906e-03 2.583189e+04 1.795926e+04 0.695236
2.312400 1.968759e-03 2.557239e+04 1.777396e+04 0.695045
2.318200 1.978637e-03 2.531613e+04 1.759102e+04 0.694854
2.324000 1.988539e-03 2.506306e+04 1.741041e+04 0.694664
2.329800 1.998466e-03 2.481314e+04 1.723209e+04 0.694474
2.335600 2.008418e-03 2.456632e+04 1.705603e+04 0.694285
2.341400 2.018394e-03 2.432254e+04 1.688219e+04 0.694096
2.347200 2.028395e-03 2.408178e+04 1.671054e+04 0.693908
2.353000 2.038420e-03 2.384398e+04 1.654105e+04 0.693720
2.358800 2.048470e-03 2.360909e+04 1.637368e+04 0.693533
2.364600 2.058545e-03 2.337709e+04 1.620841e+04 0.693346
2.370400 2.068645e-03 2.314791e+04 1.604520e+04 0.693160
2.376200 2.078769e-03 2.292153e+04 1.588402e+04 0.692974
2.382000 2.088917e-03 2.269790e+04 1.572484e+04 0.692788
2.387800 2.099091e-03 2.247699e+04 1.556763e+04 0.692603
2.393600 2.109289e-03 2.225874e+04 1.541237e+04 0.692418
2.399400 2.119511e-03 2.204313e+04 1.525901e+04 0.692234
2.405200 2.129758e-03 2.183012e+04 1.510755e+04 0.692051
2.411000 2.140030e-03 2.161966e+04 1.495794e+04 0.691867
2.416800 2.150326e-03 2.141173e+04 1.481016e+04 0.691685
2.422600 2.160647e-03 2.120628e+04 1.466419e+04 0.691502
2.428400 2.170993e-03 2.100329e+04 1.452000e+04 0.691320
2.434200 2.181363e-03 2.080270e+04 1.437756e+04 0.691139
2.440000 2.191758e-03 2.060450e+04 1.423684e+04 0.690958
2.445800 2.202178e-03 2.040865e+04 1.409783e+04 0.690777
2.451600 2.212622e-03 2.021511e+04 1.396049e+04 0.690597
2.457400 2.223091e-03 2.002385e+04 1.382481e+04 0.690417
2.463200 2.233584e-03 1.983484e+04 1.369076e+04 0.690238
2.469000 2.244102e-03 1.964804e+04 1.355831e+04 0.690059
2.474800 2.254645e-03 1.946344e+04 1.342745e+04 0.689880
2.480600 2.265212e-03 1.928099e+04 1.329814e+04 0.689702
2.486400 2.275804e-03 1.910066e+04 1.317038e+04 0.689525
2.492200 2.286420e-03 1.892243e+04 1.304413e+04 0.689348
2.498000 2.297061e-03 1.874627e+04 1.291938e+04 0.689171
2.503800 2.307727e-03 1.857215e+04 1.279610e+04 0.688994
2.509600 2.318417e-03 1.840003e+04 1.267428e+04 0.688818
2.515400 2.329132e-03 1.822990e+04 1.255389e+04 0.688643
2.521200 2.339871e-03 1.806172e+04 1.243491e+04 0.688468
2.527000 2.350635e-03 1.789547e+04 1.231733e+04 0.688293
2.532800 2.361424e-03 1.773113e+04 1.220112e+04 0.688118
2.538600 2.372237e-03 1.756865e+04 1.208626e+04 0.687945
2.544400 2.383075e-03 1.740803e+04 1.197274e+04 0.687771
2.550200 2.393938e-03 1.724924e+04 1.186054e+04 0.687598
2.556000 2.404825e-03 1.709224e+04 1.174963e+04 0.687425
2.561800 2.415736e-03 1.693702e+04 1.164001e+04 0.687253
2.567600 2.426673e-03 1.678355e+04 1.153165e+04 0.687081
2.573400 2.437634e-03 1.663181e+04 1.142454e+04 0.686909
2.579200 2.448619e-03 1.648177e+04 1.131866e+04 0.686738
2.585000 2.459629e-03 1.633341e+04 1.121399e+04 0.686567
2.590800 2.470664e-03 1.618672e+04 1.111051e+04 0.686397
2.596600 2.481723e-03 1.604166e+04 1.100822e+04 0.686227
2.602400 2.492807e-03 1.589822e+04 1.090708e+04 0.686057
2.608200 2.503915e-03 1.575637e+04 1.080710e+04 0.685888
2.614000 2.515049e-03 1.561609e+04 1.070825e+04 0.685719
2.619800 2.526206e-03 1.547737e+04 1.061051e+04 0.685550
2.625600 2.537388e-03 1.534017e+04 1.051388e+04 0.685382
2.631400 2.548595e-03 1.520449e+04 1.041834e+04 0.685215
2.637200 2.559827e-03 1.507030e+04 1.032386e+04 0.685047
2.643000 2.571083e-03 1.493758e+04 1.023045e+04 0.684880
2.648800 2.582363e-03 1.480631e+04 1.013808e+04 0.684713
2.654600 2.593668e-03 1.467647e+04 1.004674e+04 0.684547
2.660400 2.604998e-03 1.454805e+04 9.956414e+03 0.684381
2.666200 2.616353e-03 1.442103e+04 9.867093e+03 0.684216
2.672000 2.627732e-03 1.429538e+04 9.778762e+03 0.684051
2.677800 2.639135e-03 1.417109e+04 9.691408e+03 0.683886
2.683600 2.650563e-03 1.404815e+04 9.605018e+03 0.683721
2.689400 2.662016e-03 1.392653e+04 9.519579e+03 0.683557
2.695200 2.673493e-03 1.380622e+04 9.435079e+03 0.683393
2.701000 2.684995e-03 1.368720e+04 9.351505e+03 0.683230
2.706800 2.696521e-03 1.356945e+04 9.268846e+03 0.683067
2.712600 2.708072e-03 1.345297e+04 9.187089e+03 0.682904
2.718400 2.719648e-03 1.333772e+04 9.106223e+03 0.682742
2.724200 2.731248e-03 1.322370e+04 9.026235e+03 0.682580
2.730000 2.742873e-03 1.311090e+04 8.947116e+03 0.682418
2.735800 2.754522e-03 1.299928e+04 8.868853e+03 0.682257
2.741600 2.766196e-03 1.288885e+04 8.791436e+03 0.682096
2.747400 2.777894e-03 1.277958e+04 8.714853e+03 0.681936
2.753200 2.789617e-03 1.267147e+04 8.639094e+03 0.681775
2.759000 2.801365e-03 1.256449e+04 8.564149e+03 0.681615
2.764800 2.813137e-03 1.245863e+04 8.490006e+03 0.681456
2.770600 2.824934e-03 1.235388e+04 8.416657e+03 0.681297
2.776400 2.836755e-03 1.225022e+04 8.344089e+03 0.681138
2.782200 2.848601e-03 1.214765e+04 8.272295e+03 0.680979
2.788000 2.860471e-03 1.204614e+04 8.201263e+03 0.680821
2.793800 2.872366e-03 1.194568e+04 8.130985e+03 0.680663
2.799600 2.884286e-03 1.184627e+04 8.061450e+03 0.680505
2.805400 2.896230e-03 1.174788e+04 7.992649e+03 0.680348
2.811200 2.908199e-03 1.165051e+04 7.924574e+03 0.680191
2.817000 2.920192e-03 1.155414e+04 7.857214e+03 0.680035
2.822800 2.932210e-03 1.145876e+04 7.790562e+03 0.679878
2.828600 2.944252e-03 1.136435e+04 7.724608e+03 0.679723
2.834400 2.956319e-03 1.127092e+04 7.659343e+03 0.679567
2.840200 2.968410e-03 1.117844e+04 7.594759e+03 0.679412
2.846000 2.980526e-03 1.108690e+04 7.530848e+03 0.679257
2.851800 2.992667e-03 1.099629e+04 7.467600e+03 0.679102
2.857600 3.004832e-03 1.090660e+04 7.405009e+03 0.678948
2.863400 3.017022e-03 1.081782e+04 7.343065e+03 0.678794
2.869200 3.029236e-03 1.072993e+04 7.281761e+03 0.678640
2.875000 3.041475e-03 1.064294e+04 7.221089e+03 0.678487
2.880800 3.053738e-03 1.055681e+04 7.161041e+03 0.678334
2.886600 3.066026e-03 1.047156e+04 7.101609e+03 0.678181
2.892400 3.078338e-03 1.038716e+04 7.042787e+03 0.678028
2.898200 3.090675e-03 1.030360e+04 6.984566e+03 0.677876
2.904000 3.103037e-03 1.022088e+04 6.926939e+03 0.677724
2.909800 3.115423e-03 1.013898e+04 6.869899e+03 0.677573
2.915600 3.127833e-03 1.005790e+04 6.813439e+03 0.677422
2.921400 3.140268e-03 9.977624e+03 6.757552e+03 0.677271
2.927200 3.152728e-03 9.898143e+03 6.702231e+03 0.677120
2.933000 3.165212e-03 9.819448e+03 6.647469e+03 0.676970
2.938800 3.177721e-03 9.741529e+03 6.593259e+03 0.676820
2.944600 3.190254e-03 9.664379e+03 6.539595e+03 0.676670
2.950400 3.202812e-03 9.587986e+03 6.486470e+03 0.676521
2.956200 3.215394e-03 9.512344e+03 6.433878e+03 0.676371
2.962000 3.228001e-03 9.437443e+03 6.381812e+03 0.676223
2.967800 3.240633e-03 9.363273e+03 6.330267e+03 0.676074
2.973600 3.253289e-03 9.289828e+03 6.279235e+03 0.675926
2.979400 3.265969e-03 9.217097e+03 6.228711e+03 0.675778
2.985200 3.278674e-03 9.145074e+03 6.178689e+03 0.675630
2.991000 3.291404e-03 9.073749e+03 6.129163e+03 0.675483
2.996800 3.304158e-03 9.003115e+03 6.080126e+03 0.675336
3.002600 3.316936e-03 8.933163e+03 6.031574e+03 0.675189
3.008400 3.329740e-03 8.863886e+03 5.983501e+03 0.675043
3.014200 3.342567e-03 8.795276e+03 5.935900e+03 0.674896
3.020000 3.355419e-03 8.727326e+03 5.888767e+03 0.674750
3.025800 3.368296e-03 8.660026e+03 5.842096e+03 0.674605
3.031600 3.381197e-03 8.593372e+03 5.795881e+03 0.674459
3.037400 3.394123e-03 8.527354e+03 5.750117e+03 0.674314
3.043200 3.407073e-03 8.461965e+03 5.704800e+03 0.674170
3.049000 3.420048e-03 8.397199e+03 5.659923e+03 0.674025
3.054800 3.433047e-03 8.333048e+03 5.615481e+03 0.673881
3.060600 3.446071e-03 8.269506e+03 5.571471e+03 0.673737
3.066400 3.459120e-03 8.206564e+03 5.527886e+03 0.673593
3.072200 3.472192e-03 8.144218e+03 5.484722e+03 0.673450
3.078000 3.485290e-03 8.082459e+03 5.441974e+03 0.673307
3.083800 3.498412e-03 8.021282e+03 5.399636e+03 0.673164
3.089600 3.511558e-03 7.960679e+03 5.357706e+03 0.673021
3.095400 3.524729e-03 7.900645e+03 5.316177e+03 0.672879
3.101200 3.537924e-03 7.841172e+03 5.275045e+03 0.672737
3.107000 3.551144e-03 7.782255e+03 5.234306e+03 0.672595
3.112800 3.564389e-03 7.723888e+03 5.193956e+03 0.672454
3.118600 3.577658e-03 7.666064e+03 5.153989e+03 0.672312
3.124400 3.590951e-03 7.608777e+03 5.114401e+03 0.672171
3.130200 3.604269e-03 7.552021e+03 5.075189e+03 0.672031
3.136000 3.617611e-03 7.495790e+03 5.036348e+03 0.671890
3.141800 3.630978e-03 7.440080e+03 4.997873e+03 0.671750
3.147600 3.644370e-03 7.384883e+03 4.959761e+03 0.671610
3.153400 3.657786e-03 7.330194e+03 4.922008e+03 0.671470
3.159200 3.671226e-03 7.276007e+03 4.884609e+03 0.671331
3.165000 3.684691e-03 7.222318e+03 4.847561e+03 0.671192
3.170800 3.698180e-03 7.169121e+03 4.810859e+03 0.671053
3.176600 3.711694e-03 7.116409e+03 4.774501e+03 0.670914
3.182400 3.725233e-03 7.064179e+03 4.738481e+03 0.670776
3.188200 3.738796e-03 7.012424e+03 4.702796e+03 0.670638
3.194000 3.752383e-03 6.961139e+03 4.667444e+03 0.670500
3.199800 3.765995e-03 6.910320e+03 4.632418e+03 0.670362
3.205600 3.779631e-03 6.859961e+03 4.597718e+03 0.670225
3.211400 3.793292e-03 6.810058e+03 4.563337e+03 0.670088
3.217200 3.806978e-03 6.760605e+03 4.529274e+03 0.669951
3.223000 3.820687e-03 6.711597e+03 4.495525e+03 0.669814
3.228800 3.834422e-03 6.663030e+03 4.462086e+03 0.669678
3.234600 3.848181e-03 6.614900e+03 4.428953e+03 0.669542
3.240400 3.861964e-03 6.567200e+03 4.396124e+03 0.669406
3.246200 3.875772e-03 6.519928e+03 4.363595e+03 0.669271
3.252000 3.889604e-03 6.473077e+03 4.331363e+03 0.669135
3.257800 3.903461e-03 6.426644e+03 4.299425e+03 0.669000
3.263600 3.917342e-03 6.380624e+03 4.267777e+03 0.668865
3.269400 3.931247e-03 6.335013e+03 4.236417e+03 0.668731
3.275200 3.945178e-03 6.289807e+03 4.205341e+03 0.668596
3.281000 3.959132e-03 6.245000e+03 4.174545e+03 0.668462
3.286800 3.973111e-03 6.200590e+03 4.144028e+03 0.668328
3.292600 3.987115e-03 6.156571e+03 4.113787e+03 0.668194
3.298400 4.001143e-03 6.112940e+03 4.083817e+03 0.668061
3.304200 4.015196e-03 6.069693e+03 4.054117e+03 0.667928
3.310000 4.029273e-03 6.026825e+03 4.024682e+03 0.667795
3.315800 4.043374e-03 5.984332e+03 3.995512e+03 0.667662
3.321600 4.057500e-03 5.942211e+03 3.966602e+03 0.667530
3.327400 4.071650e-03 5.900458e+03 3.937950e+03 0.667397
3.333200 4.085825e-03 5.859069e+03 3.909554e+03 0.667265
3.339000 4.100025e-03 5.818040e+03 3.881410e+03 0.667134
3.344800 4.114248e-03 5.777367e+03 3.853515e+03 0.667002
3.350600 4.128497e-03 5.737046e+03 3.825868e+03 0.666871
3.356400 4.142769e-03 5.697075e+03 3.798466e+03 0.666740
3.362200 4.157066e-03 5.657449e+03 3.771305e+03 0.666609
3.368000 4.171388e-03 5.618165e+03 3.744384e+03 0.666478
3.373800 4.185734e-03 5.579219e+03 3.717700e+03 0.666348
3.379600 4.200105e-03 5.540608e+03 3.691251e+03 0.666218
3.385400 4.214500e-03 5.502329e+03 3.665033e+03 0.666088
3.391200 4.228919e-03 5.464377e+03 3.639045e+03 0.665958
3.397000 4.243363e-03 5.426750e+03 3.613284e+03 0.665828
3.402800 4.257831e-03 5.389444e+03 3.587748e+03 0.665699
3.408600 4.272324e-03 5.352456e+03 3.562435e+03 0.665570
3.414400 4.286841e-03 5.315783e+03 3.537342e+03 0.665441
3.420200 4.301383e-03 5.279421e+03 3.512466e+03 0.665313
3.426000 4.315949e-03 5.243368e+03 3.487806e+03 0.665184
3.431800 4.330540e-03 5.207620e+03 3.463360e+03 0.665056
3.437600 4.345155e-03 5.172175e+03 3.439125e+03 0.664928
3.443400 4.359794e-03 5.137028e+03 3.415099e+03 0.664801
3.449200 4.374458e-03 5.102178e+03 3.391280e+03 0.664673
3.455000 4.389147e-03 5.067620e+03 3.367666e+03 0.664546
3.460800 4.403859e-03 5.033353e+03 3.344254e+03 0.664419
3.466600 4.418597e-03 4.999373e+03 3.321043e+03 0.664292
3.472400 4.433358e-03 4.965678e+03 3.298031e+03 0.664165
3.478200 4.448144e-03 4.932264e+03 3.275215e+03 0.664039
3.484000 4.462955e-03 4.899129e+03 3.252593e+03 0.663913
3.489800 4.477790e-03 4.866270e+03 3.230165e+03 0.663787
3.495600 4.492649e-03 4.833684e+03 3.207927e+03 0.663661
3.501400 4.507533e-03 4.801368e+03 3.185877e+03 0.663535
3.507200 4.522441e-03 4.769320e+03 3.164015e+03 0.663410
3.513000 4.537374e-03 4.737538e+03 3.142337e+03 0.663285
3.518800 4.552331e-03 4.706018e+03 3.120842e+03 0.663160
3.524600 4.567313e-03 4.674758e+03 3.099529e+03 0.663035
3.530400 4.582318e-03 4.643755e+03 3.078395e+03 0.662911
3.536200 4.597349e-03 4.613007e+03 3.057438e+03 0.662786
3.542000 4.612404e-03 4.582512e+03 3.036657e+03 0.662662
3.547800 4.627483e-03 4.552266e+03 3.016051e+03 0.662538
3.553600 4.642586e-03 4.522268e+03 2.995616e+03 0.662415
3.559400 4.657715e-03 4.492515e+03 2.975353e+03 0.662291
3.565200 4.672867e-03 4.463004e+03 2.955258e+03 0.662168
3.571000 4.688044e-03 4.433734e+03 2.935330e+03 0.662045
3.576800 4.703245e-03 4.404701e+03 2.915568e+03 0.661922
3.582600 4.718471e-03 4.375904e+03 2.895970e+03 0.661799
3.588400 4.733721e-03 4.347341e+03 2.876535e+03 0.661677
3.594200 4.748996e-03 4.319008e+03 2.857260e+03 0.661555
3.600000 4.764294e-03 4.290905e+03 2.838144e+03 0.661433
3.605800 4.779618e-03 4.263028e+03 2.819186e+03 0.661311
3.611600 4.794966e-03 4.235375e+03 2.800383e+03 0.661189
3.617400 4.810338e-03 4.207945e+03 2.781736e+03 0.661068
3.623200 4.825734e-03 4.180734e+03 2.763241e+03 0.660946
3.629000 4.841155e-03 4.153742e+03 2.744898e+03 0.660825
3.634800 4.856601e-03 4.126966e+03 2.726704e+03 0.660704
3.640600 4.872070e-03 4.100404e+03 2.708660e+03 0.660584
3.646400 4.887565e-03 4.074053e+03 2.690762e+03 0.660463
3.652200 4.903083e-03 4.047912e+03 2.673010e+03 0.660343
3.658000 4.918626e-03 4.021979e+03 2.655403e+03 0.660223
3.663800 4.934193e-03 3.996252e+03 2.637938e+03 0.660103
3.669600 4.949785e-03 3.970729e+03 2.620615e+03 0.659983
3.675400 4.965401e-03 3.945408e+03 2.603432e+03 0.659864
3.681200 4.981042e-03 3.920287e+03 2.586387e+03 0.659744
3.687000 4.996707e-03 3.895364e+03 2.569480e+03 0.659625
3.692800 5.012396e-03 3.870637e+03 2.552710e+03 0.659506
3.698600 5.028110e-03 3.846105e+03 2.536074e+03 0.659388
3.704400 5.043848e-03 3.821765e+03 2.519571e+03 0.659269
3.710200 5.059610e-03 3.797616e+03 2.503201e+03 0.659151
3.716000 5.075397e-03 3.773656e+03 2.486962e+03 0.659033
3.721800 5.091208e-03 3.749884e+03 2.470853e+03 0.658915
3.727600 5.107044e-03 3.726297e+03 2.454872e+03 0.658797
3.733400 5.122904e-03 3.702893e+03 2.439019e+03 0.658679
3.739200 5.138788e-03 3.679672e+03 2.423291e+03 0.658562
3.745000 5.154697e-03 3.656631e+03 2.407689e+03 0.658444
3.750800 5.170630e-03 3.633769e+03 2.392210e+03 0.658327
3.756600 5.186588e-03 3.611084e+03 2.376854e+03 0.658211
3.762400 5.202570e-03 3.588574e+03 2.361619e+03 0.658094
3.768200 5.218576e-03 3.566238e+03 2.346504e+03 0.657977
3.774000 5.234607e-03 3.544075e+03 2.331509e+03 0.657861
3.779800 5.250662e-03 3.522081e+03 2.316631e+03 0.657745
3.785600 5.266741e-03 3.500257e+03 2.301870e+03 0.657629
3.791400 5.282845e-03 3.478601e+03 2.287226e+03 0.657513
3.797200 5.298973e-03 3.457110e+03 2.272696e+03 0.657398
3.803000 5.315125e-03 3.435783e+03 2.258279e+03 0.657282
3.808800 5.331302e-03 3.414620e+03 2.243975e+03 0.657167
3.814600 5.347503e-03 3.393618e+03 2.229783e+03 0.657052
3.820400 5.363729e-03 3.372776e+03 2.215701e+03 0.656937
3.826200 5.379979e-03 3.352093e+03 2.201729e+03 0.656822
3.832000 5.396253e-03 3.331566e+03 2.187865e+03 0.656708
3.837800 5.412552e-03 3.311195e+03 2.174109e+03 0.656593
3.843600 5.428874e-03 3.290979e+03 2.160459e+03 0.656479
3.849400 5.445222e-03 3.270915e+03 2.146915e+03 0.656365
3.855200 5.461593e-03 3.251003e+03 2.133475e+03 0.656251
3.861000 5.477990e-03 3.231240e+03 2.120139e+03 0.656138
3.866800 5.494410e-03 3.211627e+03 2.106905e+03 0.656024
3.872600 5.510855e-03 3.192161e+03 2.093773e+03 0.655911
3.878400 5.527324e-03 3.172841e+03 2.080742e+03 0.655798
3.884200 5.543817e-03 3.153666e+03 2.067811e+03 0.655685
3.890000 5.560335e-03 3.134634e+03 2.054979e+03 0.655572
3.895800 5.576877e-03 3.115744e+03 2.042244e+03 0.655460
3.901600 5.593443e-03 3.096995e+03 2.029607e+03 0.655347
3.907400 5.610034e-03 3.078386e+03 2.017066e+03 0.655235
3.913200 5.626649e-03 3.059916e+03 2.004621e+03 0.655123
3.919000 5.643289e-03 3.041582e+03 1.992269e+03 0.655011
3.924800 5.659953e-03 3.023385e+03 1.980012e+03 0.654899
3.930600 5.676641e-03 3.005322e+03 1.967847e+03 0.654788
3.936400 5.693353e-03 2.987393e+03 1.955775e+03 0.654676
3.942200 5.710090e-03 2.969596e+03 1.943793e+03 0.654565
3.948000 5.726851e-03 2.951931e+03 1.931902e+03 0.654454
3.953800 5.743637e-03 2.934395e+03 1.920101e+03 0.654343
3.959600 5.760446e-03 2.916989e+03 1.908388e+03 0.654232
3.965400 5.777280e-03 2.899710e+03 1.896763e+03 0.654122
3.971200 5.794139e-03 2.882558e+03 1.885225e+03 0.654011
3.977000 5.811022e-03 2.865532e+03 1.873774e+03 0.653901
3.982800 5.827929e-03 2.848630e+03 1.862408e+03 0.653791
3.988600 5.844860e-03 2.831851e+03 1.851127e+03 0.653681
3.994400 5.861816e-03 2.815195e+03 1.839930e+03 0.653571
4.000200 5.878796e-03 2.798660e+03 1.828816e+03 0.653461
4.006000 5.895800e-03 2.782245e+03 1.817785e+03 0.653352
4.011800 5.912829e-03 2.765949e+03 1.806836e+03 0.653243
4.017600 5.929882e-03 2.749771e+03 1.795968e+03 0.653134
4.023400 5.946959e-03 2.733711e+03 1.785180e+03 0.653025
4.029200 5.964061e-03 2.717766e+03 1.774473e+03 0.652916
4.035000 5.981187e-03 2.701937e+03 1.763844e+03 0.652807
4.040800 5.998337e-03 2.686221e+03 1.753293e+03 0.652699
4.046600 6.015511e-03 2.670619e+03 1.742820e+03 0.652590
4.052400 6.032710e-03 2.655129e+03 1.732425e+03 0.652482
4.058200 6.049933e-03 2.639750e+03 1.722105e+03 0.652374
4.064000 6.067181e-03 2.624481e+03 1.711861e+03 0.652267
4.069800 6.084453e-03 2.609321e+03 1.701692e+03 0.652159
4.075600 6.101749e-03 2.594270e+03 1.691597e+03 0.652051
4.081400 6.119069e-03 2.579326e+03 1.681576e+03 0.651944
4.087200 6.136414e-03 2.564489e+03 1.671628e+03 0.651837
4.093000 6.153783e-03 2.549757e+03 1.661753e+03 0.651730
4.098800 6.171176e-03 2.535130e+03 1.651949e+03 0.651623
4.104600 6.188593e-03 2.520607e+03 1.642216e+03 0.651516
4.110400 6.206035e-03 2.506187e+03 1.632554e+03 0.651409
4.116200 6.223501e-03 2.491868e+03 1.622961e+03 0.651303
4.122000 6.240992e-03 2.477651e+03 1.613438e+03 0.651197
4.127800 6.258506e-03 2.463535e+03 1.603984e+03 0.651091
4.133600 6.276045e-03 2.449517e+03 1.594598e+03 0.650985
4.139400 6.293609e-03 2.435599e+03 1.585280e+03 0.650879
4.145200 6.311196e-03 2.421778e+03 1.576028e+03 0.650773
4.151000 6.328808e-03 2.408054e+03 1.566843e+03 0.650668
4.156800 6.346444e-03 2.394426e+03 1.557723e+03 0.650562
4.162600 6.364105e-03 2.380894e+03 1.548669e+03 0.650457
4.168400 6.381789e-03 2.367457e+03 1.539680e+03 0.650352
4.174200 6.399498e-03 2.354113e+03 1.530755e+03 0.650247
4.180000 6.417231e-03 2.340862e+03 1.521893e+03 0.650142
4.185800 6.434989e-03 2.327703e+03 1.513095e+03 0.650038
4.191600 6.452771e-03 2.314636e+03 1.504359e+03 0.649933
4.197400 6.470577e-03 2.301660e+03 1.495685e+03 0.649829
4.203200 6.488407e-03 2.288773e+03 1.487072e+03 0.649725
4.209000 6.506261e-03 2.275976e+03 1.478521e+03 0.649621
4.214800 6.524140e-03 2.263267e+03 1.470030e+03 0.649517
4.220600 6.542043e-03 2.250646e+03 1.461599e+03 0.649413
4.226400 6.559971e-03 2.238112e+03 1.453227e+03 0.649309
4.232200 6.577922e-03 2.225664e+03 1.444914e+03 0.649206
4.238000 6.595898e-03 2.213302e+03 1.436660e+03 0.649103
4.243800 6.613898e-03 2.201025e+03 1.428464e+03 0.649000
4.249600 6.631923e-03 2.188832e+03 1.420325e+03 0.648896
4.255400 6.649971e-03 2.176722e+03 1.412243e+03 0.648794
4.261200 6.668044e-03 2.164695e+03 1.404218e+03 0.648691
4.267000 6.686141e-03 2.152751e+03 1.396249e+03 0.648588
4.272800 6.704263e-03 2.140888e+03 1.388336e+03 0.648486
4.278600 6.722408e-03 2.129105e+03 1.380477e+03 0.648384
4.284400 6.740578e-03 2.117403e+03 1.372673e+03 0.648281
4.290200 6.758772e-03 2.105781e+03 1.364924e+03 0.648179
4.296000 6.776991e-03 2.094237e+03 1.357228e+03 0.648078
4.301800 6.795234e-03 2.082771e+03 1.349586e+03 0.647976
4.307600 6.813500e-03 2.071383e+03 1.341996e+03 0.647874
4.313400 6.831792e-03 2.060072e+03 1.334459e+03 0.647773
4.319200 6.850107e-03 2.048838e+03 1.326974e+03 0.647672
4.325000 6.868446e-03 2.037679e+03 1.319540e+03 0.647570
4.330800 6.886810e-03 2.026595e+03 1.312158e+03 0.647469
4.336600 6.905198e-03 2.015586e+03 1.304827e+03 0.647368
4.342400 6.923611e-03 2.004650e+03 1.297545e+03 0.647268
4.348200 6.942047e-03 1.993788e+03 1.290314e+03 0.647167
4.354000 6.960508e-03 1.982999e+03 1.283132e+03 0.647067
4.359800 6.978993e-03 1.972282e+03 1.276000e+03 0.646966
4.365600 6.997502e-03 1.961636e+03 1.268916e+03 0.646866
4.371400 7.016036e-03 1.951062e+03 1.261880e+03 0.646766
4.377200 7.034593e-03 1.940557e+03 1.254893e+03 0.646666
4.383000 7.053175e-03 1.930123e+03 1.247953e+03 0.646566
4.388800 7.071781e-03 1.919758e+03 1.241060e+03 0.646467
4.394600 7.090412e-03 1.909462e+03 1.234213e+03 0.646367
4.400400 7.109066e-03 1.899234e+03 1.227414e+03 0.646268
4.406200 7.127745e-03 1.889074e+03 1.220660e+03 0.646168
4.412000 7.146448e-03 1.878981e+03 1.213952e+03 0.646069
4.417800 7.165175e-03 1.868954e+03 1.207289e+03 0.645970
4.423600 7.183927e-03 1.858994e+03 1.200671e+03 0.645872
4.429400 7.202702e-03 1.849099e+03 1.194098e+03 0.645773
4.435200 7.221502e-03 1.839269e+03 1.187569e+03 0.645674
4.441000 7.240326e-03 1.829504e+03 1.181084e+03 0.645576
4.446800 7.259174e-03 1.819803e+03 1.174642e+03 0.645477
4.452600 7.278047e-03 1.810165e+03 1.168243e+03 0.645379
4.458400 7.296943e-03 1.800591e+03 1.161888e+03 0.645281
4.464200 7.315864e-03 1.791079e+03 1.155574e+03 0.645183
4.470000 7.334809e-03 1.781629e+03 1.149303e+03 0.645086
4.475800 7.353778e-03 1.772241e+03 1.143074e+03 0.644988
4.481600 7.372772e-03 1.762914e+03 1.136886e+03 0.644890
4.487400 7.391790e-03 1.753647e+03 1.130739e+03 0.644793
4.493200 7.410831e-03 1.744441e+03 1.124633e+03 0.644696
4.499000 7.429897e-03 1.735294e+03 1.118568e+03 0.644599
4.504800 7.448988e-03 1.726206e+03 1.112543e+03 0.644501
4.510600 7.468102e-03 1.717178e+03 1.106557e+03 0.644405
4.516400 7.487241e-03 1.708207e+03 1.100611e+03 0.644308
4.522200 7.506403e-03 1.699295e+03 1.094705e+03 0.644211
4.528000 7.525590e-03 1.690440e+03 1.088837e+03 0.644115
4.533800 7.544801e-03 1.681641e+03 1.083008e+03 0.644018
4.539600 7.564037e-03 1.672900e+03 1.077217e+03 0.643922
4.545400 7.583296e-03 1.664214e+03 1.071464e+03 0.643826
4.551200 7.602580e-03 1.655585e+03 1.065749e+03 0.643730
4.557000 7.621888e-03 1.647010e+03 1.060072e+03 0.643634
4.562800 7.641220e-03 1.638490e+03 1.054431e+03 0.643538
4.568600 7.660576e-03 1.630025e+03 1.048828e+03 0.643443
4.574400 7.679956e-03 1.621614e+03 1.043261e+03 0.643347
4.580200 7.699361e-03 1.613256e+03 1.037730e+03 0.643252
4.586000 7.718790e-03 1.604952e+03 1.032235e+03 0.643157
4.591800 7.738243e-03 1.596700e+03 1.026776e+03 0.643062
4.597600 7.757720e-03 1.588500e+03 1.021353e+03 0.642967
4.603400 7.777221e-03 1.580353e+03 1.015964e+03 0.642872
4.609200 7.796746e-03 1.572257e+03 1.010611e+03 0.642777
4.615000 7.816296e-03 1.564213e+03 1.005292e+03 0.642682
4.620800 7.835870e-03 1.556219e+03 1.000007e+03 0.642588
4.626600 7.855467e-03 1.548276e+03 9.947568e+02 0.642493
4.632400 7.875089e-03 1.540382e+03 9.895402e+02 0.642399
4.638200 7.894736e-03 1.532539e+03 9.843572e+02 0.642305
4.644000 7.914406e-03 1.524744e+03 9.792075e+02 0.642211
4.649800 7.934100e-03 1.516999e+03 9.740909e+02 0.642117
4.655600 7.953819e-03 1.509302e+03 9.690071e+02 0.642023
4.661400 7.973562e-03 1.501653e+03 9.639558e+02 0.641930
4.667200 7.993329e-03 1.494053e+03 9.589369e+02 0.641836
4.673000 8.013120e-03 1.486499e+03 9.539501e+02 0.641743
4.678800 8.032935e-03 1.478993e+03 9.489950e+02 0.641649
4.684600 8.052774e-03 1.471534e+03 9.440716e+02 0.641556
4.690400 8.072638e-03 1.464121e+03 9.391795e+02 0.641463
4.696200 8.092525e-03 1.456754e+03 9.343185e+02 0.641370
4.702000 8.112437e-03 1.449433e+03 9.294884e+02 0.641277
4.707800 8.132373e-03 1.442157e+03 9.246889e+02 0.641185
4.713600 8.152333e-03 1.434926e+03 9.199199e+02 0.641092
4.719400 8.172317e-03 1.427740e+03 9.151810e+02 0.641000
4.725200 8.192325e-03 1.420599e+03 9.104720e+02 0.640907
4.731000 8.212358e-03 1.413501e+03 9.057929e+02 0.640815
4.736800 8.232414e-03 1.406448e+03 9.011432e+02 0.640723
4.742600 8.252495e-03 1.399437e+03 8.965227e+02 0.640631
4.748400 8.272600e-03 1.392470e+03 8.919314e+02 0.640539
4.754200 8.292729e-03 1.385546e+03 8.873689e+02 0.640447
4.760000 8.312882e-03 1.378664e+03 8.828351e+02 0.640356
4.765800 8.333059e-03 1.371824e+03 8.783296e+02 0.640264
4.771600 8.353260e-03 1.365026e+03 8.738524e+02 0.640173
4.777400 8.373486e-03 1.358270e+03 8.694031e+02 0.640081
4.783200 8.393735e-03 1.351555e+03 8.649817e+02 0.639990
4.789000 8.414009e-03 1.344881e+03 8.605878e+02 0.639899
4.794800 8.434306e-03 1.338247e+03 8.562214e+02 0.639808
4.800600 8.454628e-03 1.331654e+03 8.518820e+02 0.639717
4.806400 8.474974e-03 1.325101e+03 8.475697e+02 0.639626
4.812200 8.495344e-03 1.318588e+03 8.432842e+02 0.639536
4.818000 8.515738e-03 1.312114e+03 8.390252e+02 0.639445
4.823800 8.536157e-03 1.305679e+03 8.347926e+02 0.639355
4.829600 8.556599e-03 1.299284e+03 8.305862e+02 0.639265
4.835400 8.577065e-03 1.292927e+03 8.264058e+02 0.639174
4.841200 8.597556e-03 1.286608e+03 8.222512e+02 0.639084
4.847000 8.618071e-03 1.280327e+03 8.181222e+02 0.638994
4.852800 8.638609e-03 1.274085e+03 8.140186e+02 0.638905
4.858600 8.659172e-03 1.267879e+03 8.099403e+02 0.638815
4.864400 8.679759e-03 1.261711e+03 8.058870e+02 0.638725
4.870200 8.700370e-03 1.255581e+03 8.018586e+02 0.638636
4.876000 8.721005e-03 1.249486e+03 7.978549e+02 0.638546
4.881800 8.741664e-03 1.243429e+03 7.938757e+02 0.638457
4.887600 8.762348e-03 1.237407e+03 7.899209e+02 0.638368
4.893400 8.783055e-03 1.231421e+03 7.859902e+02 0.638279
4.899200 8.803786e-03 1.225472e+03 7.820835e+02 0.638190
4.905000 8.824542e-03 1.219557e+03 7.782006e+02 0.638101
4.910800 8.845322e-03 1.213678e+03 7.743413e+02 0.638012
4.916600 8.866125e-03 1.207833e+03 7.705055e+02 0.637924
4.922400 8.886953e-03 1.202024e+03 7.666930e+02 0.637835
4.928200 8.907805e-03 1.196249e+03 7.629036e+02 0.637747
4.934000 8.928681e-03 1.190508e+03 7.591372e+02 0.637658
4.939800 8.949581e-03 1.184801e+03 7.553936e+02 0.637570
4.945600 8.970505e-03 1.179127e+03 7.516726e+02 0.637482
4.951400 8.991453e-03 1.173488e+03 7.479741e+02 0.637394
4.957200 9.012425e-03 1.167881e+03 7.442979e+02 0.637306
4.963000 9.033421e-03 1.162308e+03 7.406438e+02 0.637218
4.968800 9.054441e-03 1.156767e+03 7.370117e+02 0.637131
4.974600 9.075486e-03 1.151259e+03 7.334015e+02 0.637043
4.980400 9.096554e-03 1.145783e+03 7.298129e+02 0.636956
4.986200 9.117646e-03 1.140339e+03 7.262459e+02 0.636868
4.992000 9.138763e-03 1.134927e+03 7.227002e+02 0.636781
4.997800 9.159903e-03 1.129547e+03 7.191757e+02 0.636694
5.003600 9.181068e-03 1.124198e+03 7.156724e+02 0.636607
5.009400 9.202257e-03 1.118881e+03 7.121899e+02 0.636520
5.015200 9.223469e-03 1.113594e+03 7.087282e+02 0.636433
5.021000 9.244706e-03 1.108338e+03 7.052871e+02 0.636346
5.026800 9.265967e-03 1.103113e+03 7.018665e+02 0.636260
5.032600 9.287252e-03 1.097918e+03 6.984662e+02 0.636173
5.038400 9.308561e-03 1.092753e+03 6.950861e+02 0.636087
5.044200 9.329893e-03 1.087619e+03 6.917260e+02 0.636001
5.050000 9.351250e-03 1.082514e+03 6.883859e+02 0.635914
5.055800 9.372631e-03 1.077438e+03 6.850655e+02 0.635828
5.061600 9.394036e-03 1.072392e+03 6.817647e+02 0.635742
5.067400 9.415465e-03 1.067375e+03 6.784834e+02 0.635656
5.073200 9.436918e-03 1.062386e+03 6.752215e+02 0.635570
5.079000 9.458395e-03 1.057427e+03 6.719788e+02 0.635485
5.084800 9.479897e-03 1.052496e+03 6.687552e+02 0.635399
5.090600 9.501422e-03 1.047593e+03 6.655505e+02 0.635314
5.096400 9.522971e-03 1.042719e+03 6.623646e+02 0.635228
5.102200 9.544544e-03 1.037872e+03 6.591974e+02 0.635143
5.108000 9.566141e-03 1.033054e+03 6.560487e+02 0.635058
5.113800 9.587762e-03 1.028262e+03 6.529185e+02 0.634973
5.119600 9.609408e-03 1.023498e+03 6.498066e+02 0.634888
5.125400 9.631077e-03 1.018762e+03 6.467129e+02 0.634803
5.131200 9.652770e-03 1.014052e+03 6.436371e+02 0.634718
5.137000 9.674487e-03 1.009369e+03 6.405793e+02 0.634633
5.142800 9.696229e-03 1.004713e+03 6.375393e+02 0.634549
5.148600 9.717994e-03 1.000083e+03 6.345170e+02 0.634464
5.154400 9.739783e-03 9.954797e+02 6.315122e+02 0.634380
5.160200 9.761597e-03 9.909023e+02 6.285249e+02 0.634296
5.166000 9.783434e-03 9.863508e+02 6.255548e+02 0.634211
5.171800 9.805295e-03 9.818250e+02 6.226020e+02 0.634127
5.177600 9.827180e-03 9.773248e+02 6.196662e+02 0.634043
5.183400 9.849090e-03 9.728501e+02 6.167473e+02 0.633959
5.189200 9.871023e-03 9.684005e+02 6.138453e+02 0.633875
5.195000 9.892980e-03 9.639760e+02 6.109601e+02 0.633792
5.200800 9.914961e-03 9.595764e+02 6.080914e+02 0.633708
5.206600 9.936967e-03 9.552015e+02 6.052392e+02 0.633625
5.212400 9.958996e-03 9.508512e+02 6.024034e+02 0.633541
5.218200 9.981049e-03 9.465253e+02 5.995839e+02 0.633458
5.224000 1.000313e-02 9.422236e+02 5.967805e+02 0.633375
5.229800 1.002523e-02 9.379459e+02 5.939932e+02 0.633292
5.235600 1.004735e-02 9.336922e+02 5.912218e+02 0.633208
5.241400 1.006950e-02 9.294622e+02 5.884663e+02 0.633126
5.247200 1.009167e-02 9.252558e+02 5.857264e+02 0.633043
5.253000 1.011387e-02 9.210729e+02 5.830022e+02 0.632960
5.258800 1.013609e-02 9.169132e+02 5.802935e+02 0.632877
5.264600 1.015834e-02 9.127767e+02 5.776002e+02 0.632795
5.270400 1.018061e-02 9.086631e+02 5.749222e+02 0.632712
5.276200 1.020290e-02 9.045723e+02 5.722594e+02 0.632630
5.282000 1.022522e-02 9.005042e+02 5.696117e+02 0.632548
5.287800 1.024756e-02 8.964586e+02 5.669790e+02 0.632465
5.293600 1.026992e-02 8.924354e+02 5.643612e+02 0.632383
5.299400 1.029231e-02 8.884344e+02 5.617582e+02 0.632301
5.305200 1.031472e-02 8.844555e+02 5.591699e+02 0.632219
5.311000 1.033716e-02 8.804985e+02 5.565962e+02 0.632138
5.316800 1.035962e-02 8.765633e+02 5.540370e+02 0.632056
5.322600 1.038211e-02 8.726498e+02 5.514922e+02 0.631974
5.328400 1.040462e-02 8.687577e+02 5.489616e+02 0.631893
5.334200 1.042715e-02 8.648870e+02 5.464453e+02 0.631811
5.340000 1.044970e-02 8.610375e+02 5.439431e+02 0.631730
5.345800 1.047228e-02 8.572091e+02 5.414550e+02 0.631649
5.351600 1.049489e-02 8.534017e+02 5.389807e+02 0.631567
5.357400 1.051752e-02 8.496150e+02 5.365203e+02 0.631486
5.363200 1.054017e-02 8.458491e+02 5.340737e+02 0.631405
5.369000 1.056285e-02 8.421036e+02 5.316407e+02 0.631325
5.374800 1.058555e-02 8.383786e+02 5.292212e+02 0.631244
5.380600 1.060827e-02 8.346738e+02 5.268152e+02 0.631163
5.386400 1.063102e-02 8.309892e+02 5.244226e+02 0.631082
5.392200 1.065379e-02 8.273246e+02 5.220434e+02 0.631002
5.398000 1.067659e-02 8.236799e+02 5.196773e+02 0.630921
5.403800 1.069941e-02 8.200549e+02 5.173243e+02 0.630841
5.409600 1.072225e-02 8.164496e+02 5.149844e+02 0.630761
5.415400 1.074512e-02 8.128637e+02 5.126574e+02 0.630681
5.421200 1.076801e-02 8.092972e+02 5.103432e+02 0.630601
5.427000 1.079092e-02 8.057500e+02 5.080419e+02 0.630521
5.432800 1.081386e-02 8.022218e+02 5.057532e+02 0.630441
5.438600 1.083683e-02 7.987127e+02 5.034772e+02 0.630361
5.444400 1.085981e-02 7.952225e+02 5.012137e+02 0.630281
5.450200 1.088283e-02 7.917510e+02 4.989626e+02 0.630201
5.456000 1.090586e-02 7.882982e+02 4.967239e+02 0.630122
5.461800 1.092892e-02 7.848638e+02 4.944975e+02 0.630042
5.467600 1.095200e-02 7.814479e+02 4.922833e+02 0.629963
5.473400 1.097511e-02 7.780503e+02 4.900812e+02 0.629884
5.479200 1.099824e-02 7.746708e+02 4.878912e+02 0.629805
5.485000 1.102139e-02 7.713093e+02 4.857131e+02 0.629725
5.490800 1.104457e-02 7.679658e+02 4.835470e+02 0.629646
5.496600 1.106777e-02 7.646402e+02 4.813926e+02 0.629568
5.502400 1.109100e-02 7.613322e+02 4.792500e+02 0.629489
5.508200 1.111425e-02 7.580418e+02 4.771190e+02 0.629410
5.514000 1.113753e-02 7.547689e+02 4.749996e+02 0.629331
5.519800 1.116082e-02 7.515134e+02 4.728918e+02 0.629253
5.525600 1.118415e-02 7.482751e+02 4.707954e+02 0.629174
5.531400 1.120749e-02 7.450540e+02 4.687103e+02 0.629096
5.537200 1.123086e-02 7.418500e+02 4.666365e+02 0.629017
5.543000 1.125425e-02 7.386629e+02 4.645740e+02 0.628939
5.548800 1.127767e-02 7.354926e+02 4.625226e+02 0.628861
5.554600 1.130111e-02 7.323390e+02 4.604822e+02 0.628783
5.560400 1.132458e-02 7.292021e+02 4.584529e+02 0.628705
5.566200 1.134807e-02 7.260816e+02 4.564345e+02 0.628627
5.572000 1.137158e-02 7.229776e+02 4.544270e+02 0.628549
5.577800 1.139512e-02 7.198899e+02 4.524302e+02 0.628471
5.583600 1.141868e-02 7.168184e+02 4.504442e+02 0.628394
5.589400 1.144226e-02 7.137630e+02 4.484689e+02 0.628316
5.595200 1.146587e-02 7.107236e+02 4.465041e+02 0.628239
5.601000 1.148950e-02 7.077002e+02 4.445499e+02 0.628161
5.606800 1.151316e-02 7.046925e+02 4.426061e+02 0.628084
5.612600 1.153684e-02 7.017005e+02 4.406727e+02 0.628007
5.618400 1.156054e-02 6.987242e+02 4.387496e+02 0.627930
5.624200 1.158427e-02 6.957633e+02 4.368368e+02 0.627853
5.630000 1.160802e-02 6.928179e+02 4.349341e+02 0.627776
5.635800 1.163180e-02 6.898878e+02 4.330416e+02 0.627699
5.641600 1.165560e-02 6.869729e+02 4.311592e+02 0.627622
5.647400 1.167942e-02 6.840731e+02 4.292868e+02 0.627545
5.653200 1.170327e-02 6.811884e+02 4.274243e+02 0.627468
5.659000 1.172714e-02 6.783187e+02 4.255716e+02 0.627392
5.664800 1.175103e-02 6.754638e+02 4.237288e+02 0.627315
5.670600 1.177495e-02 6.726236e+02 4.218957e+02 0.627239
5.676400 1.179889e-02 6.697981e+02 4.200724e+02 0.627163
5.682200 1.182286e-02 6.669872e+02 4.182586e+02 0.627086
5.688000 1.184685e-02 6.641908e+02 4.164544e+02 0.627010
5.693800 1.187086e-02 6.614088e+02 4.146598e+02 0.626934
5.699600 1.189490e-02 6.586411e+02 4.128746e+02 0.626858
5.705400 1.191896e-02 6.558876e+02 4.110987e+02 0.626782
5.711200 1.194305e-02 6.531483e+02 4.093322e+02 0.626706
5.717000 1.196715e-02 6.504230e+02 4.075750e+02 0.626631
5.722800 1.199129e-02 6.477117e+02 4.058270e+02 0.626555
5.728600 1.201544e-02 6.450143e+02 4.040881e+02 0.626479
5.734400 1.203962e-02 6.423306e+02 4.023584e+02 0.626404
5.740200 1.206383e-02 6.396607e+02 4.006377e+02 0.626328
5.746000 1.208806e-02 6.370044e+02 3.989260e+02 0.626253
5.751800 1.211231e-02 6.343617e+02 3.972232e+02 0.626178
5.757600 1.213658e-02 6.317324e+02 3.955293e+02 0.626103
5.763400 1.216088e-02 6.291165e+02 3.938442e+02 0.626027
5.769200 1.218521e-02 6.265139e+02 3.921679e+02 0.625952
5.775000 1.220956e-02 6.239245e+02 3.905003e+02 0.625877
5.780800 1.223393e-02 6.213483e+02 3.888413e+02 0.625803
5.786600 1.225832e-02 6.187851e+02 3.871910e+02 0.625728
5.792400 1.228274e-02 6.162349e+02 3.855492e+02 0.625653
5.798200 1.230718e-02 6.136976e+02 3.839159e+02 0.625578
5.804000 1.233165e-02 6.111731e+02 3.822911e+02 0.625504
5.809800 1.235614e-02 6.086614e+02 3.806747e+02 0.625429
5.815600 1.238065e-02 6.061623e+02 3.790666e+02 0.625355
5.821400 1.240519e-02 6.036759e+02 3.774668e+02 0.625281
5.827200 1.242975e-02 6.012020e+02 3.758753e+02 0.625206
5.833000 1.245434e-02 5.987405e+02 3.742919e+02 0.625132
5.838800 1.247895e-02 5.962913e+02 3.727167e+02 0.625058
5.844600 1.250358e-02 5.938545e+02 3.711496e+02 0.624984
5.850400 1.252823e-02 5.914299e+02 3.695905e+02 0.624910
5.856200 1.255291e-02 5.890175e+02 3.680394e+02 0.624836
5.862000 1.257762e-02 5.866171e+02 3.664963e+02 0.624762
5.867800 1.260235e-02 5.842287e+02 3.649611e+02 0.624689
5.873600 1.262710e-02 5.818523e+02 3.634337e+02 0.624615
5.879400 1.265187e-02 5.794877e+02 3.619141e+02 0.624541
5.885200 1.267667e-02 5.771350e+02 3.604023e+02 0.624468
5.891000 1.270150e-02 5.747939e+02 3.588982e+02 0.624395
5.896800 1.272634e-02 5.724645e+02 3.574017e+02 0.624321
5.902600 1.275121e-02 5.701467e+02 3.559129e+02 0.624248
5.908400 1.277611e-02 5.678404e+02 3.544317e+02 0.624175
5.914200 1.280102e-02 5.655455e+02 3.529579e+02 0.624102
5.920000 1.282597e-02 5.632621e+02 3.514917e+02 0.624029
5.925800 1.285093e-02 5.609899e+02 3.500328e+02 0.623956
5.931600 1.287592e-02 5.587290e+02 3.485814e+02 0.623883
5.937400 1.290093e-02 5.564792e+02 3.471373e+02 0.623810
5.943200 1.292597e-02 5.542406e+02 3.457005e+02 0.623737
5.949000 1.295103e-02 5.520130e+02 3.442710e+02 0.623665
5.954800 1.297612e-02 5.497965e+02 3.428487e+02 0.623592
5.960600 1.300122e-02 5.475908e+02 3.414335e+02 0.623519
5.966400 1.302636e-02 5.453960e+02 3.400255e+02 0.623447
5.972200 1.305151e-02 5.432119e+02 3.386245e+02 0.623375
5.978000 1.307669e-02 5.410386e+02 3.372307e+02 0.623302
5.983800 1.310189e-02 5.388760e+02 3.358438e+02 0.623230
5.989600 1.312712e-02 5.367240e+02 3.344638e+02 0.623158
5.995400 1.315237e-02 5.345825e+02 3.330908e+02 0.623086
6.001200 1.317764e-02 5.324515e+02 3.317247e+02 0.623014
6.007000 1.320294e-02 5.303309e+02 3.303654e+02 0.622942
6.012800 1.322826e-02 5.282206e+02 3.290129e+02 0.622870
6.018600 1.325361e-02 5.261207e+02 3.276671e+02 0.622798
6.024400 1.327898e-02 5.240310e+02 3.263281e+02 0.622727
6.030200 1.330437e-02 5.219515e+02 3.249957e+02 0.622655
6.036000 1.332979e-02 5.198821e+02 3.236700e+02 0.622583
6.041800 1.335523e-02 5.178227e+02 3.223508e+02 0.622512
6.047600 1.338069e-02 5.157734e+02 3.210383e+02 0.622441
6.053400 1.340618e-02 5.137340e+02 3.197322e+02 0.622369
6.059200 1.343169e-02 5.117045e+02 3.184326e+02 0.622298
6.065000 1.345722e-02 5.096848e+02 3.171395e+02 0.622227
6.070800 1.348278e-02 5.076749e+02 3.158528e+02 0.622156
6.076600 1.350836e-02 5.056747e+02 3.145724e+02 0.622085
6.082400 1.353397e-02 5.036842e+02 3.132984e+02 0.622014
6.088200 1.355960e-02 5.017033e+02 3.120307e+02 0.621943
6.094000 1.358525e-02 4.997319e+02 3.107692e+02 0.621872
6.099800 1.361093e-02 4.977700e+02 3.095139e+02 0.621801
6.105600 1.363663e-02 4.958176e+02 3.082648e+02 0.621730
6.111400 1.366236e-02 4.938745e+02 3.070219e+02 0.621660
6.117200 1.368810e-02 4.919408e+02 3.057851e+02 0.621589
6.123000 1.371388e-02 4.900164e+02 3.045543e+02 0.621519
6.128800 1.373967e-02 4.881012e+02 3.033296e+02 0.621448
6.134600 1.376549e-02 4.861952e+02 3.021109e+02 0.621378
6.140400 1.379133e-02 4.842983e+02 3.008982e+02 0.621308
6.146200 1.381720e-02 4.824104e+02 2.996914e+02 0.621237
6.152000 1.384309e-02 4.805316e+02 2.984905e+02 0.621167
6.157800 1.386900e-02 4.786617e+02 2.972954e+02 0.621097
6.163600 1.389494e-02 4.768008e+02 2.961062e+02 0.621027
6.169400 1.392090e-02 4.749487e+02 2.949228e+02 0.620957
6.175200 1.394689e-02 4.731055e+02 2.937452e+02 0.620887
6.181000 1.397290e-02 4.712710e+02 2.925733e+02 0.620818
6.186800 1.399893e-02 4.694452e+02 2.914071e+02 0.620748
6.192600 1.402499e-02 4.676281e+02 2.902466e+02 0.620678
6.198400 1.405106e-02 4.658196e+02 2.890917e+02 0.620609
6.204200 1.407717e-02 4.640197e+02 2.879424e+02 0.620539
6.210000 1.410330e-02 4.622283e+02 2.867986e+02 0.620470
6.215800 1.412945e-02 4.604454e+02 2.856604e+02 0.620400
6.221600 1.415562e-02 4.586709e+02 2.845277e+02 0.620331
6.227400 1.418182e-02 4.569048e+02 2.834005e+02 0.620262
6.233200 1.420804e-02 4.551470e+02 2.822787e+02 0.620192
6.239000 1.423428e-02 4.533975e+02 2.811624e+02 0.620123
6.244800 1.426055e-02 4.516562e+02 2.800514e+02 0.620054
6.250600 1.428685e-02 4.499231e+02 2.789458e+02 0.619985
6.256400 1.431316e-02 4.481982e+02 2.778454e+02 0.619916
6.262200 1.433950e-02 4.464814e+02 2.767504e+02 0.619848
6.268000 1.436586e-02 4.447726e+02 2.756606e+02 0.619779
6.273800 1.439225e-02 4.430718e+02 2.745761e+02 0.619710
6.279600 1.441866e-02 4.413790e+02 2.734967e+02 0.619641
6.285400 1.444510e-02 4.396941e+02 2.724226e+02 0.619573
6.291200 1.447155e-02 4.380171e+02 2.713535e+02 0.619504
6.297000 1.449804e-02 4.363479e+02 2.702896e+02 0.619436
6.302800 1.452454e-02 4.346866e+02 2.692308e+02 0.619368
6.308600 1.455107e-02 4.330329e+02 2.681770e+02 0.619299
6.314400 1.457762e-02 4.313870e+02 2.671282e+02 0.619231
6.320200 1.460420e-02 4.297487e+02 2.660845e+02 0.619163
6.326000 1.463080e-02 4.281181e+02 2.650457e+02 0.619095
6.331800 1.465742e-02 4.264950e+02 2.640118e+02 0.619027
6.337600 1.468407e-02 4.248794e+02 2.629828e+02 0.618959
6.343400 1.471074e-02 4.232714e+02 2.619588e+02 0.618891
6.349200 1.473743e-02 4.216708e+02 2.609396e+02 0.618823
6.355000 1.476415e-02 4.200776e+02 2.599252e+02 0.618755
6.360800 1.479089e-02 4.184918e+02 2.589156e+02 0.618688
6.366600 1.481765e-02 4.169133e+02 2.579108e+02 0.618620
6.372400 1.484444e-02 4.153421e+02 2.569108e+02 0.618552
6.378200 1.487125e-02 4.137781e+02 2.559154e+02 0.618485
6.384000 1.489809e-02 4.122213e+02 2.549248e+02 0.618417
6.389800 1.492495e-02 4.106718e+02 2.539388e+02 0.618350
6.395600 1.495183e-02 4.091293e+02 2.529575e+02 0.618283
6.401400 1.497874e-02 4.075939e+02 2.519808e+02 0.618215
6.407200 1.500567e-02 4.060656e+02 2.510087e+02 0.618148
6.413000 1.503262e-02 4.045443e+02 2.500412e+02 0.618081
6.418800 1.505960e-02 4.030300e+02 2.490782e+02 0.618014
6.424600 1.508660e-02 4.015226e+02 2.481197e+02 0.617947
6.430400 1.511362e-02 4.000221e+02 2.471657e+02 0.617880
6.436200 1.514067e-02 3.985285e+02 2.462162e+02 0.617813
6.442000 1.516774e-02 3.970417e+02 2.452711e+02 0.617746
6.447800 1.519484e-02 3.955617e+02 2.443304e+02 0.617680
6.453600 1.522195e-02 3.940885e+02 2.433941e+02 0.617613
6.459400 1.524910e-02 3.926219e+02 2.424622e+02 0.617546
6.465200 1.527626e-02 3.911620e+02 2.415346e+02 0.617480
6.471000 1.530345e-02 3.897088e+02 2.406114e+02 0.617413
6.476800 1.533066e-02 3.882622e+02 2.396924e+02 0.617347
6.482600 1.535790e-02 3.868221e+02 2.387777e+02 0.617280
6.488400 1.538516e-02 3.853886e+02 2.378673e+02 0.617214
6.494200 1.541244e-02 3.839616e+02 2.369611e+02 0.617148
6.500000 1.543975e-02 3.825410e+02 2.360591e+02 0.617082
