23.000000 7.053361e+00 1.004349e-05 2.944477e-06 0.293173
23.001000 7.053707e+00 1.003974e-05 2.937999e-06 0.292637
23.002000 7.054054e+00 1.003598e-05 2.942336e-06 0.293179
23.003000 7.054400e+00 1.003223e-05 2.941266e-06 0.293182
23.004000 7.054747e+00 1.002848e-05 2.940196e-06 0.293185
23.005000 7.055094e+00 1.002473e-05 2.944376e-06 0.293711
23.006000 7.055440e+00 1.002099e-05 2.938059e-06 0.293191
23.007000 7.055787e+00 1.001724e-05 2.947338e-06 0.294227
23.008000 7.056133e+00 1.001350e-05 2.924976e-06 0.292103
23.009000 7.056480e+00 1.000975e-05 2.934856e-06 0.293200
23.010000 7.056826e+00 1.000601e-05 2.939029e-06 0.293726
23.011000 7.057173e+00 1.000228e-05 2.932723e-06 0.293206
23.012000 7.057519e+00 9.998538e-06 2.941988e-06 0.294242
23.013000 7.057866e+00 9.994803e-06 2.940919e-06 0.294245
23.014000 7.058212e+00 9.991069e-06 2.939851e-06 0.294248
23.015000 7.058559e+00 9.987337e-06 2.923081e-06 0.292679
23.016000 7.058905e+00 9.983606e-06 2.937716e-06 0.294254
23.017000 7.059252e+00 9.979877e-06 2.931563e-06 0.293747
23.018000 7.059598e+00 9.976150e-06 2.914362e-06 0.292133
23.019000 7.059945e+00 9.972424e-06 2.929434e-06 0.293753
23.020000 7.060291e+00 9.968700e-06 2.933451e-06 0.294266
23.021000 7.060637e+00 9.964978e-06 2.922086e-06 0.293236
23.022000 7.060984e+00 9.961257e-06 2.921025e-06 0.293239
23.023000 7.061330e+00 9.957538e-06 2.914597e-06 0.292703
23.024000 7.061677e+00 9.953821e-06 2.924120e-06 0.293769
23.025000 7.062023e+00 9.950105e-06 2.928130e-06 0.294281
23.026000 7.062369e+00 9.946391e-06 2.927068e-06 0.294284
23.027000 7.062716e+00 9.942679e-06 2.915726e-06 0.293254
23.028000 7.063062e+00 9.938968e-06 2.914668e-06 0.293257
23.029000 7.063408e+00 9.935259e-06 2.913610e-06 0.293260
23.030000 7.063755e+00 9.931551e-06 2.917758e-06 0.293787
23.031000 7.064101e+00 9.927845e-06 2.906143e-06 0.292726
23.032000 7.064447e+00 9.924141e-06 2.915641e-06 0.293793
23.033000 7.064793e+00 9.920439e-06 2.904034e-06 0.292732
23.034000 7.065140e+00 9.916738e-06 2.908328e-06 0.293275
23.035000 7.065486e+00 9.913038e-06 2.917524e-06 0.294312
23.036000 7.065832e+00 9.909341e-06 2.916466e-06 0.294315
23.037000 7.066178e+00 9.905645e-06 2.910357e-06 0.293808
23.038000 7.066525e+00 9.901950e-06 2.914351e-06 0.294321
23.039000 7.066871e+00 9.898257e-06 2.897718e-06 0.292750
23.040000 7.067217e+00 9.894566e-06 2.891173e-06 0.292198
23.041000 7.067563e+00 9.890877e-06 2.900952e-06 0.293296
23.042000 7.067909e+00 9.887189e-06 2.894567e-06 0.292759
23.043000 7.068256e+00 9.883503e-06 2.888028e-06 0.292207
23.044000 7.068602e+00 9.879818e-06 2.897797e-06 0.293305
23.045000 7.068948e+00 9.876135e-06 2.885934e-06 0.292213
23.046000 7.069294e+00 9.872454e-06 2.895697e-06 0.293311
23.047000 7.069640e+00 9.868774e-06 2.899823e-06 0.293838
23.048000 7.069986e+00 9.865096e-06 2.888276e-06 0.292777
23.049000 7.070332e+00 9.861419e-06 2.902753e-06 0.294354
23.050000 7.070678e+00 9.857745e-06 2.891501e-06 0.293323
23.051000 7.071024e+00 9.854071e-06 2.890453e-06 0.293326
23.052000 7.071370e+00 9.850400e-06 2.894573e-06 0.293853
23.053000 7.071717e+00 9.846730e-06 2.893525e-06 0.293856
23.054000 7.072063e+00 9.843061e-06 2.882001e-06 0.292795
23.055000 7.072409e+00 9.839395e-06 2.886267e-06 0.293338
23.056000 7.072755e+00 9.835730e-06 2.885221e-06 0.293341
23.057000 7.073101e+00 9.832066e-06 2.884176e-06 0.293344
23.058000 7.073447e+00 9.828404e-06 2.888289e-06 0.293872
23.059000 7.073793e+00 9.824744e-06 2.897139e-06 0.294882
23.060000 7.074139e+00 9.821085e-06 2.870285e-06 0.292257
23.061000 7.074485e+00 9.817428e-06 2.874701e-06 0.292816
23.062000 7.074830e+00 9.813773e-06 2.889118e-06 0.294394
23.063000 7.075176e+00 9.810119e-06 2.888072e-06 0.294397
23.064000 7.075522e+00 9.806467e-06 2.887027e-06 0.294400
23.065000 7.075868e+00 9.802816e-06 2.870540e-06 0.292828
23.066000 7.076214e+00 9.799167e-06 2.879935e-06 0.293896
23.067000 7.076560e+00 9.795520e-06 2.878892e-06 0.293899
23.068000 7.076906e+00 9.791874e-06 2.877851e-06 0.293902
23.069000 7.077252e+00 9.788230e-06 2.871672e-06 0.293380
23.070000 7.077598e+00 9.784587e-06 2.880765e-06 0.294419
23.071000 7.077943e+00 9.780947e-06 2.869594e-06 0.293386
23.072000 7.078289e+00 9.777307e-06 2.878681e-06 0.294425
23.073000 7.078635e+00 9.773669e-06 2.856805e-06 0.292296
23.074000 7.078981e+00 9.770033e-06 2.866480e-06 0.293395
23.075000 7.079327e+00 9.766399e-06 2.865444e-06 0.293398
23.076000 7.079673e+00 9.762766e-06 2.864407e-06 0.293401
23.077000 7.080018e+00 9.759135e-06 2.863371e-06 0.293404
23.078000 7.080364e+00 9.755505e-06 2.851641e-06 0.292311
23.079000 7.080710e+00 9.751877e-06 2.861301e-06 0.293410
23.080000 7.081056e+00 9.748250e-06 2.855000e-06 0.292873
23.081000 7.081401e+00 9.744626e-06 2.853967e-06 0.292876
23.082000 7.081747e+00 9.741002e-06 2.858198e-06 0.293419
23.083000 7.082093e+00 9.737381e-06 2.851904e-06 0.292882
23.084000 7.082438e+00 9.733760e-06 2.856132e-06 0.293425
23.085000 7.082784e+00 9.730142e-06 2.860210e-06 0.293954
23.086000 7.083130e+00 9.726525e-06 2.848812e-06 0.292891
23.087000 7.083476e+00 9.722910e-06 2.842373e-06 0.292338
23.088000 7.083821e+00 9.719296e-06 2.841346e-06 0.292341
23.089000 7.084167e+00 9.715684e-06 2.861043e-06 0.294477
23.090000 7.084512e+00 9.712073e-06 2.848167e-06 0.293260
23.091000 7.084858e+00 9.708464e-06 2.848915e-06 0.293446
23.092000 7.085204e+00 9.704857e-06 2.847886e-06 0.293450
23.093000 7.085549e+00 9.701251e-06 2.841613e-06 0.292912
23.094000 7.085895e+00 9.697647e-06 2.840587e-06 0.292915
23.095000 7.086240e+00 9.694045e-06 2.839561e-06 0.292918
23.096000 7.086586e+00 9.690444e-06 2.843773e-06 0.293462
23.097000 7.086932e+00 9.686844e-06 2.852788e-06 0.294501
23.098000 7.087277e+00 9.683246e-06 2.841720e-06 0.293468
23.099000 7.087623e+00 9.679650e-06 2.830073e-06 0.292373
23.100000 7.087968e+00 9.676055e-06 2.839668e-06 0.293474
23.101000 7.088314e+00 9.672462e-06 2.833413e-06 0.292936
23.102000 7.088659e+00 9.668871e-06 2.825238e-06 0.292199
23.103000 7.089005e+00 9.665281e-06 2.841673e-06 0.294008
23.104000 7.089350e+00 9.661693e-06 2.845588e-06 0.294523
23.105000 7.089696e+00 9.658106e-06 2.844561e-06 0.294526
23.106000 7.090041e+00 9.654521e-06 2.843535e-06 0.294529
23.107000 7.090387e+00 9.650937e-06 2.827281e-06 0.292954
23.108000 7.090732e+00 9.647355e-06 2.826261e-06 0.292957
23.109000 7.091077e+00 9.643775e-06 2.830457e-06 0.293501
23.110000 7.091423e+00 9.640196e-06 2.839434e-06 0.294541
23.111000 7.091768e+00 9.636619e-06 2.833481e-06 0.294033
23.112000 7.092114e+00 9.633043e-06 2.832459e-06 0.294036
23.113000 7.092459e+00 9.629469e-06 2.826375e-06 0.293513
23.114000 7.092804e+00 9.625896e-06 2.820148e-06 0.292975
23.115000 7.093150e+00 9.622325e-06 2.834318e-06 0.294556
23.116000 7.093495e+00 9.618756e-06 2.828376e-06 0.294048
23.117000 7.093840e+00 9.615188e-06 2.817098e-06 0.292984
23.118000 7.094186e+00 9.611622e-06 2.816082e-06 0.292987
23.119000 7.094531e+00 9.608057e-06 2.815066e-06 0.292990
23.120000 7.094876e+00 9.604494e-06 2.824299e-06 0.294060
23.121000 7.095222e+00 9.600932e-06 2.823281e-06 0.294063
23.122000 7.095567e+00 9.597372e-06 2.822264e-06 0.294066
23.123000 7.095912e+00 9.593814e-06 2.826155e-06 0.294581
23.124000 7.096257e+00 9.590257e-06 2.825137e-06 0.294584
23.125000 7.096603e+00 9.586702e-06 2.814171e-06 0.293549
23.126000 7.096948e+00 9.583148e-06 2.807970e-06 0.293011
23.127000 7.097293e+00 9.579596e-06 2.817182e-06 0.294082
23.128000 7.097638e+00 9.576045e-06 2.811129e-06 0.293559
23.129000 7.097983e+00 9.572496e-06 2.799601e-06 0.292463
23.130000 7.098329e+00 9.568948e-06 2.803925e-06 0.293023
23.131000 7.098674e+00 9.565402e-06 2.813125e-06 0.294094
23.132000 7.099019e+00 9.561858e-06 2.817006e-06 0.294609
23.133000 7.099364e+00 9.558315e-06 2.800895e-06 0.293032
23.134000 7.099709e+00 9.554774e-06 2.799886e-06 0.293035
23.135000 7.100054e+00 9.551234e-06 2.798878e-06 0.293038
23.136000 7.100400e+00 9.547696e-06 2.803039e-06 0.293583
23.137000 7.100745e+00 9.544160e-06 2.802030e-06 0.293586
23.138000 7.101090e+00 9.540624e-06 2.810926e-06 0.294627
23.139000 7.101435e+00 9.537091e-06 2.794848e-06 0.293050
23.140000 7.101780e+00 9.533559e-06 2.808903e-06 0.294633
23.141000 7.102125e+00 9.530029e-06 2.792836e-06 0.293056
23.142000 7.102470e+00 9.526500e-06 2.806882e-06 0.294639
23.143000 7.102815e+00 9.522973e-06 2.795983e-06 0.293604
23.144000 7.103160e+00 9.519447e-06 2.799988e-06 0.294133
23.145000 7.103505e+00 9.515923e-06 2.783510e-06 0.292511
23.146000 7.103850e+00 9.512400e-06 2.802845e-06 0.294652
23.147000 7.104195e+00 9.508879e-06 2.786810e-06 0.293075
23.148000 7.104540e+00 9.505359e-06 2.775043e-06 0.291945
23.149000 7.104885e+00 9.501841e-06 2.779505e-06 0.292523
23.150000 7.105230e+00 9.498325e-06 2.798814e-06 0.294664
23.151000 7.105575e+00 9.494810e-06 2.777505e-06 0.292529
23.152000 7.105920e+00 9.491297e-06 2.786942e-06 0.293631
23.153000 7.106265e+00 9.487785e-06 2.790936e-06 0.294161
23.154000 7.106610e+00 9.484274e-06 2.784938e-06 0.293637
23.155000 7.106955e+00 9.480766e-06 2.788930e-06 0.294167
23.156000 7.107300e+00 9.477258e-06 2.782935e-06 0.293644
23.157000 7.107644e+00 9.473753e-06 2.791778e-06 0.294686
23.158000 7.107989e+00 9.470249e-06 2.770519e-06 0.292550
23.159000 7.108334e+00 9.466746e-06 2.779935e-06 0.293653
23.160000 7.108679e+00 9.463245e-06 2.778936e-06 0.293656
23.161000 7.109024e+00 9.459745e-06 2.771080e-06 0.292934
23.162000 7.109369e+00 9.456247e-06 2.771813e-06 0.293120
23.163000 7.109713e+00 9.452751e-06 2.774212e-06 0.293482
23.164000 7.110058e+00 9.449256e-06 2.774943e-06 0.293668
23.165000 7.110403e+00 9.445763e-06 2.773945e-06 0.293671
23.166000 7.110748e+00 9.442271e-06 2.762560e-06 0.292574
23.167000 7.111093e+00 9.438781e-06 2.759842e-06 0.292394
23.168000 7.111437e+00 9.435292e-06 2.775928e-06 0.294207
23.169000 7.111782e+00 9.431804e-06 2.774931e-06 0.294210
23.170000 7.112127e+00 9.428319e-06 2.768966e-06 0.293686
23.171000 7.112472e+00 9.424835e-06 2.762862e-06 0.293147
23.172000 7.112816e+00 9.421352e-06 2.761869e-06 0.293150
23.173000 7.113161e+00 9.417871e-06 2.760877e-06 0.293153
23.174000 7.113506e+00 9.414391e-06 2.769952e-06 0.294225
23.175000 7.113850e+00 9.410913e-06 2.768958e-06 0.294228
23.176000 7.114195e+00 9.407436e-06 2.752651e-06 0.292604
23.177000 7.114540e+00 9.403961e-06 2.751662e-06 0.292607
23.178000 7.114884e+00 9.400488e-06 2.761021e-06 0.293710
23.179000 7.115229e+00 9.397016e-06 2.760030e-06 0.293713
23.180000 7.115574e+00 9.393545e-06 2.763991e-06 0.294244
23.181000 7.115918e+00 9.390076e-06 2.747712e-06 0.292619
23.182000 7.116263e+00 9.386609e-06 2.741323e-06 0.292046
23.183000 7.116607e+00 9.383143e-06 2.765829e-06 0.294766
23.184000 7.116952e+00 9.379679e-06 2.755081e-06 0.293729
23.185000 7.117297e+00 9.376216e-06 2.749006e-06 0.293189
23.186000 7.117641e+00 9.372754e-06 2.756333e-06 0.294079
23.187000 7.117986e+00 9.369294e-06 2.752117e-06 0.293738
23.188000 7.118330e+00 9.365836e-06 2.746048e-06 0.293198
23.189000 7.118675e+00 9.362379e-06 2.755080e-06 0.294271
23.190000 7.119019e+00 9.358924e-06 2.754091e-06 0.294274
23.191000 7.119364e+00 9.355470e-06 2.743094e-06 0.293207
23.192000 7.119708e+00 9.352018e-06 2.752117e-06 0.294281
23.193000 7.120053e+00 9.348567e-06 2.754217e-06 0.294614
23.194000 7.120397e+00 9.345118e-06 2.738435e-06 0.293034
23.195000 7.120742e+00 9.341670e-06 2.733940e-06 0.292661
23.196000 7.121086e+00 9.338224e-06 2.748172e-06 0.294293
23.197000 7.121431e+00 9.334779e-06 2.747187e-06 0.294296
23.198000 7.121775e+00 9.331336e-06 2.731000e-06 0.292670
23.199000 7.122119e+00 9.327894e-06 2.735234e-06 0.293232
23.200000 7.122464e+00 9.324454e-06 2.744234e-06 0.294305
23.201000 7.122808e+00 9.321015e-06 2.728064e-06 0.292679
23.202000 7.123153e+00 9.317578e-06 2.742268e-06 0.294311
23.203000 7.123497e+00 9.314142e-06 2.731314e-06 0.293244
23.204000 7.123841e+00 9.310708e-06 2.730336e-06 0.293247
23.205000 7.124186e+00 9.307275e-06 2.739321e-06 0.294320
23.206000 7.124530e+00 9.303844e-06 2.743115e-06 0.294837
23.207000 7.124874e+00 9.300415e-06 2.716843e-06 0.292121
23.208000 7.125219e+00 9.296986e-06 2.731472e-06 0.293802
23.209000 7.125563e+00 9.293560e-06 2.730494e-06 0.293805
23.210000 7.125907e+00 9.290134e-06 2.727819e-06 0.293625
23.211000 7.126251e+00 9.286711e-06 2.733440e-06 0.294339
23.212000 7.126596e+00 9.283289e-06 2.717329e-06 0.292712
23.213000 7.126940e+00 9.279868e-06 2.731483e-06 0.294345
23.214000 7.127284e+00 9.276449e-06 2.730505e-06 0.294348
23.215000 7.127628e+00 9.273031e-06 2.719596e-06 0.293280
23.216000 7.127973e+00 9.269615e-06 2.718622e-06 0.293283
23.217000 7.128317e+00 9.266200e-06 2.727574e-06 0.294357
23.218000 7.128661e+00 9.262787e-06 2.731354e-06 0.294874
23.219000 7.129005e+00 9.259375e-06 2.735005e-06 0.295377
23.220000 7.129349e+00 9.255965e-06 2.719760e-06 0.293839
23.221000 7.129694e+00 9.252556e-06 2.723671e-06 0.294370
23.222000 7.130038e+00 9.249149e-06 2.722697e-06 0.294373
23.223000 7.130382e+00 9.245743e-06 2.711818e-06 0.293304
23.224000 7.130726e+00 9.242339e-06 2.705676e-06 0.292748
23.225000 7.131070e+00 9.238936e-06 2.714897e-06 0.293854
23.226000 7.131414e+00 9.235534e-06 2.713926e-06 0.293857
23.227000 7.131758e+00 9.232135e-06 2.717831e-06 0.294388
23.228000 7.132102e+00 9.228736e-06 2.705284e-06 0.293137
23.229000 7.132447e+00 9.225339e-06 2.720626e-06 0.294908
23.230000 7.132791e+00 9.221944e-06 2.714916e-06 0.294397
23.231000 7.133135e+00 9.218550e-06 2.709076e-06 0.293872
23.232000 7.133479e+00 9.215158e-06 2.712975e-06 0.294403
23.233000 7.133823e+00 9.211767e-06 2.696976e-06 0.292775
23.234000 7.134167e+00 9.208377e-06 2.709354e-06 0.294227
23.235000 7.134511e+00 9.204989e-06 2.705203e-06 0.293884
23.236000 7.134855e+00 9.201603e-06 2.713826e-06 0.294930
23.237000 7.135199e+00 9.198218e-06 2.703269e-06 0.293891
23.238000 7.135543e+00 9.194834e-06 2.707161e-06 0.294422
23.239000 7.135887e+00 9.191452e-06 2.696341e-06 0.293353
23.240000 7.136231e+00 9.188072e-06 2.695377e-06 0.293356
23.241000 7.136575e+00 9.184692e-06 2.694413e-06 0.293359
23.242000 7.136918e+00 9.181315e-06 2.683013e-06 0.292225
23.243000 7.137262e+00 9.177939e-06 2.702328e-06 0.294437
23.244000 7.137606e+00 9.174564e-06 2.691526e-06 0.293368
23.245000 7.137950e+00 9.171191e-06 2.688890e-06 0.293189
23.246000 7.138294e+00 9.167819e-06 2.704146e-06 0.294961
23.247000 7.138638e+00 9.164449e-06 2.688642e-06 0.293377
23.248000 7.138982e+00 9.161080e-06 2.687681e-06 0.293380
23.249000 7.139326e+00 9.157713e-06 2.696542e-06 0.294456
23.250000 7.139670e+00 9.154347e-06 2.685762e-06 0.293387
23.251000 7.140013e+00 9.150982e-06 2.694617e-06 0.294462
23.252000 7.140357e+00 9.147619e-06 2.688819e-06 0.293937
23.253000 7.140701e+00 9.144258e-06 2.692693e-06 0.294468
23.254000 7.141045e+00 9.140898e-06 2.691732e-06 0.294471
23.255000 7.141389e+00 9.137539e-06 2.675851e-06 0.292842
23.256000 7.141732e+00 9.134182e-06 2.680013e-06 0.293405
23.257000 7.142076e+00 9.130827e-06 2.684023e-06 0.293952
23.258000 7.142420e+00 9.127472e-06 2.692585e-06 0.294998
23.259000 7.142764e+00 9.124120e-06 2.675478e-06 0.293231
23.260000 7.143107e+00 9.120769e-06 2.681151e-06 0.293961
23.261000 7.143451e+00 9.117419e-06 2.675233e-06 0.293420
23.262000 7.143795e+00 9.114070e-06 2.674278e-06 0.293423
23.263000 7.144138e+00 9.110724e-06 2.673324e-06 0.293426
23.264000 7.144482e+00 9.107378e-06 2.677326e-06 0.293973
23.265000 7.144826e+00 9.104034e-06 2.681186e-06 0.294505
23.266000 7.145169e+00 9.100692e-06 2.670464e-06 0.293435
23.267000 7.145513e+00 9.097351e-06 2.679274e-06 0.294511
23.268000 7.145857e+00 9.094011e-06 2.658209e-06 0.292303
23.269000 7.146200e+00 9.090673e-06 2.665948e-06 0.293262
23.270000 7.146544e+00 9.087336e-06 2.666655e-06 0.293447
23.271000 7.146888e+00 9.084001e-06 2.673797e-06 0.294341
23.272000 7.147231e+00 9.080668e-06 2.659664e-06 0.292893
23.273000 7.147575e+00 9.077335e-06 2.663804e-06 0.293457
23.274000 7.147918e+00 9.074004e-06 2.675608e-06 0.294865
23.275000 7.148262e+00 9.070675e-06 2.665187e-06 0.293825
23.276000 7.148605e+00 9.067347e-06 2.660955e-06 0.293466
23.277000 7.148949e+00 9.064021e-06 2.668084e-06 0.294360
23.278000 7.149292e+00 9.060695e-06 2.671796e-06 0.294878
23.279000 7.149636e+00 9.057372e-06 2.663043e-06 0.294019
23.280000 7.149979e+00 9.054050e-06 2.652087e-06 0.292917
23.281000 7.150323e+00 9.050729e-06 2.651141e-06 0.292920
23.282000 7.150666e+00 9.047410e-06 2.660197e-06 0.294029
23.283000 7.151010e+00 9.044092e-06 2.659249e-06 0.294032
23.284000 7.151353e+00 9.040776e-06 2.663087e-06 0.294564
23.285000 7.151697e+00 9.037461e-06 2.657355e-06 0.294038
23.286000 7.152040e+00 9.034147e-06 2.651488e-06 0.293496
23.287000 7.152384e+00 9.030835e-06 2.653814e-06 0.293861
23.288000 7.152727e+00 9.027524e-06 2.654517e-06 0.294047
23.289000 7.153070e+00 9.024215e-06 2.636730e-06 0.292184
23.290000 7.153414e+00 9.020908e-06 2.647712e-06 0.293508
23.291000 7.153757e+00 9.017601e-06 2.645124e-06 0.293329
23.292000 7.154101e+00 9.014296e-06 2.655510e-06 0.294589
23.293000 7.154444e+00 9.010993e-06 2.638185e-06 0.292774
23.294000 7.154787e+00 9.007691e-06 2.643943e-06 0.293521
23.295000 7.155131e+00 9.004391e-06 2.647908e-06 0.294069
23.296000 7.155474e+00 9.001091e-06 2.651732e-06 0.294601
23.297000 7.155817e+00 8.997794e-06 2.650788e-06 0.294604
23.298000 7.156161e+00 8.994498e-06 2.629931e-06 0.292393
23.299000 7.156504e+00 8.991203e-06 2.634195e-06 0.292975
23.300000 7.156847e+00 8.987909e-06 2.636662e-06 0.293357
23.301000 7.157190e+00 8.984617e-06 2.635724e-06 0.293360
23.302000 7.157534e+00 8.981327e-06 2.644438e-06 0.294437
23.303000 7.157877e+00 8.978038e-06 2.630447e-06 0.292987
23.304000 7.158220e+00 8.974750e-06 2.627874e-06 0.292808
23.305000 7.158563e+00 8.971464e-06 2.621749e-06 0.292232
23.306000 7.158906e+00 8.968179e-06 2.637563e-06 0.294102
23.307000 7.159250e+00 8.964896e-06 2.645993e-06 0.295150
23.308000 7.159593e+00 8.961614e-06 2.640435e-06 0.294638
23.309000 7.159936e+00 8.958333e-06 2.628232e-06 0.293384
23.310000 7.160279e+00 8.955054e-06 2.622270e-06 0.292826
23.311000 7.160622e+00 8.951777e-06 2.637620e-06 0.294648
23.312000 7.160966e+00 8.948500e-06 2.625430e-06 0.293393
23.313000 7.161309e+00 8.945225e-06 2.624496e-06 0.293396
23.314000 7.161652e+00 8.941952e-06 2.625194e-06 0.293582
23.315000 7.161995e+00 8.938680e-06 2.619242e-06 0.293023
23.316000 7.162338e+00 8.935410e-06 2.613139e-06 0.292448
23.317000 7.162681e+00 8.932140e-06 2.627266e-06 0.294136
23.318000 7.163024e+00 8.928873e-06 2.616449e-06 0.293032
23.319000 7.163367e+00 8.925606e-06 2.625400e-06 0.294142
23.320000 7.163710e+00 8.922342e-06 2.624467e-06 0.294146
23.321000 7.164053e+00 8.919078e-06 2.613660e-06 0.293042
23.322000 7.164396e+00 8.915816e-06 2.622602e-06 0.294152
23.323000 7.164739e+00 8.912555e-06 2.620045e-06 0.293972
23.324000 7.165082e+00 8.909296e-06 2.615880e-06 0.293612
23.325000 7.165425e+00 8.906038e-06 2.608323e-06 0.292871
23.326000 7.165768e+00 8.902782e-06 2.618878e-06 0.294164
23.327000 7.166111e+00 8.899527e-06 2.613093e-06 0.293622
23.328000 7.166454e+00 8.896273e-06 2.617018e-06 0.294170
23.329000 7.166797e+00 8.893021e-06 2.623768e-06 0.295037
23.330000 7.167140e+00 8.889771e-06 2.608689e-06 0.293448
23.331000 7.167483e+00 8.886521e-06 2.607763e-06 0.293451
23.332000 7.167826e+00 8.883273e-06 2.618014e-06 0.294713
23.333000 7.168169e+00 8.880027e-06 2.617085e-06 0.294716
23.334000 7.168512e+00 8.876782e-06 2.614538e-06 0.294537
23.335000 7.168855e+00 8.873538e-06 2.610522e-06 0.294192
23.336000 7.169197e+00 8.870296e-06 2.604755e-06 0.293649
23.337000 7.169540e+00 8.867055e-06 2.608669e-06 0.294198
23.338000 7.169883e+00 8.863815e-06 2.602906e-06 0.293655
23.339000 7.170226e+00 8.860577e-06 2.600367e-06 0.293476
23.340000 7.170569e+00 8.857341e-06 2.605893e-06 0.294207
23.341000 7.170912e+00 8.854105e-06 2.608051e-06 0.294558
23.342000 7.171254e+00 8.850872e-06 2.604045e-06 0.294213
23.343000 7.171597e+00 8.847639e-06 2.598291e-06 0.293671
23.344000 7.171940e+00 8.844408e-06 2.602198e-06 0.294220
23.345000 7.172283e+00 8.841178e-06 2.591478e-06 0.293115
23.346000 7.172626e+00 8.837950e-06 2.588947e-06 0.292935
23.347000 7.172968e+00 8.834723e-06 2.604118e-06 0.294759
23.348000 7.173311e+00 8.831498e-06 2.598509e-06 0.294232
23.349000 7.173654e+00 8.828274e-06 2.591158e-06 0.293507
23.350000 7.173996e+00 8.825051e-06 2.586885e-06 0.293130
23.351000 7.174339e+00 8.821830e-06 2.590929e-06 0.293695
23.352000 7.174682e+00 8.818610e-06 2.588403e-06 0.293516
23.353000 7.175025e+00 8.815391e-06 2.593906e-06 0.294247
23.354000 7.175367e+00 8.812174e-06 2.597663e-06 0.294781
23.355000 7.175710e+00 8.808959e-06 2.575590e-06 0.292383
23.356000 7.176052e+00 8.805744e-06 2.586339e-06 0.293710
23.357000 7.176395e+00 8.802531e-06 2.594903e-06 0.294790
23.358000 7.176738e+00 8.799320e-06 2.582903e-06 0.293534
23.359000 7.177080e+00 8.796110e-06 2.583591e-06 0.293720
23.360000 7.177423e+00 8.792901e-06 2.577729e-06 0.293160
23.361000 7.177766e+00 8.789694e-06 2.589626e-06 0.294621
23.362000 7.178108e+00 8.786488e-06 2.594846e-06 0.295322
23.363000 7.178451e+00 8.783283e-06 2.578331e-06 0.293550
23.364000 7.178793e+00 8.780080e-06 2.577417e-06 0.293553
23.365000 7.179136e+00 8.776878e-06 2.571566e-06 0.292993
23.366000 7.179478e+00 8.773678e-06 2.581984e-06 0.294288
23.367000 7.179821e+00 8.770479e-06 2.585727e-06 0.294822
23.368000 7.180163e+00 8.767281e-06 2.570432e-06 0.293185
23.369000 7.180506e+00 8.764085e-06 2.574454e-06 0.293750
23.370000 7.180848e+00 8.760890e-06 2.576733e-06 0.294118
23.371000 7.181191e+00 8.757696e-06 2.572631e-06 0.293757
23.372000 7.181533e+00 8.754504e-06 2.571720e-06 0.293760
23.373000 7.181876e+00 8.751314e-06 2.569215e-06 0.293581
23.374000 7.182218e+00 8.748124e-06 2.574681e-06 0.294312
23.375000 7.182561e+00 8.744936e-06 2.573770e-06 0.294315
23.376000 7.182903e+00 8.741750e-06 2.582018e-06 0.295366
23.377000 7.183245e+00 8.738564e-06 2.576590e-06 0.294853
23.378000 7.183588e+00 8.735381e-06 2.571038e-06 0.294325
23.379000 7.183930e+00 8.732198e-06 2.563764e-06 0.293599
23.380000 7.184273e+00 8.729017e-06 2.567629e-06 0.294149
23.381000 7.184615e+00 8.725837e-06 2.557038e-06 0.293042
23.382000 7.184957e+00 8.722659e-06 2.580929e-06 0.295888
23.383000 7.185300e+00 8.719482e-06 2.556817e-06 0.293230
23.384000 7.185642e+00 8.716306e-06 2.570218e-06 0.294875
23.385000 7.185984e+00 8.713132e-06 2.558328e-06 0.293617
23.386000 7.186327e+00 8.709959e-06 2.566814e-06 0.294699
23.387000 7.186669e+00 8.706788e-06 2.556519e-06 0.293624
23.388000 7.187011e+00 8.703618e-06 2.557200e-06 0.293809
23.389000 7.187353e+00 8.700449e-06 2.549811e-06 0.293067
23.390000 7.187696e+00 8.697282e-06 2.569265e-06 0.295410
23.391000 7.188038e+00 8.694116e-06 2.557660e-06 0.294183
23.392000 7.188380e+00 8.690951e-06 2.556756e-06 0.294186
23.393000 7.188722e+00 8.687788e-06 2.557435e-06 0.294371
23.394000 7.189065e+00 8.684626e-06 2.556531e-06 0.294374
23.395000 7.189407e+00 8.681465e-06 2.545988e-06 0.293267
23.396000 7.189749e+00 8.678306e-06 2.545088e-06 0.293270
23.397000 7.190091e+00 8.675148e-06 2.544189e-06 0.293273
23.398000 7.190433e+00 8.671992e-06 2.546596e-06 0.293658
23.399000 7.190775e+00 8.668837e-06 2.552017e-06 0.294390
23.400000 7.191118e+00 8.665683e-06 2.555723e-06 0.294925
23.401000 7.191460e+00 8.662531e-06 2.550215e-06 0.294396
23.402000 7.191802e+00 8.659380e-06 2.549314e-06 0.294399
23.403000 7.192144e+00 8.656230e-06 2.542101e-06 0.293673
23.404000 7.192486e+00 8.653082e-06 2.547514e-06 0.294405
23.405000 7.192828e+00 8.649935e-06 2.549638e-06 0.294758
23.406000 7.193170e+00 8.646790e-06 2.550313e-06 0.294943
23.407000 7.193512e+00 8.643645e-06 2.535214e-06 0.293304
23.408000 7.193854e+00 8.640503e-06 2.532745e-06 0.293125
23.409000 7.194196e+00 8.637361e-06 2.543019e-06 0.294421
23.410000 7.194538e+00 8.634221e-06 2.537396e-06 0.293877
23.411000 7.194880e+00 8.631082e-06 2.545815e-06 0.294959
23.412000 7.195222e+00 8.627945e-06 2.543345e-06 0.294780
23.413000 7.195564e+00 8.624809e-06 2.523265e-06 0.292559
23.414000 7.195906e+00 8.621674e-06 2.543121e-06 0.294968
23.415000 7.196248e+00 8.618541e-06 2.536069e-06 0.294257
23.416000 7.196590e+00 8.615409e-06 2.520594e-06 0.292568
23.417000 7.196932e+00 8.612278e-06 2.524709e-06 0.293152
23.418000 7.197274e+00 8.609149e-06 2.528673e-06 0.293719
23.419000 7.197616e+00 8.606021e-06 2.527781e-06 0.293722
23.420000 7.197958e+00 8.602894e-06 2.531599e-06 0.294273
23.421000 7.198300e+00 8.599769e-06 2.525997e-06 0.293729
23.422000 7.198642e+00 8.596645e-06 2.540401e-06 0.295511
23.423000 7.198984e+00 8.593522e-06 2.528921e-06 0.294282
23.424000 7.199326e+00 8.590401e-06 2.520045e-06 0.293356
23.425000 7.199668e+00 8.587281e-06 2.528702e-06 0.294471
23.426000 7.200009e+00 8.584163e-06 2.530815e-06 0.294824
23.427000 7.200351e+00 8.581046e-06 2.531485e-06 0.295009
23.428000 7.200693e+00 8.577930e-06 2.519768e-06 0.293750
23.429000 7.201035e+00 8.574815e-06 2.525137e-06 0.294483
23.430000 7.201377e+00 8.571702e-06 2.519552e-06 0.293938
23.431000 7.201719e+00 8.568590e-06 2.527918e-06 0.295022
23.432000 7.202060e+00 8.565480e-06 2.520909e-06 0.294310
23.433000 7.202402e+00 8.562371e-06 2.530569e-06 0.295545
23.434000 7.202744e+00 8.559263e-06 2.511172e-06 0.293387
23.435000 7.203086e+00 8.556156e-06 2.513557e-06 0.293772
23.436000 7.203427e+00 8.553051e-06 2.514229e-06 0.293957
23.437000 7.203769e+00 8.549948e-06 2.518027e-06 0.294508
23.438000 7.204111e+00 8.546845e-06 2.510901e-06 0.293781
23.439000 7.204452e+00 8.543744e-06 2.520802e-06 0.295047
23.440000 7.204794e+00 8.540644e-06 2.515367e-06 0.294517
23.441000 7.205136e+00 8.537546e-06 2.517473e-06 0.294871
23.442000 7.205478e+00 8.534449e-06 2.518140e-06 0.295056
23.443000 7.205819e+00 8.531353e-06 2.508035e-06 0.293979
23.444000 7.206161e+00 8.528259e-06 2.510273e-06 0.294348
23.445000 7.206502e+00 8.525165e-06 2.501457e-06 0.293420
23.446000 7.206844e+00 8.522074e-06 2.505386e-06 0.293988
23.447000 7.207186e+00 8.518983e-06 2.502953e-06 0.293809
23.448000 7.207527e+00 8.515894e-06 2.517236e-06 0.295593
23.449000 7.207869e+00 8.512806e-06 2.514801e-06 0.295414
23.450000 7.208210e+00 8.509720e-06 2.504976e-06 0.294366
23.451000 7.208552e+00 8.506635e-06 2.508625e-06 0.294902
23.452000 7.208894e+00 8.503551e-06 2.509290e-06 0.295087
23.453000 7.209235e+00 8.500469e-06 2.502332e-06 0.294376
23.454000 7.209577e+00 8.497387e-06 2.493541e-06 0.293448
23.455000 7.209918e+00 8.494308e-06 2.502117e-06 0.294564
23.456000 7.210260e+00 8.491229e-06 2.504215e-06 0.294918
23.457000 7.210601e+00 8.488152e-06 2.504879e-06 0.295103
23.458000 7.210943e+00 8.485076e-06 2.503998e-06 0.295106
23.459000 7.211284e+00 8.482002e-06 2.501574e-06 0.294927
23.460000 7.211626e+00 8.478928e-06 2.493069e-06 0.294031
23.461000 7.211967e+00 8.475856e-06 2.492192e-06 0.294034
23.462000 7.212309e+00 8.472786e-06 2.489774e-06 0.293855
23.463000 7.212650e+00 8.469717e-06 2.499598e-06 0.295122
23.464000 7.212991e+00 8.466649e-06 2.494207e-06 0.294592
23.465000 7.213333e+00 8.463582e-06 2.491790e-06 0.294413
23.466000 7.213674e+00 8.460517e-06 2.496963e-06 0.295131
23.467000 7.214016e+00 8.457453e-06 2.482160e-06 0.293488
23.468000 7.214357e+00 8.454390e-06 2.489163e-06 0.294423
23.469000 7.214698e+00 8.451329e-06 2.488288e-06 0.294426
23.470000 7.215040e+00 8.448269e-06 2.487414e-06 0.294429
23.471000 7.215381e+00 8.445210e-06 2.477134e-06 0.293318
23.472000 7.215722e+00 8.442153e-06 2.491702e-06 0.295150
23.473000 7.216064e+00 8.439097e-06 2.480162e-06 0.293890
23.474000 7.216405e+00 8.436042e-06 2.479291e-06 0.293893
23.475000 7.216746e+00 8.432989e-06 2.473654e-06 0.293331
23.476000 7.217088e+00 8.429937e-06 2.477549e-06 0.293899
23.477000 7.217429e+00 8.426886e-06 2.482835e-06 0.294633
23.478000 7.217770e+00 8.423836e-06 2.471047e-06 0.293340
23.479000 7.218111e+00 8.420788e-06 2.470179e-06 0.293343
23.480000 7.218453e+00 8.417741e-06 2.475600e-06 0.294093
23.481000 7.218794e+00 8.414696e-06 2.473200e-06 0.293914
23.482000 7.219135e+00 8.411651e-06 2.467576e-06 0.293352
23.483000 7.219476e+00 8.408608e-06 2.466709e-06 0.293355
23.484000 7.219817e+00 8.405567e-06 2.475209e-06 0.294473
23.485000 7.220159e+00 8.402526e-06 2.478821e-06 0.295009
23.486000 7.220500e+00 8.399487e-06 2.459216e-06 0.292782
23.487000 7.220841e+00 8.396449e-06 2.477082e-06 0.295015
23.488000 7.221182e+00 8.393413e-06 2.467127e-06 0.293936
23.489000 7.221523e+00 8.390378e-06 2.456626e-06 0.292791
23.490000 7.221864e+00 8.387344e-06 2.470000e-06 0.294491
23.491000 7.222205e+00 8.384312e-06 2.469133e-06 0.294494
23.492000 7.222547e+00 8.381280e-06 2.465189e-06 0.294130
23.493000 7.222888e+00 8.378250e-06 2.462800e-06 0.293952
23.494000 7.223229e+00 8.375222e-06 2.457199e-06 0.293389
23.495000 7.223570e+00 8.372194e-06 2.461072e-06 0.293958
23.496000 7.223911e+00 8.369168e-06 2.455475e-06 0.293395
23.497000 7.224252e+00 8.366144e-06 2.463940e-06 0.294513
23.498000 7.224593e+00 8.363120e-06 2.458483e-06 0.293967
23.499000 7.224934e+00 8.360098e-06 2.452891e-06 0.293405
23.500000 7.225275e+00 8.357077e-06 2.456758e-06 0.293973
23.501000 7.225616e+00 8.354058e-06 2.460485e-06 0.294526
23.502000 7.225957e+00 8.351039e-06 2.459622e-06 0.294529
23.503000 7.226298e+00 8.348023e-06 2.469066e-06 0.295767
23.504000 7.226639e+00 8.345007e-06 2.448592e-06 0.293420
23.505000 7.226980e+00 8.341992e-06 2.471549e-06 0.296278
23.506000 7.227321e+00 8.338979e-06 2.462142e-06 0.295257
23.507000 7.227662e+00 8.335968e-06 2.436137e-06 0.292244
23.508000 7.228003e+00 8.332957e-06 2.460417e-06 0.295263
23.509000 7.228344e+00 8.329948e-06 2.439443e-06 0.292852
23.510000 7.228684e+00 8.326940e-06 2.438587e-06 0.292855
23.511000 7.229025e+00 8.323933e-06 2.447300e-06 0.294008
23.512000 7.229366e+00 8.320928e-06 2.438391e-06 0.293043
23.513000 7.229707e+00 8.317924e-06 2.447097e-06 0.294196
23.514000 7.230048e+00 8.314921e-06 2.444728e-06 0.294017
23.515000 7.230389e+00 8.311920e-06 2.439166e-06 0.293454
23.516000 7.230730e+00 8.308920e-06 2.453529e-06 0.295289
23.517000 7.231070e+00 8.305921e-06 2.437457e-06 0.293460
23.518000 7.231411e+00 8.302923e-06 2.441304e-06 0.294029
23.519000 7.231752e+00 8.299927e-06 2.445011e-06 0.294582
23.520000 7.232093e+00 8.296932e-06 2.434896e-06 0.293469
23.521000 7.232434e+00 8.293938e-06 2.438739e-06 0.294039
23.522000 7.232774e+00 8.290945e-06 2.433191e-06 0.293476
23.523000 7.233115e+00 8.287954e-06 2.447521e-06 0.295311
23.524000 7.233456e+00 8.284964e-06 2.442239e-06 0.294780
23.525000 7.233797e+00 8.281976e-06 2.435325e-06 0.294051
23.526000 7.234137e+00 8.278988e-06 2.434473e-06 0.294054
23.527000 7.234478e+00 8.276002e-06 2.444096e-06 0.295323
23.528000 7.234819e+00 8.273017e-06 2.429587e-06 0.293676
23.529000 7.235159e+00 8.270034e-06 2.442386e-06 0.295330
23.530000 7.235500e+00 8.267052e-06 2.426383e-06 0.293500
23.531000 7.235841e+00 8.264071e-06 2.425534e-06 0.293504
23.532000 7.236181e+00 8.261091e-06 2.419861e-06 0.292923
23.533000 7.236522e+00 8.258113e-06 2.428514e-06 0.294076
23.534000 7.236863e+00 8.255135e-06 2.422988e-06 0.293513
23.535000 7.237203e+00 8.252160e-06 2.423640e-06 0.293698
23.536000 7.237544e+00 8.249185e-06 2.427465e-06 0.294267
23.537000 7.237884e+00 8.246212e-06 2.431152e-06 0.294820
23.538000 7.238225e+00 8.243240e-06 2.434707e-06 0.295358
23.539000 7.238566e+00 8.240269e-06 2.427954e-06 0.294645
23.540000 7.238906e+00 8.237299e-06 2.424070e-06 0.294280
23.541000 7.239247e+00 8.234331e-06 2.421726e-06 0.294101
23.542000 7.239587e+00 8.231364e-06 2.422375e-06 0.294286
23.543000 7.239928e+00 8.228398e-06 2.420033e-06 0.294107
23.544000 7.240268e+00 8.225434e-06 2.425207e-06 0.294842
23.545000 7.240609e+00 8.222471e-06 2.415175e-06 0.293729
23.546000 7.240949e+00 8.219509e-06 2.423511e-06 0.294849
23.547000 7.241290e+00 8.216548e-06 2.411993e-06 0.293553
23.548000 7.241630e+00 8.213589e-06 2.421817e-06 0.294855
23.549000 7.241971e+00 8.210631e-06 2.410307e-06 0.293559
23.550000 7.242311e+00 8.207674e-06 2.415608e-06 0.294311
23.551000 7.242652e+00 8.204718e-06 2.419279e-06 0.294864
23.552000 7.242992e+00 8.201764e-06 2.416943e-06 0.294686
23.553000 7.243332e+00 8.198811e-06 2.417589e-06 0.294871
23.554000 7.243673e+00 8.195859e-06 2.410744e-06 0.294142
23.555000 7.244013e+00 8.192909e-06 2.420281e-06 0.295412
23.556000 7.244354e+00 8.189959e-06 2.399629e-06 0.292996
23.557000 7.244694e+00 8.187011e-06 2.408218e-06 0.294151
23.558000 7.245034e+00 8.184065e-06 2.408864e-06 0.294336
23.559000 7.245375e+00 8.181119e-06 2.403384e-06 0.293772
23.560000 7.245715e+00 8.178175e-06 2.410198e-06 0.294711
23.561000 7.246055e+00 8.175232e-06 2.395440e-06 0.293012
23.562000 7.246396e+00 8.172290e-06 2.404016e-06 0.294167
23.563000 7.246736e+00 8.169350e-06 2.409158e-06 0.294902
23.564000 7.247076e+00 8.166411e-06 2.402337e-06 0.294173
23.565000 7.247416e+00 8.163473e-06 2.401498e-06 0.294176
23.566000 7.247757e+00 8.160536e-06 2.396031e-06 0.293612
23.567000 7.248097e+00 8.157601e-06 2.390424e-06 0.293030
23.568000 7.248437e+00 8.154666e-06 2.394359e-06 0.293618
23.569000 7.248777e+00 8.151733e-06 2.393523e-06 0.293621
23.570000 7.249118e+00 8.148802e-06 2.387921e-06 0.293040
23.571000 7.249458e+00 8.145871e-06 2.400960e-06 0.294746
23.572000 7.249798e+00 8.142942e-06 2.392496e-06 0.293812
23.573000 7.250138e+00 8.140014e-06 2.394801e-06 0.294201
23.574000 7.250478e+00 8.137088e-06 2.399926e-06 0.294937
23.575000 7.250819e+00 8.134162e-06 2.407675e-06 0.295995
23.576000 7.251159e+00 8.131238e-06 2.387682e-06 0.293643
23.577000 7.251499e+00 8.128315e-06 2.397415e-06 0.294946
23.578000 7.251839e+00 8.125393e-06 2.392103e-06 0.294398
23.579000 7.252179e+00 8.122473e-06 2.394268e-06 0.294771
23.580000 7.252519e+00 8.119554e-06 2.399254e-06 0.295491
23.581000 7.252859e+00 8.116636e-06 2.392598e-06 0.294777
23.582000 7.253199e+00 8.113719e-06 2.373042e-06 0.292473
23.583000 7.253539e+00 8.110804e-06 2.396745e-06 0.295500
23.584000 7.253879e+00 8.107889e-06 2.376282e-06 0.293083
23.585000 7.254220e+00 8.104976e-06 2.384797e-06 0.294239
23.586000 7.254560e+00 8.102065e-06 2.383966e-06 0.294242
23.587000 7.254900e+00 8.099154e-06 2.378537e-06 0.293677
23.588000 7.255240e+00 8.096245e-06 2.382304e-06 0.294248
23.589000 7.255580e+00 8.093337e-06 2.376879e-06 0.293683
23.590000 7.255920e+00 8.090430e-06 2.385103e-06 0.294805
23.591000 7.256260e+00 8.087525e-06 2.390072e-06 0.295526
23.592000 7.256600e+00 8.084620e-06 2.387771e-06 0.295347
23.593000 7.256940e+00 8.081717e-06 2.379624e-06 0.294445
23.594000 7.257279e+00 8.078815e-06 2.383248e-06 0.295000
23.595000 7.257619e+00 8.075915e-06 2.367185e-06 0.293117
23.596000 7.257959e+00 8.073016e-06 2.375672e-06 0.294273
23.597000 7.258299e+00 8.070117e-06 2.379293e-06 0.294828
23.598000 7.258639e+00 8.067221e-06 2.374017e-06 0.294279
23.599000 7.258979e+00 8.064325e-06 2.373190e-06 0.294283
23.600000 7.259319e+00 8.061431e-06 2.376808e-06 0.294837
23.601000 7.259659e+00 8.058537e-06 2.371537e-06 0.294289
23.602000 7.259999e+00 8.055645e-06 2.376616e-06 0.295025
23.603000 7.260338e+00 8.052755e-06 2.374327e-06 0.294847
23.604000 7.260678e+00 8.049865e-06 2.379274e-06 0.295567
23.605000 7.261018e+00 8.046977e-06 2.363665e-06 0.293733
23.606000 7.261358e+00 8.044090e-06 2.367412e-06 0.294304
23.607000 7.261698e+00 8.041204e-06 2.366588e-06 0.294308
23.608000 7.262037e+00 8.038320e-06 2.367223e-06 0.294492
23.609000 7.262377e+00 8.035436e-06 2.375137e-06 0.295583
23.610000 7.262717e+00 8.032554e-06 2.354848e-06 0.293163
23.611000 7.263057e+00 8.029673e-06 2.363295e-06 0.294320
23.612000 7.263396e+00 8.026794e-06 2.363930e-06 0.294505
23.613000 7.263736e+00 8.023915e-06 2.358547e-06 0.293940
23.614000 7.264076e+00 8.021038e-06 2.360829e-06 0.294330
23.615000 7.264416e+00 8.018162e-06 2.364431e-06 0.294884
23.616000 7.264755e+00 8.015287e-06 2.359187e-06 0.294336
23.617000 7.265095e+00 8.012414e-06 2.362787e-06 0.294891
23.618000 7.265435e+00 8.009542e-06 2.352993e-06 0.293774
23.619000 7.265774e+00 8.006671e-06 2.361144e-06 0.294897
23.620000 7.266114e+00 8.003801e-06 2.351357e-06 0.293780
23.621000 7.266454e+00 8.000932e-06 2.350539e-06 0.293783
23.622000 7.266793e+00 7.998065e-06 2.354268e-06 0.294355
23.623000 7.267133e+00 7.995198e-06 2.363599e-06 0.295627
23.624000 7.267472e+00 7.992334e-06 2.343403e-06 0.293206
23.625000 7.267812e+00 7.989470e-06 2.351813e-06 0.294364
23.626000 7.268152e+00 7.986607e-06 2.350996e-06 0.294367
23.627000 7.268491e+00 7.983746e-06 2.360315e-06 0.295640
23.628000 7.268831e+00 7.980886e-06 2.353767e-06 0.294926
23.629000 7.269170e+00 7.978027e-06 2.349993e-06 0.294558
23.630000 7.269510e+00 7.975169e-06 2.338518e-06 0.293225
23.631000 7.269849e+00 7.972313e-06 2.351314e-06 0.294935
23.632000 7.270189e+00 7.969458e-06 2.350497e-06 0.294938
23.633000 7.270528e+00 7.966604e-06 2.345283e-06 0.294389
23.634000 7.270868e+00 7.963751e-06 2.339939e-06 0.293824
23.635000 7.271207e+00 7.960899e-06 2.348049e-06 0.294948
23.636000 7.271547e+00 7.958049e-06 2.339757e-06 0.294011
23.637000 7.271886e+00 7.955200e-06 2.343469e-06 0.294583
23.638000 7.272226e+00 7.952352e-06 2.345603e-06 0.294957
23.639000 7.272565e+00 7.949505e-06 2.335877e-06 0.293839
23.640000 7.272905e+00 7.946659e-06 2.330405e-06 0.293256
23.641000 7.273244e+00 7.943815e-06 2.344602e-06 0.295148
23.642000 7.273583e+00 7.940972e-06 2.342347e-06 0.294970
23.643000 7.273923e+00 7.938130e-06 2.337150e-06 0.294421
23.644000 7.274262e+00 7.935289e-06 2.336338e-06 0.294424
23.645000 7.274601e+00 7.932450e-06 2.331014e-06 0.293858
23.646000 7.274941e+00 7.929611e-06 2.325553e-06 0.293274
23.647000 7.275280e+00 7.926774e-06 2.329396e-06 0.293864
23.648000 7.275620e+00 7.923938e-06 2.319140e-06 0.292675
23.649000 7.275959e+00 7.921104e-06 2.333724e-06 0.294621
23.650000 7.276298e+00 7.918270e-06 2.331477e-06 0.294443
23.651000 7.276637e+00 7.915438e-06 2.326163e-06 0.293877
23.652000 7.276977e+00 7.912607e-06 2.329859e-06 0.294449
23.653000 7.277316e+00 7.909777e-06 2.329051e-06 0.294452
23.654000 7.277655e+00 7.906948e-06 2.332612e-06 0.295008
23.655000 7.277994e+00 7.904121e-06 2.327435e-06 0.294458
23.656000 7.278334e+00 7.901295e-06 2.332427e-06 0.295196
23.657000 7.278673e+00 7.898470e-06 2.321325e-06 0.293896
23.658000 7.279012e+00 7.895646e-06 2.330810e-06 0.295202
23.659000 7.279351e+00 7.892823e-06 2.325640e-06 0.294652
23.660000 7.279691e+00 7.890002e-06 2.333430e-06 0.295745
23.661000 7.280030e+00 7.887181e-06 2.326955e-06 0.295030
23.662000 7.280369e+00 7.884362e-06 2.326149e-06 0.295033
23.663000 7.280708e+00 7.881544e-06 2.326772e-06 0.295218
23.664000 7.281047e+00 7.878728e-06 2.334309e-06 0.296280
23.665000 7.281386e+00 7.875912e-06 2.323731e-06 0.295043
23.666000 7.281725e+00 7.873098e-06 2.309467e-06 0.293337
23.667000 7.282065e+00 7.870285e-06 2.317770e-06 0.294496
23.668000 7.282404e+00 7.867473e-06 2.316966e-06 0.294499
23.669000 7.282743e+00 7.864662e-06 2.307066e-06 0.293346
23.670000 7.283082e+00 7.861852e-06 2.319707e-06 0.295059
23.671000 7.283421e+00 7.859044e-06 2.314558e-06 0.294509
23.672000 7.283760e+00 7.856237e-06 2.313756e-06 0.294512
23.673000 7.284099e+00 7.853431e-06 2.314379e-06 0.294697
23.674000 7.284438e+00 7.850626e-06 2.317918e-06 0.295253
23.675000 7.284777e+00 7.847823e-06 2.308305e-06 0.294133
23.676000 7.285116e+00 7.845020e-06 2.319105e-06 0.295615
23.677000 7.285455e+00 7.842219e-06 2.305284e-06 0.293958
23.678000 7.285794e+00 7.839419e-06 2.308952e-06 0.294531
23.679000 7.286133e+00 7.836620e-06 2.318118e-06 0.295806
23.680000 7.286472e+00 7.833823e-06 2.315895e-06 0.295628
23.681000 7.286811e+00 7.831026e-06 2.312305e-06 0.295275
23.682000 7.287150e+00 7.828231e-06 2.296695e-06 0.293386
23.683000 7.287489e+00 7.825437e-06 2.304957e-06 0.294547
23.684000 7.287828e+00 7.822644e-06 2.304159e-06 0.294550
23.685000 7.288167e+00 7.819852e-06 2.311890e-06 0.295644
23.686000 7.288506e+00 7.817062e-06 2.302564e-06 0.294556
23.687000 7.288844e+00 7.814272e-06 2.297314e-06 0.293989
23.688000 7.289183e+00 7.811484e-06 2.296518e-06 0.293993
23.689000 7.289522e+00 7.808697e-06 2.300174e-06 0.294566
23.690000 7.289861e+00 7.805911e-06 2.303697e-06 0.295122
23.691000 7.290200e+00 7.803127e-06 2.295550e-06 0.294183
23.692000 7.290539e+00 7.800343e-06 2.293341e-06 0.294005
23.693000 7.290877e+00 7.797561e-06 2.301307e-06 0.295132
23.694000 7.291216e+00 7.794780e-06 2.297611e-06 0.294763
23.695000 7.291555e+00 7.792000e-06 2.295403e-06 0.294585
23.696000 7.291894e+00 7.789221e-06 2.290169e-06 0.294018
23.697000 7.292233e+00 7.786444e-06 2.299537e-06 0.295326
23.698000 7.292571e+00 7.783667e-06 2.288585e-06 0.294024
23.699000 7.292910e+00 7.780892e-06 2.292230e-06 0.294597
23.700000 7.293249e+00 7.778118e-06 2.291437e-06 0.294600
23.701000 7.293588e+00 7.775345e-06 2.292054e-06 0.294785
23.702000 7.293926e+00 7.772573e-06 2.289853e-06 0.294607
23.703000 7.294265e+00 7.769803e-06 2.298949e-06 0.295883
23.704000 7.294604e+00 7.767033e-06 2.288270e-06 0.294613
23.705000 7.294942e+00 7.764265e-06 2.283051e-06 0.294046
23.706000 7.295281e+00 7.761498e-06 2.282261e-06 0.294049
23.707000 7.295620e+00 7.758732e-06 2.291600e-06 0.295357
23.708000 7.295958e+00 7.755968e-06 2.290808e-06 0.295361
23.709000 7.296297e+00 7.753204e-06 2.294186e-06 0.295902
23.710000 7.296636e+00 7.750442e-06 2.279108e-06 0.294062
23.711000 7.296974e+00 7.747681e-06 2.282740e-06 0.294635
23.712000 7.297313e+00 7.744921e-06 2.290406e-06 0.295730
23.713000 7.297651e+00 7.742162e-06 2.281163e-06 0.294642
23.714000 7.297990e+00 7.739404e-06 2.275959e-06 0.294074
23.715000 7.298329e+00 7.736648e-06 2.283871e-06 0.295202
23.716000 7.298667e+00 7.733893e-06 2.288645e-06 0.295924
23.717000 7.299006e+00 7.731138e-06 2.290498e-06 0.296269
23.718000 7.299344e+00 7.728385e-06 2.281506e-06 0.295211
23.719000 7.299683e+00 7.725634e-06 2.284875e-06 0.295753
23.720000 7.300021e+00 7.722883e-06 2.271246e-06 0.294093
23.721000 7.300360e+00 7.720133e-06 2.270462e-06 0.294096
23.722000 7.300698e+00 7.717385e-06 2.269678e-06 0.294099
23.723000 7.301037e+00 7.714638e-06 2.273297e-06 0.294673
23.724000 7.301375e+00 7.711892e-06 2.276785e-06 0.295230
23.725000 7.301714e+00 7.709147e-06 2.262790e-06 0.293520
23.726000 7.302052e+00 7.706403e-06 2.262009e-06 0.293523
23.727000 7.302390e+00 7.703661e-06 2.279971e-06 0.295959
23.728000 7.302729e+00 7.700919e-06 2.273643e-06 0.295243
23.729000 7.303067e+00 7.698179e-06 2.272859e-06 0.295246
23.730000 7.303406e+00 7.695440e-06 2.272075e-06 0.295249
23.731000 7.303744e+00 7.692702e-06 2.272685e-06 0.295434
23.732000 7.304082e+00 7.689965e-06 2.266246e-06 0.294702
23.733000 7.304421e+00 7.687230e-06 2.273863e-06 0.295797
23.734000 7.304759e+00 7.684495e-06 2.260295e-06 0.294137
23.735000 7.305097e+00 7.681762e-06 2.263901e-06 0.294711
23.736000 7.305436e+00 7.679030e-06 2.258736e-06 0.294143
23.737000 7.305774e+00 7.676299e-06 2.253436e-06 0.293558
23.738000 7.306112e+00 7.673569e-06 2.265813e-06 0.295275
23.739000 7.306451e+00 7.670840e-06 2.251882e-06 0.293564
23.740000 7.306789e+00 7.668113e-06 2.260000e-06 0.294727
23.741000 7.307127e+00 7.665386e-06 2.267598e-06 0.295823
23.742000 7.307465e+00 7.662661e-06 2.258442e-06 0.294733
23.743000 7.307804e+00 7.659937e-06 2.257664e-06 0.294737
23.744000 7.308142e+00 7.657214e-06 2.256885e-06 0.294740
23.745000 7.308480e+00 7.654492e-06 2.257494e-06 0.294924
23.746000 7.308818e+00 7.651772e-06 2.246451e-06 0.293586
23.747000 7.309157e+00 7.649052e-06 2.254552e-06 0.294749
23.748000 7.309495e+00 7.646334e-06 2.249407e-06 0.294181
23.749000 7.309833e+00 7.643617e-06 2.252999e-06 0.294756
23.750000 7.310171e+00 7.640901e-06 2.243355e-06 0.293598
23.751000 7.310509e+00 7.638186e-06 2.255682e-06 0.295317
23.752000 7.310847e+00 7.635472e-06 2.254905e-06 0.295320
23.753000 7.311186e+00 7.632759e-06 2.258241e-06 0.295862
23.754000 7.311524e+00 7.630048e-06 2.254734e-06 0.295507
23.755000 7.311862e+00 7.627338e-06 2.252576e-06 0.295329
23.756000 7.312200e+00 7.624629e-06 2.247571e-06 0.294778
23.757000 7.312538e+00 7.621920e-06 2.237950e-06 0.293620
23.758000 7.312876e+00 7.619214e-06 2.246023e-06 0.294784
23.759000 7.313214e+00 7.616508e-06 2.245250e-06 0.294787
23.760000 7.313552e+00 7.613803e-06 2.241504e-06 0.294400
23.761000 7.313890e+00 7.611100e-06 2.234868e-06 0.293633
23.762000 7.314228e+00 7.608397e-06 2.251253e-06 0.295891
23.763000 7.314566e+00 7.605696e-06 2.243537e-06 0.294981
23.764000 7.314904e+00 7.602996e-06 2.232560e-06 0.293642
23.765000 7.315242e+00 7.600297e-06 2.236271e-06 0.294235
23.766000 7.315580e+00 7.597599e-06 2.249532e-06 0.296085
23.767000 7.315918e+00 7.594903e-06 2.239074e-06 0.294813
23.768000 7.316256e+00 7.592207e-06 2.242517e-06 0.295371
23.769000 7.316594e+00 7.589513e-06 2.228719e-06 0.293658
23.770000 7.316932e+00 7.586820e-06 2.236763e-06 0.294822
23.771000 7.317270e+00 7.584128e-06 2.235994e-06 0.294825
23.772000 7.317608e+00 7.581437e-06 2.235225e-06 0.294829
23.773000 7.317946e+00 7.578747e-06 2.234456e-06 0.294832
23.774000 7.318284e+00 7.576058e-06 2.229354e-06 0.294263
23.775000 7.318621e+00 7.573371e-06 2.237122e-06 0.295393
23.776000 7.318959e+00 7.570684e-06 2.232151e-06 0.294841
23.777000 7.319297e+00 7.567999e-06 2.247492e-06 0.296973
23.778000 7.319635e+00 7.565315e-06 2.226288e-06 0.294276
23.779000 7.319973e+00 7.562632e-06 2.225523e-06 0.294279
23.780000 7.320311e+00 7.559950e-06 2.233279e-06 0.295409
23.781000 7.320648e+00 7.557269e-06 2.228315e-06 0.294857
23.782000 7.320986e+00 7.554589e-06 2.223228e-06 0.294288
23.783000 7.321324e+00 7.551911e-06 2.235050e-06 0.295958
23.784000 7.321662e+00 7.549233e-06 2.226018e-06 0.294867
23.785000 7.322000e+00 7.546557e-06 2.225253e-06 0.294870
23.786000 7.322337e+00 7.543882e-06 2.228677e-06 0.295428
23.787000 7.322675e+00 7.541208e-06 2.223724e-06 0.294876
23.788000 7.323013e+00 7.538535e-06 2.222959e-06 0.294879
23.789000 7.323351e+00 7.535863e-06 2.217883e-06 0.294310
23.790000 7.323688e+00 7.533192e-06 2.217121e-06 0.294314
23.791000 7.324026e+00 7.530523e-06 2.230278e-06 0.296165
23.792000 7.324364e+00 7.527855e-06 2.211155e-06 0.293730
23.793000 7.324701e+00 7.525187e-06 2.223323e-06 0.295451
23.794000 7.325039e+00 7.522521e-06 2.218381e-06 0.294899
23.795000 7.325377e+00 7.519856e-06 2.227215e-06 0.296178
23.796000 7.325714e+00 7.517192e-06 2.222394e-06 0.295642
23.797000 7.326052e+00 7.514529e-06 2.220271e-06 0.295464
23.798000 7.326390e+00 7.511868e-06 2.215335e-06 0.294911
23.799000 7.326727e+00 7.509207e-06 2.205843e-06 0.293752
23.800000 7.327065e+00 7.506548e-06 2.213814e-06 0.294918
23.801000 7.327402e+00 7.503889e-06 2.218581e-06 0.295658
23.802000 7.327740e+00 7.501232e-06 2.216462e-06 0.295480
23.803000 7.328077e+00 7.498576e-06 2.211534e-06 0.294927
23.804000 7.328415e+00 7.495921e-06 2.214941e-06 0.295486
23.805000 7.328752e+00 7.493267e-06 2.218226e-06 0.296029
23.806000 7.329090e+00 7.490614e-06 2.209258e-06 0.294937
23.807000 7.329428e+00 7.487963e-06 2.216704e-06 0.296036
23.808000 7.329765e+00 7.485312e-06 2.211902e-06 0.295499
23.809000 7.330103e+00 7.482663e-06 2.208339e-06 0.295127
23.810000 7.330440e+00 7.480015e-06 2.201943e-06 0.294377
23.811000 7.330777e+00 7.477367e-06 2.213664e-06 0.296049
23.812000 7.331115e+00 7.474721e-06 2.216828e-06 0.296577
23.813000 7.331452e+00 7.472076e-06 2.203957e-06 0.294959
23.814000 7.331790e+00 7.469433e-06 2.194511e-06 0.293799
23.815000 7.332127e+00 7.466790e-06 2.206596e-06 0.295521
23.816000 7.332465e+00 7.464148e-06 2.201690e-06 0.294969
23.817000 7.332802e+00 7.461508e-06 2.192253e-06 0.293808
23.818000 7.333139e+00 7.458868e-06 2.201530e-06 0.295156
23.819000 7.333477e+00 7.456230e-06 2.207599e-06 0.296074
23.820000 7.333814e+00 7.453593e-06 2.198672e-06 0.294981
23.821000 7.334151e+00 7.450957e-06 2.202061e-06 0.295541
23.822000 7.334489e+00 7.448322e-06 2.192897e-06 0.294415
23.823000 7.334826e+00 7.445688e-06 2.196411e-06 0.294991
23.824000 7.335163e+00 7.443055e-06 2.203818e-06 0.296091
23.825000 7.335501e+00 7.440424e-06 2.186245e-06 0.293833
23.826000 7.335838e+00 7.437793e-06 2.194153e-06 0.295001
23.827000 7.336175e+00 7.435164e-06 2.197537e-06 0.295560
23.828000 7.336513e+00 7.432535e-06 2.188390e-06 0.294434
23.829000 7.336850e+00 7.429908e-06 2.191898e-06 0.295010
23.830000 7.337187e+00 7.427282e-06 2.182501e-06 0.293849
23.831000 7.337524e+00 7.424657e-06 2.194527e-06 0.295573
23.832000 7.337862e+00 7.422033e-06 2.189646e-06 0.295020
23.833000 7.338199e+00 7.419410e-06 2.194366e-06 0.295760
23.834000 7.338536e+00 7.416788e-06 2.179511e-06 0.293862
23.835000 7.338873e+00 7.414168e-06 2.187397e-06 0.295029
23.836000 7.339210e+00 7.411548e-06 2.186648e-06 0.295033
23.837000 7.339548e+00 7.408930e-06 2.177271e-06 0.293871
23.838000 7.339885e+00 7.406312e-06 2.185150e-06 0.295039
23.839000 7.340222e+00 7.403696e-06 2.175780e-06 0.293878
23.840000 7.340559e+00 7.401081e-06 2.187773e-06 0.295602
23.841000 7.340896e+00 7.398467e-06 2.191023e-06 0.296146
23.842000 7.341233e+00 7.395854e-06 2.186275e-06 0.295608
23.843000 7.341570e+00 7.393242e-06 2.185527e-06 0.295611
23.844000 7.341907e+00 7.390631e-06 2.188774e-06 0.296155
23.845000 7.342244e+00 7.388022e-06 2.179919e-06 0.295061
23.846000 7.342582e+00 7.385413e-06 2.174938e-06 0.294491
23.847000 7.342919e+00 7.382806e-06 2.182537e-06 0.295624
23.848000 7.343256e+00 7.380199e-06 2.177682e-06 0.295071
23.849000 7.343593e+00 7.377594e-06 2.181043e-06 0.295631
23.850000 7.343930e+00 7.374990e-06 2.171962e-06 0.294504
23.851000 7.344267e+00 7.372387e-06 2.171218e-06 0.294507
23.852000 7.344604e+00 7.369785e-06 2.178806e-06 0.295640
23.853000 7.344941e+00 7.367184e-06 2.173959e-06 0.295087
23.854000 7.345278e+00 7.364584e-06 2.173215e-06 0.295090
23.855000 7.345615e+00 7.361985e-06 2.180552e-06 0.296191
23.856000 7.345952e+00 7.359387e-06 2.163153e-06 0.293931
23.857000 7.346288e+00 7.356791e-06 2.170986e-06 0.295100
23.858000 7.346625e+00 7.354195e-06 2.167354e-06 0.294710
23.859000 7.346962e+00 7.351601e-06 2.165284e-06 0.294532
23.860000 7.347299e+00 7.349008e-06 2.176828e-06 0.296207
23.861000 7.347636e+00 7.346415e-06 2.172110e-06 0.295669
23.862000 7.347973e+00 7.343824e-06 2.167277e-06 0.295116
23.863000 7.348310e+00 7.341234e-06 2.166537e-06 0.295119
23.864000 7.348647e+00 7.338645e-06 2.165796e-06 0.295122
23.865000 7.348984e+00 7.336057e-06 2.165056e-06 0.295125
23.866000 7.349320e+00 7.333470e-06 2.168401e-06 0.295685
23.867000 7.349657e+00 7.330885e-06 2.175482e-06 0.296756
23.868000 7.349994e+00 7.328300e-06 2.166919e-06 0.295692
23.869000 7.350331e+00 7.325717e-06 2.157893e-06 0.294564
23.870000 7.350668e+00 7.323134e-06 2.165439e-06 0.295698
23.871000 7.351004e+00 7.320553e-06 2.172511e-06 0.296769
23.872000 7.351341e+00 7.317972e-06 2.151349e-06 0.293982
23.873000 7.351678e+00 7.315393e-06 2.159145e-06 0.295151
23.874000 7.352015e+00 7.312815e-06 2.162482e-06 0.295711
23.875000 7.352351e+00 7.310238e-06 2.161743e-06 0.295714
23.876000 7.352688e+00 7.307662e-06 2.164960e-06 0.296259
23.877000 7.353025e+00 7.305087e-06 2.164221e-06 0.296262
23.878000 7.353362e+00 7.302513e-06 2.146943e-06 0.294001
23.879000 7.353698e+00 7.299940e-06 2.150532e-06 0.294596
23.880000 7.354035e+00 7.297369e-06 2.145476e-06 0.294007
23.881000 7.354372e+00 7.294798e-06 2.157318e-06 0.295734
23.882000 7.354708e+00 7.292228e-06 2.160530e-06 0.296278
23.883000 7.355045e+00 7.289660e-06 2.147596e-06 0.294609
23.884000 7.355381e+00 7.287093e-06 2.146863e-06 0.294612
23.885000 7.355718e+00 7.284526e-06 2.146130e-06 0.294615
23.886000 7.356055e+00 7.281961e-06 2.153640e-06 0.295750
23.887000 7.356391e+00 7.279397e-06 2.148847e-06 0.295196
23.888000 7.356728e+00 7.276834e-06 2.143934e-06 0.294625
23.889000 7.357064e+00 7.274272e-06 2.155375e-06 0.296301
23.890000 7.357401e+00 7.271711e-06 2.150702e-06 0.295763
23.891000 7.357738e+00 7.269151e-06 2.145915e-06 0.295209
23.892000 7.358074e+00 7.266592e-06 2.149235e-06 0.295769
23.893000 7.358411e+00 7.264034e-06 2.148502e-06 0.295773
23.894000 7.358747e+00 7.261477e-06 2.139548e-06 0.294644
23.895000 7.359084e+00 7.258922e-06 2.142989e-06 0.295221
23.896000 7.359420e+00 7.256367e-06 2.142258e-06 0.295225
23.897000 7.359757e+00 7.253814e-06 2.133061e-06 0.294061
23.898000 7.360093e+00 7.251261e-06 2.144841e-06 0.295789
23.899000 7.360430e+00 7.248710e-06 2.144110e-06 0.295792
23.900000 7.360766e+00 7.246160e-06 2.147304e-06 0.296337
23.901000 7.361102e+00 7.243611e-06 2.130152e-06 0.294073
23.902000 7.361439e+00 7.241062e-06 2.124995e-06 0.293464
23.903000 7.361775e+00 7.238515e-06 2.137150e-06 0.295247
23.904000 7.362112e+00 7.235969e-06 2.136422e-06 0.295250
23.905000 7.362448e+00 7.233424e-06 2.131536e-06 0.294679
23.906000 7.362784e+00 7.230880e-06 2.130809e-06 0.294682
23.907000 7.363121e+00 7.228338e-06 2.130083e-06 0.294685
23.908000 7.363457e+00 7.225796e-06 2.133511e-06 0.295263
23.909000 7.363793e+00 7.223255e-06 2.132784e-06 0.295266
23.910000 7.364130e+00 7.220715e-06 2.132057e-06 0.295270
23.911000 7.364466e+00 7.218177e-06 2.127181e-06 0.294698
23.912000 7.364802e+00 7.215639e-06 2.134631e-06 0.295834
23.913000 7.365139e+00 7.213103e-06 2.129879e-06 0.295279
23.914000 7.365475e+00 7.210567e-06 2.129154e-06 0.295282
23.915000 7.365811e+00 7.208033e-06 2.124284e-06 0.294711
23.916000 7.366148e+00 7.205500e-06 2.127703e-06 0.295289
23.917000 7.366484e+00 7.202967e-06 2.126979e-06 0.295292
23.918000 7.366820e+00 7.200436e-06 2.130273e-06 0.295853
23.919000 7.367156e+00 7.197906e-06 2.129548e-06 0.295857
23.920000 7.367492e+00 7.195377e-06 2.124807e-06 0.295302
23.921000 7.367829e+00 7.192849e-06 2.128098e-06 0.295863
23.922000 7.368165e+00 7.190322e-06 2.123360e-06 0.295308
23.923000 7.368501e+00 7.187796e-06 2.109837e-06 0.293530
23.924000 7.368837e+00 7.185271e-06 2.113519e-06 0.294146
23.925000 7.369173e+00 7.182747e-06 2.112799e-06 0.294149
23.926000 7.369510e+00 7.180225e-06 2.116340e-06 0.294746
23.927000 7.369846e+00 7.177703e-06 2.115620e-06 0.294749
23.928000 7.370182e+00 7.175182e-06 2.110642e-06 0.294159
23.929000 7.370518e+00 7.172663e-06 2.126201e-06 0.296431
23.930000 7.370854e+00 7.170144e-06 2.117586e-06 0.295334
23.931000 7.371190e+00 7.167626e-06 2.116866e-06 0.295337
23.932000 7.371526e+00 7.165110e-06 2.120146e-06 0.295899
23.933000 7.371862e+00 7.162595e-06 2.119425e-06 0.295902
23.934000 7.372198e+00 7.160080e-06 2.110586e-06 0.294771
23.935000 7.372534e+00 7.157567e-06 2.109868e-06 0.294774
23.936000 7.372870e+00 7.155055e-06 2.117264e-06 0.295912
23.937000 7.373206e+00 7.152543e-06 2.112549e-06 0.295356
23.938000 7.373542e+00 7.150033e-06 2.115824e-06 0.295918
23.939000 7.373878e+00 7.147524e-06 2.115105e-06 0.295921
23.940000 7.374214e+00 7.145016e-06 2.114386e-06 0.295925
23.941000 7.374550e+00 7.142509e-06 2.105566e-06 0.294794
23.942000 7.374886e+00 7.140003e-06 2.108960e-06 0.295372
23.943000 7.375222e+00 7.137498e-06 2.112230e-06 0.295934
23.944000 7.375558e+00 7.134994e-06 2.103419e-06 0.294803
23.945000 7.375894e+00 7.132491e-06 2.114665e-06 0.296483
23.946000 7.376230e+00 7.129989e-06 2.110078e-06 0.295944
23.947000 7.376566e+00 7.127489e-06 2.113228e-06 0.296490
23.948000 7.376902e+00 7.124989e-06 2.104663e-06 0.295392
23.949000 7.377238e+00 7.122490e-06 2.099847e-06 0.294819
23.950000 7.377574e+00 7.119992e-06 2.103233e-06 0.295398
23.951000 7.377909e+00 7.117496e-06 2.102518e-06 0.295401
23.952000 7.378245e+00 7.115000e-06 2.105780e-06 0.295963
23.953000 7.378581e+00 7.112506e-06 2.096994e-06 0.294832
23.954000 7.378917e+00 7.110012e-06 2.096282e-06 0.294835
23.955000 7.379253e+00 7.107520e-06 2.091348e-06 0.294244
23.956000 7.379589e+00 7.105028e-06 2.102921e-06 0.295976
23.957000 7.379924e+00 7.102538e-06 2.098237e-06 0.295421
23.958000 7.380260e+00 7.100048e-06 2.093435e-06 0.294848
23.959000 7.380596e+00 7.097560e-06 2.100780e-06 0.295986
23.960000 7.380932e+00 7.095073e-06 2.092014e-06 0.294854
23.961000 7.381267e+00 7.092587e-06 2.099354e-06 0.295993
23.962000 7.381603e+00 7.090101e-06 2.086380e-06 0.294267
23.963000 7.381939e+00 7.087617e-06 2.093966e-06 0.295440
23.964000 7.382275e+00 7.085134e-06 2.084964e-06 0.294273
23.965000 7.382610e+00 7.082652e-06 2.096505e-06 0.296006
23.966000 7.382946e+00 7.080171e-06 2.095794e-06 0.296009
23.967000 7.383282e+00 7.077691e-06 2.087047e-06 0.294877
23.968000 7.383617e+00 7.075212e-06 2.094372e-06 0.296015
23.969000 7.383953e+00 7.072734e-06 2.093661e-06 0.296019
23.970000 7.384289e+00 7.070257e-06 2.071899e-06 0.293044
23.971000 7.384624e+00 7.067781e-06 2.092241e-06 0.296025
23.972000 7.384960e+00 7.065306e-06 2.095369e-06 0.296572
23.973000 7.385295e+00 7.062832e-06 2.090822e-06 0.296032
23.974000 7.385631e+00 7.060359e-06 2.086164e-06 0.295476
23.975000 7.385967e+00 7.057887e-06 2.077193e-06 0.294308
23.976000 7.386302e+00 7.055417e-06 2.088695e-06 0.296041
23.977000 7.386638e+00 7.052947e-06 2.084042e-06 0.295485
23.978000 7.386973e+00 7.050478e-06 2.079271e-06 0.294912
23.979000 7.387309e+00 7.048010e-06 2.082629e-06 0.295492
23.980000 7.387644e+00 7.045544e-06 2.085864e-06 0.296054
23.981000 7.387980e+00 7.043078e-06 2.081217e-06 0.295498
23.982000 7.388315e+00 7.040613e-06 2.080511e-06 0.295501
23.983000 7.388651e+00 7.038150e-06 2.075748e-06 0.294928
23.984000 7.388986e+00 7.035687e-06 2.075044e-06 0.294931
23.985000 7.389322e+00 7.033225e-06 2.078396e-06 0.295511
23.986000 7.389657e+00 7.030765e-06 2.076361e-06 0.295325
23.987000 7.389993e+00 7.028305e-06 2.068755e-06 0.294346
23.988000 7.390328e+00 7.025847e-06 2.072232e-06 0.294944
23.989000 7.390664e+00 7.023389e-06 2.071530e-06 0.294947
23.990000 7.390999e+00 7.020933e-06 2.070828e-06 0.294951
23.991000 7.391334e+00 7.018477e-06 2.074174e-06 0.295530
23.992000 7.391670e+00 7.016023e-06 2.069425e-06 0.294957
23.993000 7.392005e+00 7.013570e-06 2.055793e-06 0.293116
23.994000 7.392341e+00 7.011117e-06 2.062525e-06 0.294179
23.995000 7.392676e+00 7.008666e-06 2.071365e-06 0.295543
23.996000 7.393011e+00 7.006215e-06 2.070664e-06 0.295547
23.997000 7.393347e+00 7.003766e-06 2.069962e-06 0.295550
23.998000 7.393682e+00 7.001318e-06 2.069261e-06 0.295553
23.999000 7.394017e+00 6.998870e-06 2.064523e-06 0.294979
24.000000 7.394352e+00 6.996424e-06 2.067860e-06 0.295560
