0.700000 7.313362e-05 7.594313e+06 7.363601e+06 0.969620
0.705800 7.435049e-05 7.347695e+06 7.123732e+06 0.969519
0.711600 7.557739e-05 7.111005e+06 6.893543e+06 0.969419
0.717400 7.681433e-05 6.883768e+06 6.672571e+06 0.969319
0.723200 7.806131e-05 6.665535e+06 6.460376e+06 0.969221
0.729000 7.931833e-05 6.455881e+06 6.256542e+06 0.969123
0.734800 8.058538e-05 6.254405e+06 6.060679e+06 0.969026
0.740600 8.186248e-05 6.060726e+06 5.872416e+06 0.968929
0.746400 8.314961e-05 5.874485e+06 5.691400e+06 0.968834
0.752200 8.444678e-05 5.695343e+06 5.517301e+06 0.968739
0.758000 8.575398e-05 5.522977e+06 5.349803e+06 0.968645
0.763800 8.707123e-05 5.357081e+06 5.188608e+06 0.968551
0.769600 8.839851e-05 5.197367e+06 5.033435e+06 0.968459
0.775400 8.973583e-05 5.043560e+06 4.884015e+06 0.968367
0.781200 9.108319e-05 4.895400e+06 4.740095e+06 0.968275
0.787000 9.244058e-05 4.752639e+06 4.601433e+06 0.968185
0.792800 9.380801e-05 4.615045e+06 4.467800e+06 0.968095
0.798600 9.518548e-05 4.482393e+06 4.338980e+06 0.968005
0.804400 9.657298e-05 4.354472e+06 4.214766e+06 0.967917
0.810200 9.797052e-05 4.231082e+06 4.094962e+06 0.967829
0.816000 9.937810e-05 4.112030e+06 3.979382e+06 0.967741
0.821800 1.007957e-04 3.997136e+06 3.867847e+06 0.967655
0.827600 1.022234e-04 3.886226e+06 3.760190e+06 0.967568
0.833400 1.036611e-04 3.779136e+06 3.656249e+06 0.967483
0.839200 1.051088e-04 3.675709e+06 3.555873e+06 0.967398
0.845000 1.065665e-04 3.575795e+06 3.458915e+06 0.967313
0.850800 1.080343e-04 3.479253e+06 3.365237e+06 0.967230
0.856600 1.095122e-04 3.385946e+06 3.274706e+06 0.967146
0.862400 1.110001e-04 3.295746e+06 3.187196e+06 0.967064
0.868200 1.124980e-04 3.208529e+06 3.102589e+06 0.966982
0.874000 1.140059e-04 3.124177e+06 3.020767e+06 0.966900
0.879800 1.155239e-04 3.042579e+06 2.941624e+06 0.966819
0.885600 1.170519e-04 2.963627e+06 2.865053e+06 0.966739
0.891400 1.185899e-04 2.887219e+06 2.790955e+06 0.966659
0.897200 1.201380e-04 2.813257e+06 2.719236e+06 0.966579
0.903000 1.216962e-04 2.741648e+06 2.649804e+06 0.966500
0.908800 1.232643e-04 2.672303e+06 2.582572e+06 0.966422
0.914600 1.248425e-04 2.605135e+06 2.517457e+06 0.966344
0.920400 1.264307e-04 2.540065e+06 2.454379e+06 0.966266
0.926200 1.280290e-04 2.477013e+06 2.393264e+06 0.966190
0.932000 1.296373e-04 2.415905e+06 2.334037e+06 0.966113
0.937800 1.312556e-04 2.356669e+06 2.276630e+06 0.966037
0.943600 1.328840e-04 2.299238e+06 2.220975e+06 0.965962
0.949400 1.345224e-04 2.243544e+06 2.167009e+06 0.965887
0.955200 1.361708e-04 2.189527e+06 2.114671e+06 0.965812
0.961000 1.378293e-04 2.137125e+06 2.063903e+06 0.965738
0.966800 1.394978e-04 2.086282e+06 2.014647e+06 0.965664
0.972600 1.411764e-04 2.036941e+06 1.966851e+06 0.965591
0.978400 1.428649e-04 1.989049e+06 1.920463e+06 0.965518
0.984200 1.445636e-04 1.942557e+06 1.875433e+06 0.965446
0.990000 1.462722e-04 1.897415e+06 1.831714e+06 0.965374
0.995800 1.479909e-04 1.853576e+06 1.789261e+06 0.965302
1.001600 1.497196e-04 1.810996e+06 1.748029e+06 0.965231
1.007400 1.514583e-04 1.769631e+06 1.707978e+06 0.965160
1.013200 1.532071e-04 1.729440e+06 1.669065e+06 0.965090
1.019000 1.549659e-04 1.690383e+06 1.631254e+06 0.965020
1.024800 1.567348e-04 1.652423e+06 1.594507e+06 0.964951
1.030600 1.585137e-04 1.615522e+06 1.558787e+06 0.964882
1.036400 1.603026e-04 1.579645e+06 1.524062e+06 0.964813
1.042200 1.621015e-04 1.544758e+06 1.490297e+06 0.964745
1.048000 1.639105e-04 1.510828e+06 1.457461e+06 0.964677
1.053800 1.657295e-04 1.477825e+06 1.425524e+06 0.964609
1.059600 1.675586e-04 1.445718e+06 1.394456e+06 0.964542
1.065400 1.693977e-04 1.414478e+06 1.364229e+06 0.964475
1.071200 1.712468e-04 1.384077e+06 1.334816e+06 0.964409
1.077000 1.731059e-04 1.354488e+06 1.306190e+06 0.964343
1.082800 1.749751e-04 1.325685e+06 1.278327e+06 0.964277
1.088600 1.768543e-04 1.297644e+06 1.251203e+06 0.964211
1.094400 1.787436e-04 1.270340e+06 1.224793e+06 0.964146
1.100200 1.806429e-04 1.243750e+06 1.199077e+06 0.964082
1.106000 1.825522e-04 1.217852e+06 1.174030e+06 0.964017
1.111800 1.844715e-04 1.192624e+06 1.149634e+06 0.963953
1.117600 1.864009e-04 1.168046e+06 1.125868e+06 0.963890
1.123400 1.883403e-04 1.144098e+06 1.102712e+06 0.963826
1.129200 1.902897e-04 1.120760e+06 1.080148e+06 0.963763
1.135000 1.922492e-04 1.098014e+06 1.058157e+06 0.963701
1.140800 1.942187e-04 1.075842e+06 1.036723e+06 0.963638
1.146600 1.961982e-04 1.054227e+06 1.015828e+06 0.963576
1.152400 1.981878e-04 1.033152e+06 9.954564e+05 0.963514
1.158200 2.001874e-04 1.012600e+06 9.755925e+05 0.963453
1.164000 2.021970e-04 9.925568e+05 9.562211e+05 0.963392
1.169800 2.042167e-04 9.730069e+05 9.373278e+05 0.963331
1.175600 2.062464e-04 9.539358e+05 9.188983e+05 0.963271
1.181400 2.082861e-04 9.353295e+05 9.009190e+05 0.963210
1.187200 2.103358e-04 9.171745e+05 8.833770e+05 0.963150
1.193000 2.123956e-04 8.994577e+05 8.662594e+05 0.963091
1.198800 2.144654e-04 8.821665e+05 8.495541e+05 0.963031
1.204600 2.165453e-04 8.652887e+05 8.332491e+05 0.962972
1.210400 2.186351e-04 8.488124e+05 8.173330e+05 0.962914
1.216200 2.207350e-04 8.327263e+05 8.017948e+05 0.962855
1.222000 2.228450e-04 8.170193e+05 7.866237e+05 0.962797
1.227800 2.249649e-04 8.016808e+05 7.718094e+05 0.962739
1.233600 2.270949e-04 7.867004e+05 7.573419e+05 0.962681
1.239400 2.292350e-04 7.720682e+05 7.432114e+05 0.962624
1.245200 2.313850e-04 7.577745e+05 7.294087e+05 0.962567
1.251000 2.335451e-04 7.438099e+05 7.159245e+05 0.962510
1.256800 2.357152e-04 7.301654e+05 7.027502e+05 0.962454
1.262600 2.378953e-04 7.168322e+05 6.898773e+05 0.962397
1.268400 2.400855e-04 7.038018e+05 6.772974e+05 0.962341
1.274200 2.422857e-04 6.910661e+05 6.650027e+05 0.962285
1.280000 2.444959e-04 6.786170e+05 6.529855e+05 0.962230
1.285800 2.467162e-04 6.664469e+05 6.412382e+05 0.962175
1.291600 2.489465e-04 6.545482e+05 6.297536e+05 0.962119
1.297400 2.511868e-04 6.429138e+05 6.185247e+05 0.962065
1.303200 2.534371e-04 6.315367e+05 6.075447e+05 0.962010
1.309000 2.556975e-04 6.204100e+05 5.968071e+05 0.961956
1.314800 2.579679e-04 6.095272e+05 5.863053e+05 0.961902
1.320600 2.602483e-04 5.988819e+05 5.760333e+05 0.961848
1.326400 2.625387e-04 5.884679e+05 5.659851e+05 0.961794
1.332200 2.648392e-04 5.782791e+05 5.561547e+05 0.961741
1.338000 2.671497e-04 5.683098e+05 5.465367e+05 0.961688
1.343800 2.694703e-04 5.585543e+05 5.371254e+05 0.961635
1.349600 2.718008e-04 5.490072e+05 5.279156e+05 0.961582
1.355400 2.741414e-04 5.396631e+05 5.189022e+05 0.961530
1.361200 2.764920e-04 5.305168e+05 5.100801e+05 0.961478
1.367000 2.788527e-04 5.215634e+05 5.014445e+05 0.961426
1.372800 2.812233e-04 5.127981e+05 4.929907e+05 0.961374
1.378600 2.836040e-04 5.042159e+05 4.847141e+05 0.961322
1.384400 2.859948e-04 4.958125e+05 4.766103e+05 0.961271
1.390200 2.883955e-04 4.875834e+05 4.686749e+05 0.961220
1.396000 2.908063e-04 4.795242e+05 4.609039e+05 0.961169
1.401800 2.932271e-04 4.716307e+05 4.532930e+05 0.961118
1.407600 2.956579e-04 4.638989e+05 4.458384e+05 0.961068
1.413400 2.980988e-04 4.563249e+05 4.385363e+05 0.961018
1.419200 3.005496e-04 4.489047e+05 4.313829e+05 0.960968
1.425000 3.030105e-04 4.416346e+05 4.243746e+05 0.960918
1.430800 3.054815e-04 4.345111e+05 4.175079e+05 0.960868
1.436600 3.079624e-04 4.275305e+05 4.107793e+05 0.960819
1.442400 3.104534e-04 4.206895e+05 4.041856e+05 0.960770
1.448200 3.129544e-04 4.139847e+05 3.977236e+05 0.960720
1.454000 3.154654e-04 4.074129e+05 3.913900e+05 0.960672
1.459800 3.179865e-04 4.009708e+05 3.851818e+05 0.960623
1.465600 3.205176e-04 3.946556e+05 3.790961e+05 0.960575
1.471400 3.230587e-04 3.884641e+05 3.731300e+05 0.960526
1.477200 3.256098e-04 3.823935e+05 3.672807e+05 0.960478
1.483000 3.281709e-04 3.764410e+05 3.615453e+05 0.960430
1.488800 3.307421e-04 3.706038e+05 3.559214e+05 0.960383
1.494600 3.333233e-04 3.648792e+05 3.504063e+05 0.960335
1.500400 3.359145e-04 3.592647e+05 3.449975e+05 0.960288
1.506200 3.385158e-04 3.537577e+05 3.396925e+05 0.960241
1.512000 3.411271e-04 3.483557e+05 3.344889e+05 0.960194
1.517800 3.437483e-04 3.430564e+05 3.293846e+05 0.960147
1.523600 3.463797e-04 3.378574e+05 3.243770e+05 0.960100
1.529400 3.490210e-04 3.327565e+05 3.194642e+05 0.960054
1.535200 3.516724e-04 3.277515e+05 3.146439e+05 0.960008
1.541000 3.543337e-04 3.228401e+05 3.099141e+05 0.959962
1.546800 3.570052e-04 3.180203e+05 3.052727e+05 0.959916
1.552600 3.596866e-04 3.132901e+05 3.007178e+05 0.959870
1.558400 3.623780e-04 3.086475e+05 2.962474e+05 0.959825
1.564200 3.650795e-04 3.040905e+05 2.918597e+05 0.959779
1.570000 3.677910e-04 2.996172e+05 2.875528e+05 0.959734
1.575800 3.705125e-04 2.952259e+05 2.833250e+05 0.959689
1.581600 3.732441e-04 2.909146e+05 2.791745e+05 0.959644
1.587400 3.759856e-04 2.866817e+05 2.750996e+05 0.959599
1.593200 3.787372e-04 2.825255e+05 2.710987e+05 0.959555
1.599000 3.814988e-04 2.784443e+05 2.671702e+05 0.959510
1.604800 3.842704e-04 2.744364e+05 2.633125e+05 0.959466
1.610600 3.870521e-04 2.705004e+05 2.595240e+05 0.959422
1.616400 3.898437e-04 2.666346e+05 2.558034e+05 0.959378
1.622200 3.926454e-04 2.628376e+05 2.521492e+05 0.959335
1.628000 3.954571e-04 2.591079e+05 2.485599e+05 0.959291
1.633800 3.982788e-04 2.554441e+05 2.450341e+05 0.959248
1.639600 4.011106e-04 2.518447e+05 2.415706e+05 0.959204
1.645400 4.039524e-04 2.483085e+05 2.381679e+05 0.959161
1.651200 4.068041e-04 2.448342e+05 2.348249e+05 0.959118
1.657000 4.096659e-04 2.414203e+05 2.315402e+05 0.959075
1.662800 4.125378e-04 2.380657e+05 2.283128e+05 0.959033
1.668600 4.154196e-04 2.347691e+05 2.251412e+05 0.958990
1.674400 4.183115e-04 2.315293e+05 2.220245e+05 0.958948
1.680200 4.212134e-04 2.283452e+05 2.189615e+05 0.958906
1.686000 4.241253e-04 2.252156e+05 2.159510e+05 0.958864
1.691800 4.270472e-04 2.221394e+05 2.129920e+05 0.958822
1.697600 4.299791e-04 2.191155e+05 2.100835e+05 0.958780
1.703400 4.329211e-04 2.161428e+05 2.072244e+05 0.958738
1.709200 4.358730e-04 2.132204e+05 2.044137e+05 0.958697
1.715000 4.388350e-04 2.103471e+05 2.016504e+05 0.958655
1.720800 4.418070e-04 2.075220e+05 1.989336e+05 0.958614
1.726600 4.447891e-04 2.047442e+05 1.962623e+05 0.958573
1.732400 4.477811e-04 2.020127e+05 1.936357e+05 0.958532
1.738200 4.507832e-04 1.993265e+05 1.910528e+05 0.958491
1.744000 4.537953e-04 1.966848e+05 1.885127e+05 0.958451
1.749800 4.568174e-04 1.940867e+05 1.860147e+05 0.958410
1.755600 4.598495e-04 1.915313e+05 1.835578e+05 0.958370
1.761400 4.628916e-04 1.890178e+05 1.811414e+05 0.958330
1.767200 4.659437e-04 1.865454e+05 1.787645e+05 0.958290
1.773000 4.690059e-04 1.841132e+05 1.764264e+05 0.958250
1.778800 4.720781e-04 1.817205e+05 1.741264e+05 0.958210
1.784600 4.751603e-04 1.793665e+05 1.718636e+05 0.958170
1.790400 4.782525e-04 1.770505e+05 1.696375e+05 0.958130
1.796200 4.813547e-04 1.747717e+05 1.674472e+05 0.958091
1.802000 4.844669e-04 1.725294e+05 1.652921e+05 0.958052
1.807800 4.875892e-04 1.703230e+05 1.631715e+05 0.958013
1.813600 4.907215e-04 1.681517e+05 1.610848e+05 0.957973
1.819400 4.938638e-04 1.660148e+05 1.590313e+05 0.957934
1.825200 4.970161e-04 1.639117e+05 1.570103e+05 0.957896
1.831000 5.001784e-04 1.618419e+05 1.550214e+05 0.957857
1.836800 5.033507e-04 1.598045e+05 1.530637e+05 0.957818
1.842600 5.065330e-04 1.577991e+05 1.511368e+05 0.957780
1.848400 5.097254e-04 1.558250e+05 1.492401e+05 0.957742
1.854200 5.129278e-04 1.538817e+05 1.473730e+05 0.957703
1.860000 5.161402e-04 1.519686e+05 1.455350e+05 0.957665
1.865800 5.193626e-04 1.500850e+05 1.437255e+05 0.957627
1.871600 5.225950e-04 1.482306e+05 1.419440e+05 0.957590
1.877400 5.258374e-04 1.464046e+05 1.401900e+05 0.957552
1.883200 5.290898e-04 1.446067e+05 1.384629e+05 0.957514
1.889000 5.323523e-04 1.428362e+05 1.367624e+05 0.957477
1.894800 5.356247e-04 1.410928e+05 1.350878e+05 0.957439
1.900600 5.389072e-04 1.393758e+05 1.334387e+05 0.957402
1.906400 5.421997e-04 1.376849e+05 1.318147e+05 0.957365
1.912200 5.455022e-04 1.360195e+05 1.302152e+05 0.957328
1.918000 5.488147e-04 1.343791e+05 1.286399e+05 0.957291
1.923800 5.521372e-04 1.327635e+05 1.270884e+05 0.957254
1.929600 5.554698e-04 1.311720e+05 1.255601e+05 0.957217
1.935400 5.588123e-04 1.296042e+05 1.240547e+05 0.957181
1.941200 5.621649e-04 1.280598e+05 1.225717e+05 0.957144
1.947000 5.655274e-04 1.265383e+05 1.211108e+05 0.957108
1.952800 5.689000e-04 1.250393e+05 1.196716e+05 0.957072
1.958600 5.722826e-04 1.235624e+05 1.182536e+05 0.957036
1.964400 5.756752e-04 1.221073e+05 1.168566e+05 0.957000
1.970200 5.790778e-04 1.206734e+05 1.154801e+05 0.956964
1.976000 5.824904e-04 1.192606e+05 1.141238e+05 0.956928
1.981800 5.859131e-04 1.178683e+05 1.127873e+05 0.956892
1.987600 5.893457e-04 1.164963e+05 1.114702e+05 0.956857
1.993400 5.927883e-04 1.151441e+05 1.101723e+05 0.956821
1.999200 5.962410e-04 1.138115e+05 1.088933e+05 0.956786
2.005000 5.997037e-04 1.124982e+05 1.076326e+05 0.956750
2.010800 6.031763e-04 1.112036e+05 1.063902e+05 0.956715
2.016600 6.066590e-04 1.099277e+05 1.051656e+05 0.956680
2.022400 6.101517e-04 1.086699e+05 1.039585e+05 0.956645
2.028200 6.136544e-04 1.074301e+05 1.027687e+05 0.956610
2.034000 6.171671e-04 1.062079e+05 1.015959e+05 0.956575
2.039800 6.206898e-04 1.050030e+05 1.004396e+05 0.956541
2.045600 6.242225e-04 1.038151e+05 9.929980e+04 0.956506
2.051400 6.277653e-04 1.026440e+05 9.817605e+04 0.956472
2.057200 6.313180e-04 1.014893e+05 9.706814e+04 0.956437
2.063000 6.348808e-04 1.003508e+05 9.597578e+04 0.956403
2.068800 6.384535e-04 9.922816e+04 9.489871e+04 0.956369
2.074600 6.420363e-04 9.812118e+04 9.383669e+04 0.956335
2.080400 6.456290e-04 9.702959e+04 9.278946e+04 0.956301
2.086200 6.492318e-04 9.595311e+04 9.175678e+04 0.956267
2.092000 6.528446e-04 9.489151e+04 9.073839e+04 0.956233
2.097800 6.564674e-04 9.384453e+04 8.973407e+04 0.956199
2.103600 6.601001e-04 9.281194e+04 8.874359e+04 0.956166
2.109400 6.637429e-04 9.179349e+04 8.776671e+04 0.956132
2.115200 6.673957e-04 9.078896e+04 8.680321e+04 0.956099
2.121000 6.710585e-04 8.979812e+04 8.585287e+04 0.956065
2.126800 6.747313e-04 8.882075e+04 8.491549e+04 0.956032
2.132600 6.784142e-04 8.785662e+04 8.399083e+04 0.955999
2.138400 6.821070e-04 8.690552e+04 8.307871e+04 0.955966
2.144200 6.858098e-04 8.596724e+04 8.217892e+04 0.955933
2.150000 6.895226e-04 8.504158e+04 8.129125e+04 0.955900
2.155800 6.932454e-04 8.412833e+04 8.041552e+04 0.955867
2.161600 6.969783e-04 8.322729e+04 7.955152e+04 0.955835
2.167400 7.007211e-04 8.233827e+04 7.869908e+04 0.955802
2.173200 7.044739e-04 8.146108e+04 7.785801e+04 0.955769
2.179000 7.082368e-04 8.059552e+04 7.702812e+04 0.955737
2.184800 7.120096e-04 7.974141e+04 7.620924e+04 0.955705
2.190600 7.157925e-04 7.889858e+04 7.540119e+04 0.955672
2.196400 7.195853e-04 7.806684e+04 7.460380e+04 0.955640
2.202200 7.233882e-04 7.724601e+04 7.381691e+04 0.955608
2.208000 7.272010e-04 7.643594e+04 7.304035e+04 0.955576
2.213800 7.310239e-04 7.563644e+04 7.227396e+04 0.955544
2.219600 7.348567e-04 7.484735e+04 7.151757e+04 0.955512
2.225400 7.386996e-04 7.406852e+04 7.077103e+04 0.955481
2.231200 7.425524e-04 7.329978e+04 7.003419e+04 0.955449
2.237000 7.464153e-04 7.254097e+04 6.930690e+04 0.955417
2.242800 7.502882e-04 7.179195e+04 6.858901e+04 0.955386
2.248600 7.541710e-04 7.105255e+04 6.788037e+04 0.955354
2.254400 7.580639e-04 7.032264e+04 6.718084e+04 0.955323
2.260200 7.619667e-04 6.960207e+04 6.649028e+04 0.955292
2.266000 7.658796e-04 6.889069e+04 6.580856e+04 0.955261
2.271800 7.698025e-04 6.818836e+04 6.513554e+04 0.955230
2.277600 7.737353e-04 6.749495e+04 6.447108e+04 0.955199
2.283400 7.776782e-04 6.681032e+04 6.381506e+04 0.955168
2.289200 7.816310e-04 6.613434e+04 6.316734e+04 0.955137
2.295000 7.855939e-04 6.546687e+04 6.252780e+04 0.955106
2.300800 7.895667e-04 6.480780e+04 6.189633e+04 0.955075
2.306600 7.935496e-04 6.415698e+04 6.127279e+04 0.955045
2.312400 7.975424e-04 6.351431e+04 6.065706e+04 0.955014
2.318200 8.015453e-04 6.287965e+04 6.004904e+04 0.954984
2.324000 8.055581e-04 6.225289e+04 5.944860e+04 0.954953
2.329800 8.095809e-04 6.163391e+04 5.885563e+04 0.954923
2.335600 8.136138e-04 6.102259e+04 5.827003e+04 0.954893
2.341400 8.176566e-04 6.041882e+04 5.769167e+04 0.954863
2.347200 8.217094e-04 5.982249e+04 5.712046e+04 0.954833
2.353000 8.257723e-04 5.923349e+04 5.655629e+04 0.954803
2.358800 8.298451e-04 5.865171e+04 5.599905e+04 0.954773
2.364600 8.339279e-04 5.807705e+04 5.544864e+04 0.954743
2.370400 8.380207e-04 5.750939e+04 5.490497e+04 0.954713
2.376200 8.421235e-04 5.694865e+04 5.436793e+04 0.954683
2.382000 8.462363e-04 5.639472e+04 5.383742e+04 0.954654
2.387800 8.503591e-04 5.584749e+04 5.331336e+04 0.954624
2.393600 8.544919e-04 5.530688e+04 5.279565e+04 0.954595
2.399400 8.586347e-04 5.477278e+04 5.228419e+04 0.954565
2.405200 8.627875e-04 5.424511e+04 5.177890e+04 0.954536
2.411000 8.669503e-04 5.372376e+04 5.127969e+04 0.954507
2.416800 8.711231e-04 5.320866e+04 5.078647e+04 0.954477
2.422600 8.753058e-04 5.269970e+04 5.029915e+04 0.954448
2.428400 8.794986e-04 5.219681e+04 4.981764e+04 0.954419
2.434200 8.837013e-04 5.169990e+04 4.934188e+04 0.954390
2.440000 8.879141e-04 5.120887e+04 4.887177e+04 0.954361
2.445800 8.921368e-04 5.072365e+04 4.840723e+04 0.954333
2.451600 8.963695e-04 5.024416e+04 4.794819e+04 0.954304
2.457400 9.006123e-04 4.977031e+04 4.749456e+04 0.954275
2.463200 9.048650e-04 4.930202e+04 4.704628e+04 0.954246
2.469000 9.091277e-04 4.883922e+04 4.660326e+04 0.954218
2.474800 9.134004e-04 4.838184e+04 4.616543e+04 0.954189
2.480600 9.176831e-04 4.792978e+04 4.573273e+04 0.954161
2.486400 9.219757e-04 4.748298e+04 4.530506e+04 0.954133
2.492200 9.262784e-04 4.704138e+04 4.488238e+04 0.954104
2.498000 9.305911e-04 4.660488e+04 4.446460e+04 0.954076
2.503800 9.349137e-04 4.617343e+04 4.405166e+04 0.954048
2.509600 9.392464e-04 4.574695e+04 4.364350e+04 0.954020
2.515400 9.435890e-04 4.532538e+04 4.324004e+04 0.953992
2.521200 9.479416e-04 4.490864e+04 4.284122e+04 0.953964
2.527000 9.523042e-04 4.449668e+04 4.244698e+04 0.953936
2.532800 9.566768e-04 4.408942e+04 4.205725e+04 0.953908
2.538600 9.610594e-04 4.368680e+04 4.167198e+04 0.953880
2.544400 9.654520e-04 4.328876e+04 4.129110e+04 0.953853
2.550200 9.698545e-04 4.289524e+04 4.091455e+04 0.953825
2.556000 9.742671e-04 4.250617e+04 4.054228e+04 0.953797
2.561800 9.786896e-04 4.212150e+04 4.017422e+04 0.953770
2.567600 9.831221e-04 4.174116e+04 3.981031e+04 0.953742
2.573400 9.875647e-04 4.136509e+04 3.945051e+04 0.953715
2.579200 9.920172e-04 4.099325e+04 3.909476e+04 0.953688
2.585000 9.964796e-04 4.062556e+04 3.874300e+04 0.953661
2.590800 1.000952e-03 4.026199e+04 3.839517e+04 0.953633
2.596600 1.005435e-03 3.990246e+04 3.805124e+04 0.953606
2.602400 1.009927e-03 3.954694e+04 3.771113e+04 0.953579
2.608200 1.014429e-03 3.919535e+04 3.737481e+04 0.953552
2.614000 1.018942e-03 3.884766e+04 3.704222e+04 0.953525
2.619800 1.023464e-03 3.850381e+04 3.671332e+04 0.953498
2.625600 1.027997e-03 3.816375e+04 3.638805e+04 0.953471
2.631400 1.032539e-03 3.782743e+04 3.606636e+04 0.953445
2.637200 1.037091e-03 3.749480e+04 3.574821e+04 0.953418
2.643000 1.041654e-03 3.716581e+04 3.543356e+04 0.953391
2.648800 1.046226e-03 3.684041e+04 3.512235e+04 0.953365
2.654600 1.050808e-03 3.651856e+04 3.481454e+04 0.953338
2.660400 1.055401e-03 3.620022e+04 3.451009e+04 0.953312
2.666200 1.060003e-03 3.588533e+04 3.420896e+04 0.953285
2.672000 1.064615e-03 3.557385e+04 3.391109e+04 0.953259
2.677800 1.069237e-03 3.526573e+04 3.361645e+04 0.953233
2.683600 1.073870e-03 3.496094e+04 3.332500e+04 0.953206
2.689400 1.078512e-03 3.465943e+04 3.303669e+04 0.953180
2.695200 1.083164e-03 3.436115e+04 3.275148e+04 0.953154
2.701000 1.087826e-03 3.406608e+04 3.246934e+04 0.953128
2.706800 1.092498e-03 3.377415e+04 3.219022e+04 0.953102
2.712600 1.097180e-03 3.348535e+04 3.191409e+04 0.953076
2.718400 1.101873e-03 3.319961e+04 3.164090e+04 0.953050
2.724200 1.106575e-03 3.291691e+04 3.137063e+04 0.953024
2.730000 1.111287e-03 3.263721e+04 3.110322e+04 0.952999
2.735800 1.116009e-03 3.236047e+04 3.083866e+04 0.952973
2.741600 1.120741e-03 3.208665e+04 3.057689e+04 0.952947
2.747400 1.125483e-03 3.181572e+04 3.031789e+04 0.952922
2.753200 1.130235e-03 3.154763e+04 3.006162e+04 0.952896
2.759000 1.134997e-03 3.128236e+04 2.980804e+04 0.952871
2.764800 1.139769e-03 3.101986e+04 2.955713e+04 0.952845
2.770600 1.144551e-03 3.076011e+04 2.930884e+04 0.952820
2.776400 1.149343e-03 3.050306e+04 2.906315e+04 0.952794
2.782200 1.154145e-03 3.024869e+04 2.882002e+04 0.952769
2.788000 1.158956e-03 2.999696e+04 2.857942e+04 0.952744
2.793800 1.163778e-03 2.974784e+04 2.834132e+04 0.952719
2.799600 1.168610e-03 2.950129e+04 2.810569e+04 0.952694
2.805400 1.173452e-03 2.925729e+04 2.787250e+04 0.952669
2.811200 1.178304e-03 2.901580e+04 2.764171e+04 0.952644
2.817000 1.183165e-03 2.877679e+04 2.741331e+04 0.952619
2.822800 1.188037e-03 2.854023e+04 2.718725e+04 0.952594
2.828600 1.192919e-03 2.830610e+04 2.696351e+04 0.952569
2.834400 1.197810e-03 2.807435e+04 2.674206e+04 0.952544
2.840200 1.202712e-03 2.784497e+04 2.652287e+04 0.952519
2.846000 1.207624e-03 2.761792e+04 2.630592e+04 0.952495
2.851800 1.212545e-03 2.739318e+04 2.609118e+04 0.952470
2.857600 1.217477e-03 2.717071e+04 2.587862e+04 0.952445
2.863400 1.222418e-03 2.695049e+04 2.566821e+04 0.952421
2.869200 1.227370e-03 2.673249e+04 2.545993e+04 0.952396
2.875000 1.232331e-03 2.651669e+04 2.525375e+04 0.952372
2.880800 1.237303e-03 2.630306e+04 2.504966e+04 0.952347
2.886600 1.242284e-03 2.609157e+04 2.484761e+04 0.952323
2.892400 1.247276e-03 2.588220e+04 2.464759e+04 0.952299
2.898200 1.252277e-03 2.567492e+04 2.444958e+04 0.952275
2.904000 1.257289e-03 2.546971e+04 2.425354e+04 0.952250
2.909800 1.262310e-03 2.526654e+04 2.405946e+04 0.952226
2.915600 1.267341e-03 2.506538e+04 2.386731e+04 0.952202
2.921400 1.272382e-03 2.486622e+04 2.367707e+04 0.952178
2.927200 1.277434e-03 2.466903e+04 2.348872e+04 0.952154
2.933000 1.282495e-03 2.447379e+04 2.330223e+04 0.952130
2.938800 1.287566e-03 2.428047e+04 2.311759e+04 0.952106
2.944600 1.292647e-03 2.408905e+04 2.293476e+04 0.952082
2.950400 1.297738e-03 2.389951e+04 2.275373e+04 0.952059
2.956200 1.302839e-03 2.371182e+04 2.257448e+04 0.952035
2.962000 1.307951e-03 2.352598e+04 2.239699e+04 0.952011
2.967800 1.313072e-03 2.334194e+04 2.222124e+04 0.951988
2.973600 1.318203e-03 2.315970e+04 2.204720e+04 0.951964
2.979400 1.323344e-03 2.297922e+04 2.187485e+04 0.951940
2.985200 1.328494e-03 2.280050e+04 2.170418e+04 0.951917
2.991000 1.333655e-03 2.262351e+04 2.153517e+04 0.951893
2.996800 1.338826e-03 2.244823e+04 2.136780e+04 0.951870
3.002600 1.344007e-03 2.227464e+04 2.120204e+04 0.951847
3.008400 1.349198e-03 2.210272e+04 2.103789e+04 0.951823
3.014200 1.354399e-03 2.193246e+04 2.087531e+04 0.951800
3.020000 1.359609e-03 2.176382e+04 2.071430e+04 0.951777
3.025800 1.364830e-03 2.159680e+04 2.055483e+04 0.951754
3.031600 1.370061e-03 2.143138e+04 2.039689e+04 0.951730
3.037400 1.375301e-03 2.126753e+04 2.024046e+04 0.951707
3.043200 1.380552e-03 2.110524e+04 2.008552e+04 0.951684
3.049000 1.385813e-03 2.094449e+04 1.993206e+04 0.951661
3.054800 1.391083e-03 2.078527e+04 1.978006e+04 0.951638
3.060600 1.396364e-03 2.062756e+04 1.962950e+04 0.951615
3.066400 1.401654e-03 2.047133e+04 1.948036e+04 0.951592
3.072200 1.406955e-03 2.031658e+04 1.933264e+04 0.951570
3.078000 1.412265e-03 2.016328e+04 1.918630e+04 0.951547
3.083800 1.417585e-03 2.001142e+04 1.904135e+04 0.951524
3.089600 1.422916e-03 1.986099e+04 1.889776e+04 0.951501
3.095400 1.428256e-03 1.971196e+04 1.875551e+04 0.951479
3.101200 1.433606e-03 1.956433e+04 1.861460e+04 0.951456
3.107000 1.438966e-03 1.941807e+04 1.847500e+04 0.951434
3.112800 1.444337e-03 1.927317e+04 1.833671e+04 0.951411
3.118600 1.449717e-03 1.912962e+04 1.819970e+04 0.951389
3.124400 1.455107e-03 1.898740e+04 1.806397e+04 0.951366
3.130200 1.460507e-03 1.884650e+04 1.792950e+04 0.951344
3.136000 1.465917e-03 1.870689e+04 1.779627e+04 0.951321
3.141800 1.471337e-03 1.856858e+04 1.766427e+04 0.951299
3.147600 1.476767e-03 1.843154e+04 1.753349e+04 0.951277
3.153400 1.482207e-03 1.829575e+04 1.740392e+04 0.951255
3.159200 1.487657e-03 1.816121e+04 1.727553e+04 0.951232
3.165000 1.493116e-03 1.802791e+04 1.714833e+04 0.951210
3.170800 1.498586e-03 1.789582e+04 1.702229e+04 0.951188
3.176600 1.504066e-03 1.776493e+04 1.689740e+04 0.951166
3.182400 1.509556e-03 1.763524e+04 1.677365e+04 0.951144
3.188200 1.515055e-03 1.750672e+04 1.665103e+04 0.951122
3.194000 1.520565e-03 1.737938e+04 1.652953e+04 0.951100
3.199800 1.526084e-03 1.725318e+04 1.640912e+04 0.951078
3.205600 1.531614e-03 1.712812e+04 1.628981e+04 0.951056
3.211400 1.537153e-03 1.700420e+04 1.617158e+04 0.951035
3.217200 1.542703e-03 1.688138e+04 1.605441e+04 0.951013
3.223000 1.548262e-03 1.675968e+04 1.593830e+04 0.950991
3.228800 1.553831e-03 1.663906e+04 1.582324e+04 0.950969
3.234600 1.559411e-03 1.651953e+04 1.570921e+04 0.950948
3.240400 1.565000e-03 1.640106e+04 1.559620e+04 0.950926
3.246200 1.570599e-03 1.628365e+04 1.548420e+04 0.950905
3.252000 1.576208e-03 1.616729e+04 1.537320e+04 0.950883
3.257800 1.581827e-03 1.605196e+04 1.526319e+04 0.950862
3.263600 1.587457e-03 1.593766e+04 1.515416e+04 0.950840
3.269400 1.593096e-03 1.582437e+04 1.504610e+04 0.950819
3.275200 1.598745e-03 1.571208e+04 1.493900e+04 0.950797
3.281000 1.604403e-03 1.560078e+04 1.483285e+04 0.950776
3.286800 1.610072e-03 1.549046e+04 1.472763e+04 0.950755
3.292600 1.615751e-03 1.538112e+04 1.462334e+04 0.950733
3.298400 1.621440e-03 1.527273e+04 1.451997e+04 0.950712
3.304200 1.627139e-03 1.516530e+04 1.441751e+04 0.950691
3.310000 1.632847e-03 1.505880e+04 1.431595e+04 0.950670
3.315800 1.638566e-03 1.495324e+04 1.421528e+04 0.950649
3.321600 1.644295e-03 1.484860e+04 1.411549e+04 0.950628
3.327400 1.650033e-03 1.474487e+04 1.401657e+04 0.950607
3.333200 1.655782e-03 1.464204e+04 1.391851e+04 0.950586
3.339000 1.661540e-03 1.454010e+04 1.382131e+04 0.950565
3.344800 1.667308e-03 1.443905e+04 1.372495e+04 0.950544
3.350600 1.673087e-03 1.433887e+04 1.362943e+04 0.950523
3.356400 1.678875e-03 1.423956e+04 1.353473e+04 0.950502
3.362200 1.684673e-03 1.414110e+04 1.344085e+04 0.950481
3.368000 1.690482e-03 1.404349e+04 1.334778e+04 0.950461
3.373800 1.696300e-03 1.394671e+04 1.325551e+04 0.950440
3.379600 1.702128e-03 1.385077e+04 1.316404e+04 0.950419
3.385400 1.707966e-03 1.375565e+04 1.307335e+04 0.950398
3.391200 1.713814e-03 1.366134e+04 1.298343e+04 0.950378
3.397000 1.719672e-03 1.356784e+04 1.289429e+04 0.950357
3.402800 1.725539e-03 1.347513e+04 1.280591e+04 0.950337
3.408600 1.731417e-03 1.338321e+04 1.271828e+04 0.950316
3.414400 1.737305e-03 1.329207e+04 1.263140e+04 0.950296
3.420200 1.743203e-03 1.320170e+04 1.254525e+04 0.950275
3.426000 1.749110e-03 1.311210e+04 1.245984e+04 0.950255
3.431800 1.755028e-03 1.302325e+04 1.237515e+04 0.950235
3.437600 1.760956e-03 1.293516e+04 1.229117e+04 0.950214
3.443400 1.766893e-03 1.284780e+04 1.220790e+04 0.950194
3.449200 1.772840e-03 1.276118e+04 1.212534e+04 0.950174
3.455000 1.778798e-03 1.267529e+04 1.204347e+04 0.950153
3.460800 1.784765e-03 1.259011e+04 1.196228e+04 0.950133
3.466600 1.790742e-03 1.250565e+04 1.188178e+04 0.950113
3.472400 1.796730e-03 1.242189e+04 1.180195e+04 0.950093
3.478200 1.802727e-03 1.233883e+04 1.172279e+04 0.950073
3.484000 1.808734e-03 1.225646e+04 1.164429e+04 0.950053
3.489800 1.814751e-03 1.217478e+04 1.156644e+04 0.950033
3.495600 1.820778e-03 1.209377e+04 1.148924e+04 0.950013
3.501400 1.826815e-03 1.201343e+04 1.141268e+04 0.949993
3.507200 1.832861e-03 1.193376e+04 1.133675e+04 0.949973
3.513000 1.838918e-03 1.185474e+04 1.126145e+04 0.949953
3.518800 1.844985e-03 1.177638e+04 1.118678e+04 0.949933
3.524600 1.851062e-03 1.169866e+04 1.111272e+04 0.949914
3.530400 1.857148e-03 1.162158e+04 1.103927e+04 0.949894
3.536200 1.863245e-03 1.154513e+04 1.096642e+04 0.949874
3.542000 1.869351e-03 1.146930e+04 1.089417e+04 0.949854
3.547800 1.875468e-03 1.139410e+04 1.082251e+04 0.949835
3.553600 1.881594e-03 1.131951e+04 1.075144e+04 0.949815
3.559400 1.887730e-03 1.124553e+04 1.068095e+04 0.949795
3.565200 1.893876e-03 1.117214e+04 1.061103e+04 0.949776
3.571000 1.900033e-03 1.109936e+04 1.054169e+04 0.949756
3.576800 1.906199e-03 1.102716e+04 1.047290e+04 0.949737
3.582600 1.912375e-03 1.095555e+04 1.040468e+04 0.949717
3.588400 1.918561e-03 1.088452e+04 1.033700e+04 0.949698
3.594200 1.924757e-03 1.081406e+04 1.026988e+04 0.949678
3.600000 1.930962e-03 1.074416e+04 1.020329e+04 0.949659
3.605800 1.937178e-03 1.067483e+04 1.013725e+04 0.949640
3.611600 1.943404e-03 1.060606e+04 1.007173e+04 0.949620
3.617400 1.949640e-03 1.053783e+04 1.000674e+04 0.949601
3.623200 1.955885e-03 1.047016e+04 9.942273e+03 0.949582
3.629000 1.962141e-03 1.040302e+04 9.878321e+03 0.949563
3.634800 1.968406e-03 1.033642e+04 9.814881e+03 0.949544
3.640600 1.974681e-03 1.027035e+04 9.751948e+03 0.949524
3.646400 1.980967e-03 1.020480e+04 9.689516e+03 0.949505
3.652200 1.987262e-03 1.013978e+04 9.627581e+03 0.949486
3.658000 1.993567e-03 1.007527e+04 9.566138e+03 0.949467
3.663800 1.999882e-03 1.001127e+04 9.505183e+03 0.949448
3.669600 2.006207e-03 9.947778e+03 9.444711e+03 0.949429
3.675400 2.012542e-03 9.884786e+03 9.384717e+03 0.949410
3.681200 2.018887e-03 9.822290e+03 9.325196e+03 0.949391
3.687000 2.025242e-03 9.760286e+03 9.266145e+03 0.949372
3.692800 2.031607e-03 9.698768e+03 9.207559e+03 0.949353
3.698600 2.037981e-03 9.637733e+03 9.149434e+03 0.949335
3.704400 2.044366e-03 9.577175e+03 9.091764e+03 0.949316
3.710200 2.050760e-03 9.517091e+03 9.034547e+03 0.949297
3.716000 2.057165e-03 9.457476e+03 8.977777e+03 0.949278
3.721800 2.063579e-03 9.398325e+03 8.921450e+03 0.949260
3.727600 2.070003e-03 9.339634e+03 8.865563e+03 0.949241
3.733400 2.076438e-03 9.281400e+03 8.810111e+03 0.949222
3.739200 2.082882e-03 9.223617e+03 8.755091e+03 0.949204
3.745000 2.089336e-03 9.166281e+03 8.700497e+03 0.949185
3.750800 2.095800e-03 9.109389e+03 8.646327e+03 0.949166
3.756600 2.102274e-03 9.052936e+03 8.592575e+03 0.949148
3.762400 2.108758e-03 8.996918e+03 8.539240e+03 0.949129
3.768200 2.115252e-03 8.941331e+03 8.486315e+03 0.949111
3.774000 2.121755e-03 8.886171e+03 8.433799e+03 0.949093
3.779800 2.128269e-03 8.831435e+03 8.381686e+03 0.949074
3.785600 2.134792e-03 8.777118e+03 8.329974e+03 0.949056
3.791400 2.141326e-03 8.723216e+03 8.278658e+03 0.949037
3.797200 2.147869e-03 8.669726e+03 8.227735e+03 0.949019
3.803000 2.154423e-03 8.616644e+03 8.177202e+03 0.949001
3.808800 2.160986e-03 8.563967e+03 8.127054e+03 0.948983
3.814600 2.167559e-03 8.511689e+03 8.077289e+03 0.948964
3.820400 2.174142e-03 8.459809e+03 8.027903e+03 0.948946
3.826200 2.180735e-03 8.408322e+03 7.978891e+03 0.948928
3.832000 2.187338e-03 8.357225e+03 7.930252e+03 0.948910
3.837800 2.193951e-03 8.306514e+03 7.881981e+03 0.948892
3.843600 2.200574e-03 8.256185e+03 7.834076e+03 0.948874
3.849400 2.207206e-03 8.206236e+03 7.786532e+03 0.948855
3.855200 2.213849e-03 8.156663e+03 7.739347e+03 0.948837
3.861000 2.220502e-03 8.107462e+03 7.692517e+03 0.948819
3.866800 2.227164e-03 8.058630e+03 7.646040e+03 0.948801
3.872600 2.233836e-03 8.010164e+03 7.599911e+03 0.948783
3.878400 2.240519e-03 7.962060e+03 7.554129e+03 0.948766
3.884200 2.247211e-03 7.914316e+03 7.508689e+03 0.948748
3.890000 2.253913e-03 7.866928e+03 7.463589e+03 0.948730
3.895800 2.260625e-03 7.819892e+03 7.418825e+03 0.948712
3.901600 2.267347e-03 7.773206e+03 7.374395e+03 0.948694
3.907400 2.274079e-03 7.726867e+03 7.330296e+03 0.948676
3.913200 2.280821e-03 7.680872e+03 7.286525e+03 0.948659
3.919000 2.287572e-03 7.635216e+03 7.243079e+03 0.948641
3.924800 2.294334e-03 7.589899e+03 7.199954e+03 0.948623
3.930600 2.301105e-03 7.544916e+03 7.157149e+03 0.948606
3.936400 2.307887e-03 7.500264e+03 7.114659e+03 0.948588
3.942200 2.314678e-03 7.455941e+03 7.072484e+03 0.948570
3.948000 2.321479e-03 7.411943e+03 7.030619e+03 0.948553
3.953800 2.328291e-03 7.368269e+03 6.989062e+03 0.948535
3.959600 2.335112e-03 7.324914e+03 6.947810e+03 0.948518
3.965400 2.341943e-03 7.281877e+03 6.906861e+03 0.948500
3.971200 2.348784e-03 7.239154e+03 6.866211e+03 0.948483
3.977000 2.355634e-03 7.196743e+03 6.825860e+03 0.948465
3.982800 2.362495e-03 7.154641e+03 6.785802e+03 0.948448
3.988600 2.369366e-03 7.112845e+03 6.746037e+03 0.948430
3.994400 2.376246e-03 7.071352e+03 6.706562e+03 0.948413
4.000200 2.383137e-03 7.030161e+03 6.667373e+03 0.948396
4.006000 2.390037e-03 6.989267e+03 6.628469e+03 0.948378
4.011800 2.396947e-03 6.948670e+03 6.589847e+03 0.948361
4.017600 2.403868e-03 6.908366e+03 6.551505e+03 0.948344
4.023400 2.410798e-03 6.868352e+03 6.513440e+03 0.948326
4.029200 2.417738e-03 6.828627e+03 6.475650e+03 0.948309
4.035000 2.424688e-03 6.789187e+03 6.438132e+03 0.948292
4.040800 2.431647e-03 6.750031e+03 6.400884e+03 0.948275
4.046600 2.438617e-03 6.711155e+03 6.363904e+03 0.948258
4.052400 2.445597e-03 6.672558e+03 6.327190e+03 0.948241
4.058200 2.452586e-03 6.634236e+03 6.290739e+03 0.948223
4.064000 2.459586e-03 6.596189e+03 6.254548e+03 0.948206
4.069800 2.466595e-03 6.558412e+03 6.218617e+03 0.948189
4.075600 2.473614e-03 6.520905e+03 6.182942e+03 0.948172
4.081400 2.480643e-03 6.483664e+03 6.147521e+03 0.948155
4.087200 2.487682e-03 6.446687e+03 6.112352e+03 0.948138
4.093000 2.494731e-03 6.409973e+03 6.077433e+03 0.948121
4.098800 2.501790e-03 6.373519e+03 6.042762e+03 0.948105
4.104600 2.508859e-03 6.337322e+03 6.008337e+03 0.948088
4.110400 2.515938e-03 6.301381e+03 5.974156e+03 0.948071
4.116200 2.523026e-03 6.265694e+03 5.940216e+03 0.948054
4.122000 2.530125e-03 6.230257e+03 5.906516e+03 0.948037
4.127800 2.537233e-03 6.195070e+03 5.873053e+03 0.948020
4.133600 2.544351e-03 6.160130e+03 5.839826e+03 0.948004
4.139400 2.551479e-03 6.125435e+03 5.806832e+03 0.947987
4.145200 2.558618e-03 6.090982e+03 5.774070e+03 0.947970
4.151000 2.565766e-03 6.056771e+03 5.741537e+03 0.947954
4.156800 2.572923e-03 6.022798e+03 5.709233e+03 0.947937
4.162600 2.580091e-03 5.989063e+03 5.677154e+03 0.947920
4.168400 2.587269e-03 5.955562e+03 5.645299e+03 0.947904
4.174200 2.594456e-03 5.922294e+03 5.613666e+03 0.947887
4.180000 2.601654e-03 5.889257e+03 5.582253e+03 0.947870
4.185800 2.608861e-03 5.856450e+03 5.551059e+03 0.947854
4.191600 2.616078e-03 5.823869e+03 5.520081e+03 0.947837
4.197400 2.623306e-03 5.791514e+03 5.489318e+03 0.947821
4.203200 2.630543e-03 5.759382e+03 5.458768e+03 0.947804
4.209000 2.637790e-03 5.727472e+03 5.428429e+03 0.947788
4.214800 2.645046e-03 5.695781e+03 5.398299e+03 0.947772
4.220600 2.652313e-03 5.664308e+03 5.368378e+03 0.947755
4.226400 2.659590e-03 5.633052e+03 5.338662e+03 0.947739
4.232200 2.666876e-03 5.602010e+03 5.309151e+03 0.947722
4.238000 2.674173e-03 5.571181e+03 5.279842e+03 0.947706
4.243800 2.681479e-03 5.540562e+03 5.250734e+03 0.947690
4.249600 2.688795e-03 5.510153e+03 5.221826e+03 0.947674
4.255400 2.696121e-03 5.479951e+03 5.193115e+03 0.947657
4.261200 2.703457e-03 5.449954e+03 5.164601e+03 0.947641
4.267000 2.710803e-03 5.420162e+03 5.136281e+03 0.947625
4.272800 2.718159e-03 5.390572e+03 5.108153e+03 0.947609
4.278600 2.725524e-03 5.361183e+03 5.080217e+03 0.947593
4.284400 2.732900e-03 5.331994e+03 5.052471e+03 0.947576
4.290200 2.740285e-03 5.303001e+03 5.024913e+03 0.947560
4.296000 2.747681e-03 5.274205e+03 4.997542e+03 0.947544
4.301800 2.755086e-03 5.245603e+03 4.970356e+03 0.947528
4.307600 2.762501e-03 5.217193e+03 4.943354e+03 0.947512
4.313400 2.769926e-03 5.188975e+03 4.916534e+03 0.947496
4.319200 2.777361e-03 5.160947e+03 4.889894e+03 0.947480
4.325000 2.784806e-03 5.133107e+03 4.863434e+03 0.947464
4.330800 2.792260e-03 5.105453e+03 4.837152e+03 0.947448
4.336600 2.799725e-03 5.077984e+03 4.811046e+03 0.947432
4.342400 2.807199e-03 5.050700e+03 4.785115e+03 0.947416
4.348200 2.814684e-03 5.023597e+03 4.759358e+03 0.947400
4.354000 2.822178e-03 4.996675e+03 4.733773e+03 0.947385
4.359800 2.829682e-03 4.969932e+03 4.708358e+03 0.947369
4.365600 2.837196e-03 4.943367e+03 4.683113e+03 0.947353
4.371400 2.844720e-03 4.916979e+03 4.658037e+03 0.947337
4.377200 2.852253e-03 4.890766e+03 4.633127e+03 0.947321
4.383000 2.859797e-03 4.864726e+03 4.608382e+03 0.947306
4.388800 2.867350e-03 4.838859e+03 4.583802e+03 0.947290
4.394600 2.874914e-03 4.813162e+03 4.559384e+03 0.947274
4.400400 2.882487e-03 4.787635e+03 4.535128e+03 0.947258
4.406200 2.890070e-03 4.762277e+03 4.511032e+03 0.947243
4.412000 2.897663e-03 4.737085e+03 4.487095e+03 0.947227
4.417800 2.905266e-03 4.712059e+03 4.463316e+03 0.947212
4.423600 2.912879e-03 4.687197e+03 4.439693e+03 0.947196
4.429400 2.920501e-03 4.662498e+03 4.416226e+03 0.947180
4.435200 2.928134e-03 4.637960e+03 4.392913e+03 0.947165
4.441000 2.935776e-03 4.613584e+03 4.369752e+03 0.947149
4.446800 2.943429e-03 4.589366e+03 4.346743e+03 0.947134
4.452600 2.951091e-03 4.565306e+03 4.323885e+03 0.947118
4.458400 2.958763e-03 4.541403e+03 4.301176e+03 0.947103
4.464200 2.966445e-03 4.517656e+03 4.278615e+03 0.947087
4.470000 2.974137e-03 4.494063e+03 4.256201e+03 0.947072
4.475800 2.981838e-03 4.470623e+03 4.233932e+03 0.947057
4.481600 2.989550e-03 4.447334e+03 4.211809e+03 0.947041
4.487400 2.997271e-03 4.424197e+03 4.189828e+03 0.947026
4.493200 3.005003e-03 4.401209e+03 4.167991e+03 0.947010
4.499000 3.012744e-03 4.378369e+03 4.146294e+03 0.946995
4.504800 3.020495e-03 4.355677e+03 4.124738e+03 0.946980
4.510600 3.028256e-03 4.333131e+03 4.103321e+03 0.946965
4.516400 3.036027e-03 4.310730e+03 4.082042e+03 0.946949
4.522200 3.043807e-03 4.288472e+03 4.060900e+03 0.946934
4.528000 3.051598e-03 4.266358e+03 4.039894e+03 0.946919
4.533800 3.059398e-03 4.244385e+03 4.019023e+03 0.946904
4.539600 3.067208e-03 4.222552e+03 3.998286e+03 0.946888
4.545400 3.075029e-03 4.200860e+03 3.977682e+03 0.946873
4.551200 3.082859e-03 4.179305e+03 3.957209e+03 0.946858
4.557000 3.090699e-03 4.157888e+03 3.936868e+03 0.946843
4.562800 3.098548e-03 4.136608e+03 3.916656e+03 0.946828
4.568600 3.106408e-03 4.115462e+03 3.896573e+03 0.946813
4.574400 3.114277e-03 4.094451e+03 3.876617e+03 0.946798
4.580200 3.122157e-03 4.073573e+03 3.856789e+03 0.946783
4.586000 3.130046e-03 4.052828e+03 3.837087e+03 0.946768
4.591800 3.137945e-03 4.032213e+03 3.817509e+03 0.946753
4.597600 3.145854e-03 4.011729e+03 3.798056e+03 0.946738
4.603400 3.153773e-03 3.991374e+03 3.778725e+03 0.946723
4.609200 3.161702e-03 3.971148e+03 3.759517e+03 0.946708
4.615000 3.169640e-03 3.951048e+03 3.740430e+03 0.946693
4.620800 3.177589e-03 3.931075e+03 3.721463e+03 0.946678
4.626600 3.185547e-03 3.911228e+03 3.702616e+03 0.946663
4.632400 3.193515e-03 3.891505e+03 3.683887e+03 0.946648
4.638200 3.201493e-03 3.871905e+03 3.665276e+03 0.946634
4.644000 3.209481e-03 3.852428e+03 3.646781e+03 0.946619
4.649800 3.217479e-03 3.833073e+03 3.628402e+03 0.946604
4.655600 3.225486e-03 3.813839e+03 3.610139e+03 0.946589
4.661400 3.233504e-03 3.794724e+03 3.591989e+03 0.946575
4.667200 3.241531e-03 3.775728e+03 3.573953e+03 0.946560
4.673000 3.249568e-03 3.756851e+03 3.556029e+03 0.946545
4.678800 3.257616e-03 3.738090e+03 3.538216e+03 0.946530
4.684600 3.265672e-03 3.719447e+03 3.520515e+03 0.946516
4.690400 3.273739e-03 3.700918e+03 3.502923e+03 0.946501
4.696200 3.281816e-03 3.682504e+03 3.485440e+03 0.946486
4.702000 3.289902e-03 3.664204e+03 3.468066e+03 0.946472
4.707800 3.297999e-03 3.646017e+03 3.450799e+03 0.946457
4.713600 3.306105e-03 3.627942e+03 3.433639e+03 0.946443
4.719400 3.314221e-03 3.609978e+03 3.416585e+03 0.946428
4.725200 3.322347e-03 3.592125e+03 3.399636e+03 0.946414
4.731000 3.330483e-03 3.574381e+03 3.382791e+03 0.946399
4.736800 3.338628e-03 3.556746e+03 3.366050e+03 0.946385
4.742600 3.346784e-03 3.539220e+03 3.349412e+03 0.946370
4.748400 3.354949e-03 3.521800e+03 3.332875e+03 0.946356
4.754200 3.363125e-03 3.504487e+03 3.316440e+03 0.946341
4.760000 3.371310e-03 3.487280e+03 3.300106e+03 0.946327
4.765800 3.379505e-03 3.470177e+03 3.283872e+03 0.946312
4.771600 3.387709e-03 3.453179e+03 3.267736e+03 0.946298
4.777400 3.395924e-03 3.436284e+03 3.251699e+03 0.946284
4.783200 3.404148e-03 3.419492e+03 3.235760e+03 0.946269
4.789000 3.412383e-03 3.402801e+03 3.219917e+03 0.946255
4.794800 3.420627e-03 3.386212e+03 3.204171e+03 0.946241
4.800600 3.428881e-03 3.369723e+03 3.188521e+03 0.946226
4.806400 3.437145e-03 3.353334e+03 3.172965e+03 0.946212
4.812200 3.445419e-03 3.337044e+03 3.157504e+03 0.946198
4.818000 3.453702e-03 3.320852e+03 3.142136e+03 0.946184
4.823800 3.461996e-03 3.304758e+03 3.126860e+03 0.946169
4.829600 3.470299e-03 3.288760e+03 3.111677e+03 0.946155
4.835400 3.478612e-03 3.272859e+03 3.096586e+03 0.946141
4.841200 3.486935e-03 3.257053e+03 3.081585e+03 0.946127
4.847000 3.495268e-03 3.241342e+03 3.066674e+03 0.946113
4.852800 3.503611e-03 3.225725e+03 3.051853e+03 0.946099
4.858600 3.511963e-03 3.210201e+03 3.037121e+03 0.946084
4.864400 3.520325e-03 3.194770e+03 3.022477e+03 0.946070
4.870200 3.528698e-03 3.179431e+03 3.007921e+03 0.946056
4.876000 3.537080e-03 3.164184e+03 2.993452e+03 0.946042
4.881800 3.545472e-03 3.149028e+03 2.979069e+03 0.946028
4.887600 3.553873e-03 3.133961e+03 2.964771e+03 0.946014
4.893400 3.562285e-03 3.118984e+03 2.950559e+03 0.946000
4.899200 3.570706e-03 3.104096e+03 2.936432e+03 0.945986
4.905000 3.579138e-03 3.089296e+03 2.922388e+03 0.945972
4.910800 3.587579e-03 3.074584e+03 2.908428e+03 0.945958
4.916600 3.596030e-03 3.059958e+03 2.894550e+03 0.945944
4.922400 3.604491e-03 3.045419e+03 2.880755e+03 0.945930
4.928200 3.612961e-03 3.030966e+03 2.867041e+03 0.945917
4.934000 3.621442e-03 3.016598e+03 2.853408e+03 0.945903
4.939800 3.629932e-03 3.002315e+03 2.839856e+03 0.945889
4.945600 3.638432e-03 2.988115e+03 2.826383e+03 0.945875
4.951400 3.646942e-03 2.973999e+03 2.812990e+03 0.945861
4.957200 3.655462e-03 2.959965e+03 2.799675e+03 0.945847
4.963000 3.663992e-03 2.946014e+03 2.786439e+03 0.945834
4.968800 3.672531e-03 2.932145e+03 2.773280e+03 0.945820
4.974600 3.681081e-03 2.918356e+03 2.760199e+03 0.945806
4.980400 3.689640e-03 2.904648e+03 2.747194e+03 0.945792
4.986200 3.698209e-03 2.891020e+03 2.734264e+03 0.945779
4.992000 3.706788e-03 2.877471e+03 2.721411e+03 0.945765
4.997800 3.715376e-03 2.864001e+03 2.708632e+03 0.945751
5.003600 3.723975e-03 2.850609e+03 2.695928e+03 0.945738
5.009400 3.732583e-03 2.837295e+03 2.683298e+03 0.945724
5.015200 3.741202e-03 2.824058e+03 2.670741e+03 0.945710
5.021000 3.749830e-03 2.810898e+03 2.658257e+03 0.945697
5.026800 3.758468e-03 2.797814e+03 2.645845e+03 0.945683
5.032600 3.767115e-03 2.784805e+03 2.633505e+03 0.945669
5.038400 3.775773e-03 2.771872e+03 2.621237e+03 0.945656
5.044200 3.784440e-03 2.759013e+03 2.609040e+03 0.945642
5.050000 3.793117e-03 2.746228e+03 2.596913e+03 0.945629
5.055800 3.801804e-03 2.733517e+03 2.584855e+03 0.945615
5.061600 3.810501e-03 2.720879e+03 2.572868e+03 0.945602
5.067400 3.819208e-03 2.708313e+03 2.560949e+03 0.945588
5.073200 3.827924e-03 2.695819e+03 2.549099e+03 0.945575
5.079000 3.836651e-03 2.683397e+03 2.537316e+03 0.945561
5.084800 3.845387e-03 2.671045e+03 2.525602e+03 0.945548
5.090600 3.854133e-03 2.658765e+03 2.513954e+03 0.945535
5.096400 3.862889e-03 2.646554e+03 2.502373e+03 0.945521
5.102200 3.871655e-03 2.634413e+03 2.490858e+03 0.945508
5.108000 3.880430e-03 2.622341e+03 2.479409e+03 0.945494
5.113800 3.889215e-03 2.610338e+03 2.468025e+03 0.945481
5.119600 3.898010e-03 2.598403e+03 2.456706e+03 0.945468
5.125400 3.906815e-03 2.586535e+03 2.445451e+03 0.945454
5.131200 3.915630e-03 2.574735e+03 2.434261e+03 0.945441
5.137000 3.924455e-03 2.563002e+03 2.423133e+03 0.945428
5.142800 3.933289e-03 2.551335e+03 2.412069e+03 0.945415
5.148600 3.942134e-03 2.539734e+03 2.401068e+03 0.945401
5.154400 3.950988e-03 2.528198e+03 2.390128e+03 0.945388
5.160200 3.959851e-03 2.516727e+03 2.379251e+03 0.945375
5.166000 3.968725e-03 2.505321e+03 2.368435e+03 0.945362
5.171800 3.977609e-03 2.493979e+03 2.357680e+03 0.945349
5.177600 3.986502e-03 2.482701e+03 2.346985e+03 0.945335
5.183400 3.995405e-03 2.471486e+03 2.336351e+03 0.945322
5.189200 4.004318e-03 2.460334e+03 2.325776e+03 0.945309
5.195000 4.013241e-03 2.449244e+03 2.315261e+03 0.945296
5.200800 4.022174e-03 2.438217e+03 2.304805e+03 0.945283
5.206600 4.031116e-03 2.427251e+03 2.294407e+03 0.945270
5.212400 4.040069e-03 2.416346e+03 2.284067e+03 0.945257
5.218200 4.049031e-03 2.405502e+03 2.273785e+03 0.945244
5.224000 4.058003e-03 2.394718e+03 2.263561e+03 0.945231
5.229800 4.066984e-03 2.383994e+03 2.253393e+03 0.945218
5.235600 4.075976e-03 2.373330e+03 2.243283e+03 0.945205
5.241400 4.084977e-03 2.362725e+03 2.233228e+03 0.945192
5.247200 4.093988e-03 2.352179e+03 2.223229e+03 0.945179
5.253000 4.103009e-03 2.341691e+03 2.213286e+03 0.945166
5.258800 4.112040e-03 2.331261e+03 2.203398e+03 0.945153
5.264600 4.121081e-03 2.320889e+03 2.193565e+03 0.945140
5.270400 4.130131e-03 2.310574e+03 2.183786e+03 0.945127
5.276200 4.139191e-03 2.300316e+03 2.174061e+03 0.945114
5.282000 4.148261e-03 2.290115e+03 2.164390e+03 0.945101
5.287800 4.157341e-03 2.279969e+03 2.154772e+03 0.945088
5.293600 4.166431e-03 2.269879e+03 2.145207e+03 0.945075
5.299400 4.175530e-03 2.259845e+03 2.135695e+03 0.945063
5.305200 4.184640e-03 2.249866e+03 2.126235e+03 0.945050
5.311000 4.193759e-03 2.239941e+03 2.116827e+03 0.945037
5.316800 4.202888e-03 2.230071e+03 2.107471e+03 0.945024
5.322600 4.212026e-03 2.220254e+03 2.098165e+03 0.945011
5.328400 4.221175e-03 2.210492e+03 2.088911e+03 0.944999
5.334200 4.230333e-03 2.200782e+03 2.079708e+03 0.944986
5.340000 4.239501e-03 2.191125e+03 2.070554e+03 0.944973
5.345800 4.248679e-03 2.181521e+03 2.061451e+03 0.944960
5.351600 4.257867e-03 2.171969e+03 2.052397e+03 0.944948
5.357400 4.267065e-03 2.162469e+03 2.043393e+03 0.944935
5.363200 4.276272e-03 2.153021e+03 2.034437e+03 0.944922
5.369000 4.285489e-03 2.143623e+03 2.025530e+03 0.944910
5.374800 4.294716e-03 2.134277e+03 2.016672e+03 0.944897
5.380600 4.303953e-03 2.124981e+03 2.007861e+03 0.944884
5.386400 4.313199e-03 2.115735e+03 1.999099e+03 0.944872
5.392200 4.322456e-03 2.106540e+03 1.990383e+03 0.944859
5.398000 4.331722e-03 2.097393e+03 1.981715e+03 0.944847
5.403800 4.340998e-03 2.088296e+03 1.973093e+03 0.944834
5.409600 4.350284e-03 2.079248e+03 1.964518e+03 0.944821
5.415400 4.359579e-03 2.070249e+03 1.955990e+03 0.944809
5.421200 4.368885e-03 2.061298e+03 1.947507e+03 0.944796
5.427000 4.378200e-03 2.052395e+03 1.939069e+03 0.944784
5.432800 4.387525e-03 2.043539e+03 1.930677e+03 0.944771
5.438600 4.396859e-03 2.034731e+03 1.922330e+03 0.944759
5.444400 4.406204e-03 2.025970e+03 1.914028e+03 0.944746
5.450200 4.415558e-03 2.017256e+03 1.905770e+03 0.944734
5.456000 4.424923e-03 2.008588e+03 1.897556e+03 0.944722
5.461800 4.434297e-03 1.999966e+03 1.889387e+03 0.944709
5.467600 4.443680e-03 1.991391e+03 1.881260e+03 0.944697
5.473400 4.453074e-03 1.982861e+03 1.873177e+03 0.944684
5.479200 4.462477e-03 1.974376e+03 1.865137e+03 0.944672
5.485000 4.471890e-03 1.965936e+03 1.857140e+03 0.944660
5.490800 4.481313e-03 1.957541e+03 1.849186e+03 0.944647
5.496600 4.490746e-03 1.949190e+03 1.841273e+03 0.944635
5.502400 4.500188e-03 1.940884e+03 1.833403e+03 0.944623
5.508200 4.509641e-03 1.932621e+03 1.825574e+03 0.944610
5.514000 4.519103e-03 1.924402e+03 1.817787e+03 0.944598
5.519800 4.528575e-03 1.916227e+03 1.810040e+03 0.944586
5.525600 4.538056e-03 1.908094e+03 1.802335e+03 0.944574
5.531400 4.547548e-03 1.900004e+03 1.794670e+03 0.944561
5.537200 4.557049e-03 1.891957e+03 1.787046e+03 0.944549
5.543000 4.566560e-03 1.883952e+03 1.779462e+03 0.944537
5.548800 4.576081e-03 1.875989e+03 1.771918e+03 0.944525
5.554600 4.585611e-03 1.868068e+03 1.764413e+03 0.944512
5.560400 4.595152e-03 1.860188e+03 1.756948e+03 0.944500
5.566200 4.604702e-03 1.852349e+03 1.749522e+03 0.944488
5.572000 4.614262e-03 1.844552e+03 1.742135e+03 0.944476
5.577800 4.623832e-03 1.836795e+03 1.734786e+03 0.944464
5.583600 4.633411e-03 1.829078e+03 1.727476e+03 0.944452
5.589400 4.643001e-03 1.821402e+03 1.720204e+03 0.944440
5.595200 4.652600e-03 1.813765e+03 1.712970e+03 0.944427
5.601000 4.662209e-03 1.806169e+03 1.705773e+03 0.944415
5.606800 4.671827e-03 1.798611e+03 1.698614e+03 0.944403
5.612600 4.681456e-03 1.791093e+03 1.691493e+03 0.944391
5.618400 4.691094e-03 1.783614e+03 1.684408e+03 0.944379
5.624200 4.700742e-03 1.776173e+03 1.677360e+03 0.944367
5.630000 4.710400e-03 1.768772e+03 1.670349e+03 0.944355
5.635800 4.720067e-03 1.761408e+03 1.663373e+03 0.944343
5.641600 4.729745e-03 1.754082e+03 1.656434e+03 0.944331
5.647400 4.739432e-03 1.746794e+03 1.649531e+03 0.944319
5.653200 4.749129e-03 1.739544e+03 1.642664e+03 0.944307
5.659000 4.758835e-03 1.732330e+03 1.635832e+03 0.944295
5.664800 4.768552e-03 1.725154e+03 1.629035e+03 0.944283
5.670600 4.778278e-03 1.718015e+03 1.622273e+03 0.944272
5.676400 4.788014e-03 1.710912e+03 1.615545e+03 0.944260
5.682200 4.797760e-03 1.703846e+03 1.608853e+03 0.944248
5.688000 4.807515e-03 1.696816e+03 1.602195e+03 0.944236
5.693800 4.817281e-03 1.689822e+03 1.595570e+03 0.944224
5.699600 4.827056e-03 1.682864e+03 1.588980e+03 0.944212
5.705400 4.836841e-03 1.675941e+03 1.582424e+03 0.944200
5.711200 4.846635e-03 1.669053e+03 1.575901e+03 0.944188
5.717000 4.856440e-03 1.662200e+03 1.569411e+03 0.944177
5.722800 4.866254e-03 1.655383e+03 1.562954e+03 0.944165
5.728600 4.876078e-03 1.648600e+03 1.556531e+03 0.944153
5.734400 4.885912e-03 1.641851e+03 1.550140e+03 0.944141
5.740200 4.895755e-03 1.635137e+03 1.543781e+03 0.944130
5.746000 4.905608e-03 1.628457e+03 1.537455e+03 0.944118
5.751800 4.915472e-03 1.621810e+03 1.531161e+03 0.944106
5.757600 4.925344e-03 1.615197e+03 1.524899e+03 0.944094
5.763400 4.935227e-03 1.608618e+03 1.518668e+03 0.944083
5.769200 4.945119e-03 1.602071e+03 1.512469e+03 0.944071
5.775000 4.955021e-03 1.595558e+03 1.506302e+03 0.944059
5.780800 4.964933e-03 1.589078e+03 1.500165e+03 0.944048
5.786600 4.974855e-03 1.582630e+03 1.494060e+03 0.944036
5.792400 4.984786e-03 1.576214e+03 1.487985e+03 0.944024
5.798200 4.994728e-03 1.569831e+03 1.481941e+03 0.944013
5.804000 5.004678e-03 1.563480e+03 1.475927e+03 0.944001
5.809800 5.014639e-03 1.557161e+03 1.469943e+03 0.943990
5.815600 5.024610e-03 1.550873e+03 1.463990e+03 0.943978
5.821400 5.034590e-03 1.544617e+03 1.458066e+03 0.943966
5.827200 5.044580e-03 1.538392e+03 1.452172e+03 0.943955
5.833000 5.054580e-03 1.532198e+03 1.446308e+03 0.943943
5.838800 5.064589e-03 1.526035e+03 1.440473e+03 0.943932
5.844600 5.074608e-03 1.519903e+03 1.434667e+03 0.943920
5.850400 5.084637e-03 1.513801e+03 1.428890e+03 0.943909
5.856200 5.094676e-03 1.507729e+03 1.423142e+03 0.943897
5.862000 5.104725e-03 1.501688e+03 1.417422e+03 0.943886
5.867800 5.114783e-03 1.495677e+03 1.411731e+03 0.943874
5.873600 5.124851e-03 1.489695e+03 1.406068e+03 0.943863
5.879400 5.134929e-03 1.483743e+03 1.400433e+03 0.943851
5.885200 5.145017e-03 1.477821e+03 1.394827e+03 0.943840
5.891000 5.155114e-03 1.471928e+03 1.389248e+03 0.943829
5.896800 5.165221e-03 1.466064e+03 1.383696e+03 0.943817
5.902600 5.175338e-03 1.460229e+03 1.378172e+03 0.943806
5.908400 5.185465e-03 1.454423e+03 1.372676e+03 0.943794
5.914200 5.195601e-03 1.448645e+03 1.367206e+03 0.943783
5.920000 5.205747e-03 1.442896e+03 1.361764e+03 0.943772
5.925800 5.215903e-03 1.437175e+03 1.356348e+03 0.943760
5.931600 5.226068e-03 1.431482e+03 1.350959e+03 0.943749
5.937400 5.236244e-03 1.425817e+03 1.345597e+03 0.943738
5.943200 5.246429e-03 1.420180e+03 1.340261e+03 0.943726
5.949000 5.256624e-03 1.414570e+03 1.334951e+03 0.943715
5.954800 5.266828e-03 1.408988e+03 1.329667e+03 0.943704
5.960600 5.277043e-03 1.403433e+03 1.324409e+03 0.943692
5.966400 5.287267e-03 1.397905e+03 1.319177e+03 0.943681
5.972200 5.297501e-03 1.392404e+03 1.313970e+03 0.943670
5.978000 5.307744e-03 1.386930e+03 1.308789e+03 0.943659
5.983800 5.317998e-03 1.381483e+03 1.303633e+03 0.943647
5.989600 5.328261e-03 1.376062e+03 1.298502e+03 0.943636
5.995400 5.338534e-03 1.370668e+03 1.293396e+03 0.943625
6.001200 5.348816e-03 1.365299e+03 1.288315e+03 0.943614
6.007000 5.359109e-03 1.359957e+03 1.283259e+03 0.943603
6.012800 5.369411e-03 1.354641e+03 1.278227e+03 0.943592
6.018600 5.379722e-03 1.349350e+03 1.273220e+03 0.943580
6.024400 5.390044e-03 1.344085e+03 1.268237e+03 0.943569
6.030200 5.400375e-03 1.338845e+03 1.263278e+03 0.943558
6.036000 5.410716e-03 1.333631e+03 1.258344e+03 0.943547
6.041800 5.421067e-03 1.328442e+03 1.253433e+03 0.943536
6.047600 5.431428e-03 1.323278e+03 1.248545e+03 0.943525
6.053400 5.441798e-03 1.318138e+03 1.243682e+03 0.943514
6.059200 5.452178e-03 1.313024e+03 1.238841e+03 0.943503
6.065000 5.462568e-03 1.307934e+03 1.234024e+03 0.943492
6.070800 5.472967e-03 1.302868e+03 1.229231e+03 0.943481
6.076600 5.483376e-03 1.297827e+03 1.224460e+03 0.943470
6.082400 5.493795e-03 1.292809e+03 1.219712e+03 0.943459
6.088200 5.504224e-03 1.287816e+03 1.214987e+03 0.943448
6.094000 5.514663e-03 1.282847e+03 1.210285e+03 0.943437
6.099800 5.525111e-03 1.277901e+03 1.205605e+03 0.943426
6.105600 5.535569e-03 1.272979e+03 1.200947e+03 0.943415
6.111400 5.546036e-03 1.268081e+03 1.196312e+03 0.943404
6.117200 5.556514e-03 1.263206e+03 1.191699e+03 0.943393
6.123000 5.567001e-03 1.258354e+03 1.187108e+03 0.943382
6.128800 5.577498e-03 1.253525e+03 1.182539e+03 0.943371
6.134600 5.588004e-03 1.248719e+03 1.177992e+03 0.943360
6.140400 5.598520e-03 1.243936e+03 1.173466e+03 0.943349
6.146200 5.609046e-03 1.239176e+03 1.168962e+03 0.943338
6.152000 5.619582e-03 1.234438e+03 1.164479e+03 0.943327
6.157800 5.630128e-03 1.229722e+03 1.160017e+03 0.943316
6.163600 5.640683e-03 1.225029e+03 1.155577e+03 0.943306
6.169400 5.651248e-03 1.220358e+03 1.151157e+03 0.943295
6.175200 5.661823e-03 1.215709e+03 1.146759e+03 0.943284
6.181000 5.672407e-03 1.211082e+03 1.142381e+03 0.943273
6.186800 5.683001e-03 1.206477e+03 1.138024e+03 0.943262
6.192600 5.693605e-03 1.201893e+03 1.133688e+03 0.943251
6.198400 5.704218e-03 1.197331e+03 1.129371e+03 0.943241
6.204200 5.714842e-03 1.192791e+03 1.125076e+03 0.943230
6.210000 5.725475e-03 1.188271e+03 1.120800e+03 0.943219
6.215800 5.736118e-03 1.183773e+03 1.116545e+03 0.943208
6.221600 5.746770e-03 1.179296e+03 1.112310e+03 0.943198
6.227400 5.757432e-03 1.174840e+03 1.108094e+03 0.943187
6.233200 5.768104e-03 1.170405e+03 1.103898e+03 0.943176
6.239000 5.778786e-03 1.165991e+03 1.099722e+03 0.943165
6.244800 5.789477e-03 1.161597e+03 1.095566e+03 0.943155
6.250600 5.800178e-03 1.157223e+03 1.091428e+03 0.943144
6.256400 5.810889e-03 1.152870e+03 1.087311e+03 0.943133
6.262200 5.821609e-03 1.148538e+03 1.083212e+03 0.943123
6.268000 5.832340e-03 1.144225e+03 1.079133e+03 0.943112
6.273800 5.843080e-03 1.139932e+03 1.075072e+03 0.943101
6.279600 5.853829e-03 1.135660e+03 1.071030e+03 0.943091
6.285400 5.864589e-03 1.131407e+03 1.067008e+03 0.943080
6.291200 5.875358e-03 1.127174e+03 1.063004e+03 0.943070
6.297000 5.886137e-03 1.122960e+03 1.059018e+03 0.943059
6.302800 5.896925e-03 1.118766e+03 1.055051e+03 0.943048
6.308600 5.907723e-03 1.114592e+03 1.051102e+03 0.943038
6.314400 5.918531e-03 1.110436e+03 1.047172e+03 0.943027
6.320200 5.929349e-03 1.106300e+03 1.043260e+03 0.943017
6.326000 5.940176e-03 1.102183e+03 1.039366e+03 0.943006
6.331800 5.951014e-03 1.098085e+03 1.035489e+03 0.942996
6.337600 5.961860e-03 1.094006e+03 1.031631e+03 0.942985
6.343400 5.972717e-03 1.089945e+03 1.027791e+03 0.942975
6.349200 5.983583e-03 1.085903e+03 1.023968e+03 0.942964
6.355000 5.994459e-03 1.081880e+03 1.020163e+03 0.942954
6.360800 6.005345e-03 1.077875e+03 1.016375e+03 0.942943
6.366600 6.016240e-03 1.073888e+03 1.012605e+03 0.942933
6.372400 6.027145e-03 1.069920e+03 1.008851e+03 0.942922
6.378200 6.038060e-03 1.065970e+03 1.005116e+03 0.942912
6.384000 6.048984e-03 1.062038e+03 1.001397e+03 0.942901
6.389800 6.059919e-03 1.058123e+03 9.976951e+02 0.942891
6.395600 6.070862e-03 1.054227e+03 9.940103e+02 0.942881
6.401400 6.081816e-03 1.050349e+03 9.903423e+02 0.942870
6.407200 6.092779e-03 1.046488e+03 9.866911e+02 0.942860
6.413000 6.103752e-03 1.042644e+03 9.830565e+02 0.942849
6.418800 6.114735e-03 1.038818e+03 9.794384e+02 0.942839
6.424600 6.125727e-03 1.035010e+03 9.758368e+02 0.942829
6.430400 6.136729e-03 1.031218e+03 9.722516e+02 0.942818
6.436200 6.147741e-03 1.027444e+03 9.686827e+02 0.942808
6.442000 6.158763e-03 1.023687e+03 9.651299e+02 0.942798
6.447800 6.169794e-03 1.019947e+03 9.615933e+02 0.942787
6.453600 6.180835e-03 1.016224e+03 9.580727e+02 0.942777
6.459400 6.191885e-03 1.012518e+03 9.545680e+02 0.942767
6.465200 6.202946e-03 1.008828e+03 9.510792e+02 0.942757
6.471000 6.214016e-03 1.005155e+03 9.476062e+02 0.942746
6.476800 6.225095e-03 1.001499e+03 9.441488e+02 0.942736
6.482600 6.236185e-03 9.978586e+02 9.407070e+02 0.942726
6.488400 6.247284e-03 9.942350e+02 9.372807e+02 0.942716
6.494200 6.258393e-03 9.906276e+02 9.338699e+02 0.942705
6.500000 6.269511e-03 9.870365e+02 9.304744e+02 0.942695
