23.000000 7.053361e+00 1.111346e-05 3.258157e-06 0.293172
23.001000 7.053707e+00 1.110953e-05 3.251057e-06 0.292637
23.002000 7.054054e+00 1.110561e-05 3.255923e-06 0.293178
23.003000 7.054400e+00 1.110169e-05 3.254806e-06 0.293181
23.004000 7.054747e+00 1.109776e-05 3.253690e-06 0.293184
23.005000 7.055094e+00 1.109385e-05 3.258383e-06 0.293711
23.006000 7.055440e+00 1.108993e-05 3.251459e-06 0.293190
23.007000 7.055787e+00 1.108601e-05 3.261797e-06 0.294226
23.008000 7.056133e+00 1.108210e-05 3.237115e-06 0.292103
23.009000 7.056480e+00 1.107819e-05 3.248116e-06 0.293199
23.010000 7.056826e+00 1.107428e-05 3.252802e-06 0.293726
23.011000 7.057173e+00 1.107037e-05 3.245890e-06 0.293205
23.012000 7.057519e+00 1.106646e-05 3.256212e-06 0.294242
23.013000 7.057866e+00 1.106255e-05 3.255096e-06 0.294245
23.014000 7.058212e+00 1.105865e-05 3.253981e-06 0.294248
23.015000 7.058559e+00 1.105475e-05 3.235486e-06 0.292678
23.016000 7.058905e+00 1.105085e-05 3.251752e-06 0.294254
23.017000 7.059252e+00 1.104695e-05 3.245009e-06 0.293747
23.018000 7.059598e+00 1.104305e-05 3.226035e-06 0.292133
23.019000 7.059945e+00 1.103915e-05 3.242786e-06 0.293753
23.020000 7.060291e+00 1.103526e-05 3.247299e-06 0.294266
23.021000 7.060637e+00 1.103136e-05 3.234785e-06 0.293235
23.022000 7.060984e+00 1.102747e-05 3.233677e-06 0.293238
23.023000 7.061330e+00 1.102358e-05 3.226628e-06 0.292702
23.024000 7.061677e+00 1.101969e-05 3.237237e-06 0.293768
23.025000 7.062023e+00 1.101581e-05 3.241744e-06 0.294281
23.026000 7.062369e+00 1.101192e-05 3.240634e-06 0.294284
23.027000 7.062716e+00 1.100804e-05 3.228144e-06 0.293253
23.028000 7.063062e+00 1.100416e-05 3.227039e-06 0.293256
23.029000 7.063408e+00 1.100028e-05 3.225934e-06 0.293259
23.030000 7.063755e+00 1.099640e-05 3.230593e-06 0.293786
23.031000 7.064101e+00 1.099252e-05 3.217799e-06 0.292726
23.032000 7.064447e+00 1.098865e-05 3.228382e-06 0.293792
23.033000 7.064793e+00 1.098477e-05 3.215596e-06 0.292732
23.034000 7.065140e+00 1.098090e-05 3.220417e-06 0.293274
23.035000 7.065486e+00 1.097703e-05 3.230666e-06 0.294312
23.036000 7.065832e+00 1.097316e-05 3.229561e-06 0.294315
23.037000 7.066178e+00 1.096929e-05 3.222862e-06 0.293808
23.038000 7.066525e+00 1.096543e-05 3.227352e-06 0.294321
23.039000 7.066871e+00 1.096156e-05 3.208998e-06 0.292750
23.040000 7.067217e+00 1.095770e-05 3.201816e-06 0.292198
23.041000 7.067563e+00 1.095384e-05 3.212711e-06 0.293295
23.042000 7.067909e+00 1.094998e-05 3.205705e-06 0.292759
23.043000 7.068256e+00 1.094612e-05 3.198530e-06 0.292207
23.044000 7.068602e+00 1.094226e-05 3.209415e-06 0.293304
23.045000 7.068948e+00 1.093841e-05 3.196341e-06 0.292213
23.046000 7.069294e+00 1.093456e-05 3.207220e-06 0.293310
23.047000 7.069640e+00 1.093070e-05 3.211856e-06 0.293838
23.048000 7.069986e+00 1.092685e-05 3.199131e-06 0.292777
23.049000 7.070332e+00 1.092301e-05 3.215233e-06 0.294354
23.050000 7.070678e+00 1.091916e-05 3.202835e-06 0.293323
23.051000 7.071024e+00 1.091531e-05 3.201740e-06 0.293326
23.052000 7.071370e+00 1.091147e-05 3.206369e-06 0.293853
23.053000 7.071717e+00 1.090763e-05 3.205273e-06 0.293856
23.054000 7.072063e+00 1.090379e-05 3.192574e-06 0.292795
23.055000 7.072409e+00 1.089995e-05 3.197365e-06 0.293338
23.056000 7.072755e+00 1.089611e-05 3.196272e-06 0.293341
23.057000 7.073101e+00 1.089228e-05 3.195179e-06 0.293344
23.058000 7.073447e+00 1.088844e-05 3.199800e-06 0.293871
23.059000 7.073793e+00 1.088461e-05 3.209671e-06 0.294882
23.060000 7.074139e+00 1.088078e-05 3.179985e-06 0.292257
23.061000 7.074485e+00 1.087695e-05 3.184943e-06 0.292816
23.062000 7.074830e+00 1.087312e-05 3.200980e-06 0.294394
23.063000 7.075176e+00 1.086929e-05 3.199887e-06 0.294397
23.064000 7.075522e+00 1.086547e-05 3.198794e-06 0.294400
23.065000 7.075868e+00 1.086164e-05 3.180592e-06 0.292828
23.066000 7.076214e+00 1.085782e-05 3.191066e-06 0.293896
23.067000 7.076560e+00 1.085400e-05 3.189976e-06 0.293899
23.068000 7.076906e+00 1.085018e-05 3.188887e-06 0.293902
23.069000 7.077252e+00 1.084637e-05 3.182105e-06 0.293380
23.070000 7.077598e+00 1.084255e-05 3.192246e-06 0.294418
23.071000 7.077943e+00 1.083874e-05 3.179932e-06 0.293386
23.072000 7.078289e+00 1.083493e-05 3.190067e-06 0.294424
23.073000 7.078635e+00 1.083112e-05 3.165889e-06 0.292296
23.074000 7.078981e+00 1.082731e-05 3.176676e-06 0.293395
23.075000 7.079327e+00 1.082350e-05 3.175592e-06 0.293398
23.076000 7.079673e+00 1.081969e-05 3.174508e-06 0.293401
23.077000 7.080018e+00 1.081589e-05 3.173424e-06 0.293404
23.078000 7.080364e+00 1.081209e-05 3.160488e-06 0.292311
23.079000 7.080710e+00 1.080828e-05 3.171258e-06 0.293410
23.080000 7.081056e+00 1.080448e-05 3.164339e-06 0.292873
23.081000 7.081401e+00 1.080069e-05 3.163259e-06 0.292876
23.082000 7.081747e+00 1.079689e-05 3.168013e-06 0.293419
23.083000 7.082093e+00 1.079309e-05 3.161100e-06 0.292882
23.084000 7.082438e+00 1.078930e-05 3.165851e-06 0.293425
23.085000 7.082784e+00 1.078551e-05 3.170436e-06 0.293953
23.086000 7.083130e+00 1.078172e-05 3.157866e-06 0.292891
23.087000 7.083476e+00 1.077793e-05 3.150792e-06 0.292337
23.088000 7.083821e+00 1.077414e-05 3.149717e-06 0.292340
23.089000 7.084167e+00 1.077036e-05 3.171616e-06 0.294476
23.090000 7.084512e+00 1.076657e-05 3.157407e-06 0.293260
23.091000 7.084858e+00 1.076279e-05 3.158300e-06 0.293446
23.092000 7.085204e+00 1.075901e-05 3.157223e-06 0.293449
23.093000 7.085549e+00 1.075523e-05 3.150333e-06 0.292912
23.094000 7.085895e+00 1.075145e-05 3.149259e-06 0.292915
23.095000 7.086240e+00 1.074767e-05 3.148185e-06 0.292918
23.096000 7.086586e+00 1.074390e-05 3.152919e-06 0.293461
23.097000 7.086932e+00 1.074013e-05 3.162977e-06 0.294501
23.098000 7.087277e+00 1.073635e-05 3.150770e-06 0.293467
23.099000 7.087623e+00 1.073258e-05 3.137919e-06 0.292373
23.100000 7.087968e+00 1.072881e-05 3.148622e-06 0.293473
23.101000 7.088314e+00 1.072505e-05 3.141750e-06 0.292936
23.102000 7.088659e+00 1.072128e-05 3.132749e-06 0.292199
23.103000 7.089005e+00 1.071752e-05 3.151037e-06 0.294008
23.104000 7.089350e+00 1.071376e-05 3.155441e-06 0.294522
23.105000 7.089696e+00 1.070999e-05 3.154366e-06 0.294526
23.106000 7.090041e+00 1.070623e-05 3.153292e-06 0.294529
23.107000 7.090387e+00 1.070248e-05 3.135331e-06 0.292954
23.108000 7.090732e+00 1.069872e-05 3.134263e-06 0.292957
23.109000 7.091077e+00 1.069497e-05 3.138979e-06 0.293501
23.110000 7.091423e+00 1.069121e-05 3.148998e-06 0.294541
23.111000 7.091768e+00 1.068746e-05 3.142460e-06 0.294032
23.112000 7.092114e+00 1.068371e-05 3.141390e-06 0.294036
23.113000 7.092459e+00 1.067996e-05 3.134705e-06 0.293513
23.114000 7.092804e+00 1.067621e-05 3.127862e-06 0.292975
23.115000 7.093150e+00 1.067247e-05 3.143641e-06 0.294556
23.116000 7.093495e+00 1.066872e-05 3.137114e-06 0.294048
23.117000 7.093840e+00 1.066498e-05 3.124668e-06 0.292984
23.118000 7.094186e+00 1.066124e-05 3.123604e-06 0.292987
23.119000 7.094531e+00 1.065750e-05 3.122540e-06 0.292990
23.120000 7.094876e+00 1.065376e-05 3.132845e-06 0.294060
23.121000 7.095222e+00 1.065003e-05 3.131778e-06 0.294063
23.122000 7.095567e+00 1.064629e-05 3.130713e-06 0.294066
23.123000 7.095912e+00 1.064256e-05 3.135093e-06 0.294581
23.124000 7.096257e+00 1.063883e-05 3.134026e-06 0.294584
23.125000 7.096603e+00 1.063510e-05 3.121923e-06 0.293549
23.126000 7.096948e+00 1.063137e-05 3.115107e-06 0.293011
23.127000 7.097293e+00 1.062764e-05 3.125390e-06 0.294081
23.128000 7.097638e+00 1.062391e-05 3.118737e-06 0.293558
23.129000 7.097983e+00 1.062019e-05 3.106009e-06 0.292463
23.130000 7.098329e+00 1.061647e-05 3.110869e-06 0.293023
23.131000 7.098674e+00 1.061275e-05 3.121139e-06 0.294093
23.132000 7.099019e+00 1.060903e-05 3.125508e-06 0.294608
23.133000 7.099364e+00 1.060531e-05 3.107695e-06 0.293032
23.134000 7.099709e+00 1.060159e-05 3.106638e-06 0.293035
23.135000 7.100054e+00 1.059788e-05 3.105581e-06 0.293038
23.136000 7.100400e+00 1.059416e-05 3.110261e-06 0.293582
23.137000 7.100745e+00 1.059045e-05 3.109203e-06 0.293586
23.138000 7.101090e+00 1.058674e-05 3.119138e-06 0.294627
23.139000 7.101435e+00 1.058303e-05 3.101359e-06 0.293050
23.140000 7.101780e+00 1.057932e-05 3.117018e-06 0.294633
23.141000 7.102125e+00 1.057562e-05 3.099250e-06 0.293056
23.142000 7.102470e+00 1.057191e-05 3.114899e-06 0.294639
23.143000 7.102815e+00 1.056821e-05 3.102866e-06 0.293604
23.144000 7.103160e+00 1.056451e-05 3.107373e-06 0.294133
23.145000 7.103505e+00 1.056081e-05 3.089148e-06 0.292511
23.146000 7.103850e+00 1.055711e-05 3.110668e-06 0.294651
23.147000 7.104195e+00 1.055341e-05 3.092934e-06 0.293074
23.148000 7.104540e+00 1.054972e-05 3.079935e-06 0.291945
23.149000 7.104885e+00 1.054602e-05 3.084949e-06 0.292523
23.150000 7.105230e+00 1.054233e-05 3.106443e-06 0.294664
23.151000 7.105575e+00 1.053864e-05 3.082853e-06 0.292528
23.152000 7.105920e+00 1.053495e-05 3.093389e-06 0.293631
23.153000 7.106265e+00 1.053126e-05 3.097884e-06 0.294161
23.154000 7.106610e+00 1.052758e-05 3.091288e-06 0.293637
23.155000 7.106955e+00 1.052389e-05 3.095780e-06 0.294167
23.156000 7.107300e+00 1.052021e-05 3.089188e-06 0.293643
23.157000 7.107644e+00 1.051653e-05 3.099066e-06 0.294685
23.158000 7.107989e+00 1.051285e-05 3.075528e-06 0.292549
23.159000 7.108334e+00 1.050917e-05 3.086042e-06 0.293652
23.160000 7.108679e+00 1.050549e-05 3.084994e-06 0.293655
23.161000 7.109024e+00 1.050182e-05 3.076335e-06 0.292934
23.162000 7.109369e+00 1.049814e-05 3.077210e-06 0.293119
23.163000 7.109713e+00 1.049447e-05 3.079934e-06 0.293482
23.164000 7.110058e+00 1.049080e-05 3.080807e-06 0.293668
23.165000 7.110403e+00 1.048713e-05 3.079761e-06 0.293671
23.166000 7.110748e+00 1.048346e-05 3.067181e-06 0.292573
23.167000 7.111093e+00 1.047979e-05 3.064224e-06 0.292394
23.168000 7.111437e+00 1.047613e-05 3.082146e-06 0.294207
23.169000 7.111782e+00 1.047246e-05 3.081100e-06 0.294210
23.170000 7.112127e+00 1.046880e-05 3.074538e-06 0.293686
23.171000 7.112472e+00 1.046514e-05 3.067821e-06 0.293147
23.172000 7.112816e+00 1.046148e-05 3.066780e-06 0.293150
23.173000 7.113161e+00 1.045782e-05 3.065739e-06 0.293153
23.174000 7.113506e+00 1.045417e-05 3.075877e-06 0.294225
23.175000 7.113850e+00 1.045051e-05 3.074834e-06 0.294228
23.176000 7.114195e+00 1.044686e-05 3.056786e-06 0.292603
23.177000 7.114540e+00 1.044321e-05 3.055749e-06 0.292606
23.178000 7.114884e+00 1.043956e-05 3.066204e-06 0.293710
23.179000 7.115229e+00 1.043591e-05 3.065164e-06 0.293713
23.180000 7.115574e+00 1.043226e-05 3.069624e-06 0.294243
23.181000 7.115918e+00 1.042861e-05 3.051604e-06 0.292618
23.182000 7.116263e+00 1.042497e-05 3.044569e-06 0.292046
23.183000 7.116607e+00 1.042133e-05 3.071847e-06 0.294765
23.184000 7.116952e+00 1.041768e-05 3.059970e-06 0.293728
23.185000 7.117297e+00 1.041404e-05 3.053283e-06 0.293189
23.186000 7.117641e+00 1.041041e-05 3.061482e-06 0.294079
23.187000 7.117986e+00 1.040677e-05 3.056859e-06 0.293738
23.188000 7.118330e+00 1.040313e-05 3.050179e-06 0.293198
23.189000 7.118675e+00 1.039950e-05 3.060271e-06 0.294271
23.190000 7.119019e+00 1.039587e-05 3.059234e-06 0.294274
23.191000 7.119364e+00 1.039224e-05 3.047078e-06 0.293207
23.192000 7.119708e+00 1.038861e-05 3.057161e-06 0.294280
23.193000 7.120053e+00 1.038498e-05 3.059556e-06 0.294614
23.194000 7.120397e+00 1.038135e-05 3.042084e-06 0.293034
23.195000 7.120742e+00 1.037773e-05 3.037150e-06 0.292660
23.196000 7.121086e+00 1.037410e-05 3.053021e-06 0.294293
23.197000 7.121431e+00 1.037048e-05 3.051987e-06 0.294296
23.198000 7.121775e+00 1.036686e-05 3.034064e-06 0.292670
23.199000 7.122119e+00 1.036324e-05 3.038828e-06 0.293231
23.200000 7.122464e+00 1.035962e-05 3.048887e-06 0.294305
23.201000 7.122808e+00 1.035601e-05 3.030981e-06 0.292679
23.202000 7.123153e+00 1.035239e-05 3.046822e-06 0.294311
23.203000 7.123497e+00 1.034878e-05 3.034712e-06 0.293244
23.204000 7.123841e+00 1.034517e-05 3.033684e-06 0.293247
23.205000 7.124186e+00 1.034156e-05 3.043728e-06 0.294320
23.206000 7.124530e+00 1.033795e-05 3.048004e-06 0.294836
23.207000 7.124874e+00 1.033434e-05 3.018872e-06 0.292120
23.208000 7.125219e+00 1.033073e-05 3.035187e-06 0.293802
23.209000 7.125563e+00 1.032713e-05 3.034159e-06 0.293805
23.210000 7.125907e+00 1.032353e-05 3.031246e-06 0.293625
23.211000 7.126251e+00 1.031992e-05 3.037552e-06 0.294339
23.212000 7.126596e+00 1.031632e-05 3.019708e-06 0.292712
23.213000 7.126940e+00 1.031273e-05 3.035497e-06 0.294345
23.214000 7.127284e+00 1.030913e-05 3.034470e-06 0.294348
23.215000 7.127628e+00 1.030553e-05 3.022406e-06 0.293280
23.216000 7.127973e+00 1.030194e-05 3.021383e-06 0.293283
23.217000 7.128317e+00 1.029835e-05 3.031391e-06 0.294357
23.218000 7.128661e+00 1.029475e-05 3.035652e-06 0.294874
23.219000 7.129005e+00 1.029116e-05 3.039769e-06 0.295377
23.220000 7.129349e+00 1.028758e-05 3.022884e-06 0.293838
23.221000 7.129694e+00 1.028399e-05 3.027291e-06 0.294369
23.222000 7.130038e+00 1.028040e-05 3.026268e-06 0.294372
23.223000 7.130382e+00 1.027682e-05 3.014234e-06 0.293304
23.224000 7.130726e+00 1.027324e-05 3.007467e-06 0.292748
23.225000 7.131070e+00 1.026966e-05 3.017775e-06 0.293854
23.226000 7.131414e+00 1.026608e-05 3.016755e-06 0.293857
23.227000 7.131758e+00 1.026250e-05 3.021155e-06 0.294388
23.228000 7.132102e+00 1.025892e-05 3.007267e-06 0.293137
23.229000 7.132447e+00 1.025535e-05 3.024381e-06 0.294908
23.230000 7.132791e+00 1.025177e-05 3.018092e-06 0.294397
23.231000 7.133135e+00 1.024820e-05 3.011658e-06 0.293872
23.232000 7.133479e+00 1.024463e-05 3.016052e-06 0.294403
23.233000 7.133823e+00 1.024106e-05 2.998325e-06 0.292775
23.234000 7.134167e+00 1.023749e-05 3.012144e-06 0.294227
23.235000 7.134511e+00 1.023393e-05 3.007589e-06 0.293884
23.236000 7.134855e+00 1.023036e-05 3.017234e-06 0.294929
23.237000 7.135199e+00 1.022680e-05 3.005556e-06 0.293890
23.238000 7.135543e+00 1.022323e-05 3.009942e-06 0.294422
23.239000 7.135887e+00 1.021967e-05 2.997970e-06 0.293353
23.240000 7.136231e+00 1.021611e-05 2.996957e-06 0.293356
23.241000 7.136575e+00 1.021256e-05 2.995944e-06 0.293359
23.242000 7.136918e+00 1.020900e-05 2.983325e-06 0.292225
23.243000 7.137262e+00 1.020545e-05 3.004862e-06 0.294437
23.244000 7.137606e+00 1.020189e-05 2.992908e-06 0.293368
23.245000 7.137950e+00 1.019834e-05 2.990035e-06 0.293188
23.246000 7.138294e+00 1.019479e-05 3.007059e-06 0.294960
23.247000 7.138638e+00 1.019124e-05 2.989877e-06 0.293377
23.248000 7.138982e+00 1.018769e-05 2.988867e-06 0.293380
23.249000 7.139326e+00 1.018415e-05 2.998779e-06 0.294456
23.250000 7.139670e+00 1.018060e-05 2.986848e-06 0.293386
23.251000 7.140013e+00 1.017706e-05 2.996755e-06 0.294462
23.252000 7.140357e+00 1.017352e-05 2.990365e-06 0.293936
23.253000 7.140701e+00 1.016998e-05 2.994732e-06 0.294468
23.254000 7.141045e+00 1.016644e-05 2.993721e-06 0.294471
23.255000 7.141389e+00 1.016290e-05 2.976116e-06 0.292841
23.256000 7.141732e+00 1.015936e-05 2.980803e-06 0.293404
23.257000 7.142076e+00 1.015583e-05 2.985321e-06 0.293952
23.258000 7.142420e+00 1.015229e-05 2.994903e-06 0.294998
23.259000 7.142764e+00 1.014876e-05 2.975933e-06 0.293231
23.260000 7.143107e+00 1.014523e-05 2.982300e-06 0.293961
23.261000 7.143451e+00 1.014170e-05 2.975776e-06 0.293420
23.262000 7.143795e+00 1.013818e-05 2.974771e-06 0.293423
23.263000 7.144138e+00 1.013465e-05 2.973768e-06 0.293426
23.264000 7.144482e+00 1.013112e-05 2.978277e-06 0.293973
23.265000 7.144826e+00 1.012760e-05 2.982629e-06 0.294505
23.266000 7.145169e+00 1.012408e-05 2.970759e-06 0.293435
23.267000 7.145513e+00 1.012056e-05 2.980618e-06 0.294511
23.268000 7.145857e+00 1.011704e-05 2.957241e-06 0.292303
23.269000 7.146200e+00 1.011352e-05 2.965908e-06 0.293262
23.270000 7.146544e+00 1.011001e-05 2.966752e-06 0.293447
23.271000 7.146888e+00 1.010649e-05 2.974755e-06 0.294341
23.272000 7.147231e+00 1.010298e-05 2.959088e-06 0.292893
23.273000 7.147575e+00 1.009947e-05 2.963752e-06 0.293456
23.274000 7.147918e+00 1.009596e-05 2.976943e-06 0.294865
23.275000 7.148262e+00 1.009245e-05 2.965406e-06 0.293824
23.276000 7.148605e+00 1.008894e-05 2.960755e-06 0.293465
23.277000 7.148949e+00 1.008543e-05 2.968744e-06 0.294360
23.278000 7.149292e+00 1.008193e-05 2.972932e-06 0.294877
23.279000 7.149636e+00 1.007842e-05 2.963249e-06 0.294019
23.280000 7.149979e+00 1.007492e-05 2.951115e-06 0.292917
23.281000 7.150323e+00 1.007142e-05 2.950120e-06 0.292920
23.282000 7.150666e+00 1.006792e-05 2.960254e-06 0.294028
23.283000 7.151010e+00 1.006443e-05 2.959257e-06 0.294031
23.284000 7.151353e+00 1.006093e-05 2.963585e-06 0.294564
23.285000 7.151697e+00 1.005743e-05 2.957263e-06 0.294038
23.286000 7.152040e+00 1.005394e-05 2.950791e-06 0.293496
23.287000 7.152384e+00 1.005045e-05 2.953437e-06 0.293861
23.288000 7.152727e+00 1.004696e-05 2.954276e-06 0.294047
23.289000 7.153070e+00 1.004347e-05 2.934537e-06 0.292184
23.290000 7.153414e+00 1.003998e-05 2.946817e-06 0.293508
23.291000 7.153757e+00 1.003650e-05 2.943993e-06 0.293329
23.292000 7.154101e+00 1.003301e-05 2.955609e-06 0.294588
23.293000 7.154444e+00 1.002953e-05 2.936383e-06 0.292774
23.294000 7.154787e+00 1.002605e-05 2.942849e-06 0.293520
23.295000 7.155131e+00 1.002256e-05 2.947318e-06 0.294068
23.296000 7.155474e+00 1.001909e-05 2.951631e-06 0.294601
23.297000 7.155817e+00 1.001561e-05 2.950638e-06 0.294604
23.298000 7.156161e+00 1.001213e-05 2.927478e-06 0.292393
23.299000 7.156504e+00 1.000866e-05 2.932281e-06 0.292974
23.300000 7.156847e+00 1.000518e-05 2.935083e-06 0.293356
23.301000 7.157190e+00 1.000171e-05 2.934095e-06 0.293359
23.302000 7.157534e+00 9.998240e-06 2.943852e-06 0.294437
23.303000 7.157877e+00 9.994771e-06 2.928334e-06 0.292987
23.304000 7.158220e+00 9.991303e-06 2.925526e-06 0.292807
23.305000 7.158563e+00 9.987836e-06 2.918763e-06 0.292232
23.306000 7.158906e+00 9.984371e-06 2.936425e-06 0.294102
23.307000 7.159250e+00 9.980907e-06 2.945866e-06 0.295150
23.308000 7.159593e+00 9.977445e-06 2.939735e-06 0.294638
23.309000 7.159936e+00 9.973984e-06 2.926205e-06 0.293384
23.310000 7.160279e+00 9.970525e-06 2.919623e-06 0.292825
23.311000 7.160622e+00 9.967066e-06 2.936770e-06 0.294647
23.312000 7.160966e+00 9.963610e-06 2.923253e-06 0.293393
23.313000 7.161309e+00 9.960154e-06 2.922270e-06 0.293396
23.314000 7.161652e+00 9.956700e-06 2.923103e-06 0.293581
23.315000 7.161995e+00 9.953248e-06 2.916531e-06 0.293023
23.316000 7.162338e+00 9.949797e-06 2.909791e-06 0.292447
23.317000 7.162681e+00 9.946347e-06 2.925579e-06 0.294136
23.318000 7.163024e+00 9.942899e-06 2.913589e-06 0.293032
23.319000 7.163367e+00 9.939452e-06 2.923612e-06 0.294142
23.320000 7.163710e+00 9.936006e-06 2.922629e-06 0.294145
23.321000 7.164053e+00 9.932562e-06 2.910651e-06 0.293041
23.322000 7.164396e+00 9.929119e-06 2.920664e-06 0.294151
23.323000 7.164739e+00 9.925678e-06 2.917873e-06 0.293972
23.324000 7.165082e+00 9.922238e-06 2.913289e-06 0.293612
23.325000 7.165425e+00 9.918800e-06 2.904929e-06 0.292871
23.326000 7.165768e+00 9.915362e-06 2.916740e-06 0.294164
23.327000 7.166111e+00 9.911927e-06 2.910353e-06 0.293621
23.328000 7.166454e+00 9.908492e-06 2.914780e-06 0.294170
23.329000 7.166797e+00 9.905059e-06 2.922354e-06 0.295036
23.330000 7.167140e+00 9.901628e-06 2.905614e-06 0.293448
23.331000 7.167483e+00 9.898197e-06 2.904638e-06 0.293451
23.332000 7.167826e+00 9.894769e-06 2.916112e-06 0.294713
23.333000 7.168169e+00 9.891341e-06 2.915133e-06 0.294716
23.334000 7.168512e+00 9.887915e-06 2.912351e-06 0.294536
23.335000 7.168855e+00 9.884490e-06 2.907933e-06 0.294191
23.336000 7.169197e+00 9.881067e-06 2.901564e-06 0.293649
23.337000 7.169540e+00 9.877645e-06 2.905980e-06 0.294198
23.338000 7.169883e+00 9.874225e-06 2.899615e-06 0.293655
23.339000 7.170226e+00 9.870806e-06 2.896842e-06 0.293476
23.340000 7.170569e+00 9.867388e-06 2.903054e-06 0.294207
23.341000 7.170912e+00 9.863972e-06 2.905513e-06 0.294558
23.342000 7.171254e+00 9.860557e-06 2.901105e-06 0.294213
23.343000 7.171597e+00 9.857143e-06 2.894750e-06 0.293670
23.344000 7.171940e+00 9.853731e-06 2.899158e-06 0.294219
23.345000 7.172283e+00 9.850320e-06 2.887269e-06 0.293114
23.346000 7.172626e+00 9.846910e-06 2.884505e-06 0.292935
23.347000 7.172968e+00 9.843502e-06 2.901462e-06 0.294759
23.348000 7.173311e+00 9.840096e-06 2.895268e-06 0.294232
23.349000 7.173654e+00 9.836690e-06 2.887132e-06 0.293506
23.350000 7.173996e+00 9.833286e-06 2.882426e-06 0.293129
23.351000 7.174339e+00 9.829884e-06 2.886986e-06 0.293695
23.352000 7.174682e+00 9.826483e-06 2.884227e-06 0.293516
23.353000 7.175025e+00 9.823083e-06 2.890414e-06 0.294247
23.354000 7.175367e+00 9.819684e-06 2.894655e-06 0.294781
23.355000 7.175710e+00 9.816287e-06 2.870113e-06 0.292383
23.356000 7.176052e+00 9.812892e-06 2.882147e-06 0.293710
23.357000 7.176395e+00 9.809497e-06 2.891744e-06 0.294790
23.358000 7.176738e+00 9.806104e-06 2.878426e-06 0.293534
23.359000 7.177080e+00 9.802713e-06 2.879247e-06 0.293719
23.360000 7.177423e+00 9.799323e-06 2.872769e-06 0.293160
23.361000 7.177766e+00 9.795934e-06 2.886082e-06 0.294620
23.362000 7.178108e+00 9.792546e-06 2.891955e-06 0.295322
23.363000 7.178451e+00 9.789160e-06 2.873603e-06 0.293549
23.364000 7.178793e+00 9.785776e-06 2.872639e-06 0.293553
23.365000 7.179136e+00 9.782392e-06 2.866172e-06 0.292993
23.366000 7.179478e+00 9.779010e-06 2.877838e-06 0.294287
23.367000 7.179821e+00 9.775630e-06 2.882064e-06 0.294821
23.368000 7.180163e+00 9.772250e-06 2.865071e-06 0.293184
23.369000 7.180506e+00 9.768873e-06 2.869608e-06 0.293750
23.370000 7.180848e+00 9.765496e-06 2.872203e-06 0.294117
23.371000 7.181191e+00 9.762121e-06 2.867684e-06 0.293756
23.372000 7.181533e+00 9.758747e-06 2.866723e-06 0.293759
23.373000 7.181876e+00 9.755375e-06 2.863985e-06 0.293580
23.374000 7.182218e+00 9.752004e-06 2.870132e-06 0.294312
23.375000 7.182561e+00 9.748634e-06 2.869171e-06 0.294315
23.376000 7.182903e+00 9.745265e-06 2.878420e-06 0.295366
23.377000 7.183245e+00 9.741899e-06 2.872423e-06 0.294853
23.378000 7.183588e+00 9.738533e-06 2.866288e-06 0.294324
23.379000 7.183930e+00 9.735169e-06 2.858233e-06 0.293599
23.380000 7.184273e+00 9.731806e-06 2.862596e-06 0.294148
23.381000 7.184615e+00 9.728444e-06 2.850841e-06 0.293042
23.382000 7.184957e+00 9.725084e-06 2.877532e-06 0.295888
23.383000 7.185300e+00 9.721725e-06 2.850703e-06 0.293230
23.384000 7.185642e+00 9.718368e-06 2.865697e-06 0.294874
23.385000 7.185984e+00 9.715012e-06 2.852494e-06 0.293617
23.386000 7.186327e+00 9.711657e-06 2.862010e-06 0.294698
23.387000 7.186669e+00 9.708303e-06 2.850584e-06 0.293623
23.388000 7.187011e+00 9.704951e-06 2.851398e-06 0.293809
23.389000 7.187353e+00 9.701601e-06 2.843212e-06 0.293066
23.390000 7.187696e+00 9.698251e-06 2.864959e-06 0.295410
23.391000 7.188038e+00 9.694903e-06 2.852072e-06 0.294183
23.392000 7.188380e+00 9.691557e-06 2.851117e-06 0.294186
23.393000 7.188722e+00 9.688211e-06 2.851928e-06 0.294371
23.394000 7.189065e+00 9.684867e-06 2.850973e-06 0.294374
23.395000 7.189407e+00 9.681525e-06 2.839270e-06 0.293267
23.396000 7.189749e+00 9.678183e-06 2.838320e-06 0.293270
23.397000 7.190091e+00 9.674843e-06 2.837370e-06 0.293273
23.398000 7.190433e+00 9.671505e-06 2.840108e-06 0.293657
23.399000 7.190775e+00 9.668168e-06 2.846207e-06 0.294390
23.400000 7.191118e+00 9.664832e-06 2.850394e-06 0.294924
23.401000 7.191460e+00 9.661497e-06 2.844304e-06 0.294396
23.402000 7.191802e+00 9.658164e-06 2.843352e-06 0.294399
23.403000 7.192144e+00 9.654832e-06 2.835360e-06 0.293673
23.404000 7.192486e+00 9.651502e-06 2.841451e-06 0.294405
23.405000 7.192828e+00 9.648173e-06 2.843874e-06 0.294758
23.406000 7.193170e+00 9.644845e-06 2.844680e-06 0.294943
23.407000 7.193512e+00 9.641518e-06 2.827891e-06 0.293304
23.408000 7.193854e+00 9.638193e-06 2.825190e-06 0.293124
23.409000 7.194196e+00 9.634870e-06 2.836704e-06 0.294421
23.410000 7.194538e+00 9.631547e-06 2.830484e-06 0.293876
23.411000 7.194880e+00 9.628226e-06 2.839929e-06 0.294959
23.412000 7.195222e+00 9.624906e-06 2.837227e-06 0.294780
23.413000 7.195564e+00 9.621588e-06 2.814879e-06 0.292559
23.414000 7.195906e+00 9.618271e-06 2.837082e-06 0.294968
23.415000 7.196248e+00 9.614955e-06 2.829269e-06 0.294257
23.416000 7.196590e+00 9.611641e-06 2.812057e-06 0.292568
23.417000 7.196932e+00 9.608327e-06 2.816701e-06 0.293152
23.418000 7.197274e+00 9.605016e-06 2.821175e-06 0.293719
23.419000 7.197616e+00 9.601705e-06 2.820233e-06 0.293722
23.420000 7.197958e+00 9.598396e-06 2.824546e-06 0.294273
23.421000 7.198300e+00 9.595088e-06 2.818349e-06 0.293728
23.422000 7.198642e+00 9.591782e-06 2.834472e-06 0.295510
23.423000 7.198984e+00 9.588477e-06 2.821716e-06 0.294282
23.424000 7.199326e+00 9.585173e-06 2.811864e-06 0.293356
23.425000 7.199668e+00 9.581871e-06 2.821576e-06 0.294470
23.426000 7.200009e+00 9.578570e-06 2.823988e-06 0.294824
23.427000 7.200351e+00 9.575270e-06 2.824788e-06 0.295009
23.428000 7.200693e+00 9.571972e-06 2.811765e-06 0.293750
23.429000 7.201035e+00 9.568674e-06 2.817809e-06 0.294483
23.430000 7.201377e+00 9.565379e-06 2.811629e-06 0.293938
23.431000 7.201719e+00 9.562084e-06 2.821018e-06 0.295021
23.432000 7.202060e+00 9.558791e-06 2.813248e-06 0.294310
23.433000 7.202402e+00 9.555499e-06 2.824081e-06 0.295545
23.434000 7.202744e+00 9.552209e-06 2.802487e-06 0.293386
23.435000 7.203086e+00 9.548920e-06 2.805201e-06 0.293772
23.436000 7.203427e+00 9.545632e-06 2.806002e-06 0.293957
23.437000 7.203769e+00 9.542345e-06 2.810294e-06 0.294508
23.438000 7.204111e+00 9.539060e-06 2.802393e-06 0.293781
23.439000 7.204452e+00 9.535776e-06 2.813495e-06 0.295046
23.440000 7.204794e+00 9.532494e-06 2.807481e-06 0.294517
23.441000 7.205136e+00 9.529213e-06 2.809884e-06 0.294871
23.442000 7.205478e+00 9.525933e-06 2.810681e-06 0.295056
23.443000 7.205819e+00 9.522654e-06 2.799454e-06 0.293978
23.444000 7.206161e+00 9.519377e-06 2.802004e-06 0.294347
23.445000 7.206502e+00 9.516101e-06 2.792215e-06 0.293420
23.446000 7.206844e+00 9.512827e-06 2.796653e-06 0.293988
23.447000 7.207186e+00 9.509553e-06 2.793989e-06 0.293809
23.448000 7.207527e+00 9.506281e-06 2.809985e-06 0.295592
23.449000 7.207869e+00 9.503011e-06 2.807318e-06 0.295414
23.450000 7.208210e+00 9.499741e-06 2.796402e-06 0.294366
23.451000 7.208552e+00 9.496473e-06 2.800528e-06 0.294902
23.452000 7.208894e+00 9.493207e-06 2.801322e-06 0.295087
23.453000 7.209235e+00 9.489941e-06 2.793606e-06 0.294375
23.454000 7.209577e+00 9.486677e-06 2.783843e-06 0.293448
23.455000 7.209918e+00 9.483414e-06 2.793470e-06 0.294564
23.456000 7.210260e+00 9.480153e-06 2.795864e-06 0.294918
23.457000 7.210601e+00 9.476893e-06 2.796657e-06 0.295103
23.458000 7.210943e+00 9.473634e-06 2.795725e-06 0.295106
23.459000 7.211284e+00 9.470376e-06 2.793070e-06 0.294927
23.460000 7.211626e+00 9.467120e-06 2.783626e-06 0.294031
23.461000 7.211967e+00 9.463865e-06 2.782698e-06 0.294034
23.462000 7.212309e+00 9.460612e-06 2.780049e-06 0.293855
23.463000 7.212650e+00 9.457359e-06 2.791071e-06 0.295122
23.464000 7.212991e+00 9.454108e-06 2.785102e-06 0.294592
23.465000 7.213333e+00 9.450859e-06 2.782455e-06 0.294413
23.466000 7.213674e+00 9.447610e-06 2.788282e-06 0.295131
23.467000 7.214016e+00 9.444363e-06 2.771804e-06 0.293488
23.468000 7.214357e+00 9.441118e-06 2.779675e-06 0.294422
23.469000 7.214698e+00 9.437873e-06 2.778750e-06 0.294425
23.470000 7.215040e+00 9.434630e-06 2.777824e-06 0.294429
23.471000 7.215381e+00 9.431388e-06 2.766396e-06 0.293318
23.472000 7.215722e+00 9.428148e-06 2.782716e-06 0.295150
23.473000 7.216064e+00 9.424908e-06 2.769879e-06 0.293889
23.474000 7.216405e+00 9.421670e-06 2.768957e-06 0.293892
23.475000 7.216746e+00 9.418434e-06 2.762712e-06 0.293330
23.476000 7.217088e+00 9.415198e-06 2.767113e-06 0.293899
23.477000 7.217429e+00 9.411964e-06 2.773069e-06 0.294632
23.478000 7.217770e+00 9.408732e-06 2.759953e-06 0.293340
23.479000 7.218111e+00 9.405500e-06 2.759034e-06 0.293343
23.480000 7.218453e+00 9.402270e-06 2.765141e-06 0.294093
23.481000 7.218794e+00 9.399041e-06 2.762511e-06 0.293914
23.482000 7.219135e+00 9.395814e-06 2.756280e-06 0.293352
23.483000 7.219476e+00 9.392587e-06 2.755362e-06 0.293355
23.484000 7.219817e+00 9.389363e-06 2.764907e-06 0.294472
23.485000 7.220159e+00 9.386139e-06 2.768993e-06 0.295009
23.486000 7.220500e+00 9.382916e-06 2.747143e-06 0.292781
23.487000 7.220841e+00 9.379695e-06 2.767152e-06 0.295015
23.488000 7.221182e+00 9.376476e-06 2.756082e-06 0.293936
23.489000 7.221523e+00 9.373257e-06 2.744401e-06 0.292791
23.490000 7.221864e+00 9.370040e-06 2.759393e-06 0.294491
23.491000 7.222205e+00 9.366824e-06 2.758475e-06 0.294494
23.492000 7.222547e+00 9.363609e-06 2.754120e-06 0.294130
23.493000 7.222888e+00 9.360396e-06 2.751501e-06 0.293951
23.494000 7.223229e+00 9.357184e-06 2.745294e-06 0.293389
23.495000 7.223570e+00 9.353973e-06 2.749671e-06 0.293958
23.496000 7.223911e+00 9.350764e-06 2.743468e-06 0.293395
23.497000 7.224252e+00 9.347556e-06 2.752976e-06 0.294513
23.498000 7.224593e+00 9.344349e-06 2.746929e-06 0.293967
23.499000 7.224934e+00 9.341143e-06 2.740732e-06 0.293404
23.500000 7.225275e+00 9.337939e-06 2.745103e-06 0.293973
23.501000 7.225616e+00 9.334736e-06 2.749318e-06 0.294525
23.502000 7.225957e+00 9.331534e-06 2.748404e-06 0.294529
23.503000 7.226298e+00 9.328334e-06 2.759007e-06 0.295766
23.504000 7.226639e+00 9.325135e-06 2.736179e-06 0.293420
23.505000 7.226980e+00 9.321937e-06 2.761882e-06 0.296278
23.506000 7.227321e+00 9.318740e-06 2.751421e-06 0.295257
23.507000 7.227662e+00 9.315545e-06 2.722410e-06 0.292244
23.508000 7.228003e+00 9.312351e-06 2.749593e-06 0.295263
23.509000 7.228344e+00 9.309158e-06 2.726204e-06 0.292852
23.510000 7.228684e+00 9.305967e-06 2.725298e-06 0.292855
23.511000 7.229025e+00 9.302776e-06 2.735085e-06 0.294007
23.512000 7.229366e+00 9.299587e-06 2.725178e-06 0.293043
23.513000 7.229707e+00 9.296400e-06 2.734958e-06 0.294195
23.514000 7.230048e+00 9.293213e-06 2.732360e-06 0.294017
23.515000 7.230389e+00 9.290028e-06 2.726194e-06 0.293454
23.516000 7.230730e+00 9.286845e-06 2.742296e-06 0.295288
23.517000 7.231070e+00 9.283662e-06 2.724383e-06 0.293460
23.518000 7.231411e+00 9.280481e-06 2.728732e-06 0.294029
23.519000 7.231752e+00 9.277301e-06 2.732925e-06 0.294582
23.520000 7.232093e+00 9.274122e-06 2.721669e-06 0.293469
23.521000 7.232434e+00 9.270945e-06 2.726015e-06 0.294038
23.522000 7.232774e+00 9.267769e-06 2.719862e-06 0.293475
23.523000 7.233115e+00 9.264594e-06 2.735931e-06 0.295310
23.524000 7.233456e+00 9.261420e-06 2.730076e-06 0.294779
23.525000 7.233797e+00 9.258248e-06 2.722397e-06 0.294051
23.526000 7.234137e+00 9.255077e-06 2.721493e-06 0.294054
23.527000 7.234478e+00 9.251907e-06 2.732301e-06 0.295323
23.528000 7.234819e+00 9.248738e-06 2.716130e-06 0.293676
23.529000 7.235159e+00 9.245571e-06 2.730488e-06 0.295329
23.530000 7.235500e+00 9.242405e-06 2.712647e-06 0.293500
23.531000 7.235841e+00 9.239240e-06 2.711747e-06 0.293503
23.532000 7.236181e+00 9.236077e-06 2.705454e-06 0.292922
23.533000 7.236522e+00 9.232915e-06 2.715178e-06 0.294076
23.534000 7.236863e+00 9.229754e-06 2.709049e-06 0.293513
23.535000 7.237203e+00 9.226594e-06 2.709827e-06 0.293697
23.536000 7.237544e+00 9.223436e-06 2.714153e-06 0.294267
23.537000 7.237884e+00 9.220279e-06 2.718324e-06 0.294820
23.538000 7.238225e+00 9.217123e-06 2.722348e-06 0.295358
23.539000 7.238566e+00 9.213968e-06 2.714847e-06 0.294645
23.540000 7.238906e+00 9.210815e-06 2.710554e-06 0.294279
23.541000 7.239247e+00 9.207663e-06 2.707982e-06 0.294101
23.542000 7.239587e+00 9.204512e-06 2.708756e-06 0.294286
23.543000 7.239928e+00 9.201363e-06 2.706186e-06 0.294107
23.544000 7.240268e+00 9.198214e-06 2.712021e-06 0.294842
23.545000 7.240609e+00 9.195067e-06 2.700852e-06 0.293728
23.546000 7.240949e+00 9.191921e-06 2.710223e-06 0.294848
23.547000 7.241290e+00 9.188777e-06 2.697391e-06 0.293553
23.548000 7.241630e+00 9.185634e-06 2.708427e-06 0.294855
23.549000 7.241971e+00 9.182492e-06 2.695603e-06 0.293559
23.550000 7.242311e+00 9.179351e-06 2.701581e-06 0.294311
23.551000 7.242652e+00 9.176212e-06 2.705735e-06 0.294864
23.552000 7.242992e+00 9.173073e-06 2.703172e-06 0.294686
23.553000 7.243332e+00 9.169936e-06 2.703943e-06 0.294870
23.554000 7.243673e+00 9.166801e-06 2.696336e-06 0.294141
23.555000 7.244013e+00 9.163666e-06 2.707052e-06 0.295411
23.556000 7.244354e+00 9.160533e-06 2.684001e-06 0.292996
23.557000 7.244694e+00 9.157401e-06 2.693657e-06 0.294151
23.558000 7.245034e+00 9.154270e-06 2.694428e-06 0.294336
23.559000 7.245375e+00 9.151141e-06 2.688346e-06 0.293772
23.560000 7.245715e+00 9.148013e-06 2.696017e-06 0.294711
23.561000 7.246055e+00 9.144886e-06 2.679558e-06 0.293012
23.562000 7.246396e+00 9.141760e-06 2.689199e-06 0.294166
23.563000 7.246736e+00 9.138636e-06 2.695000e-06 0.294902
23.564000 7.247076e+00 9.135512e-06 2.687418e-06 0.294173
23.565000 7.247416e+00 9.132391e-06 2.686528e-06 0.294176
23.566000 7.247757e+00 9.129270e-06 2.680461e-06 0.293612
23.567000 7.248097e+00 9.126150e-06 2.674236e-06 0.293030
23.568000 7.248437e+00 9.123032e-06 2.678686e-06 0.293618
23.569000 7.248777e+00 9.119915e-06 2.677799e-06 0.293621
23.570000 7.249118e+00 9.116800e-06 2.671581e-06 0.293039
23.571000 7.249458e+00 9.113685e-06 2.686216e-06 0.294745
23.572000 7.249798e+00 9.110572e-06 2.676796e-06 0.293812
23.573000 7.250138e+00 9.107460e-06 2.679422e-06 0.294201
23.574000 7.250478e+00 9.104349e-06 2.685204e-06 0.294936
23.575000 7.250819e+00 9.101240e-06 2.693923e-06 0.295995
23.576000 7.251159e+00 9.098132e-06 2.671601e-06 0.293643
23.577000 7.251499e+00 9.095025e-06 2.682540e-06 0.294946
23.578000 7.251839e+00 9.091919e-06 2.676644e-06 0.294398
23.579000 7.252179e+00 9.088814e-06 2.679115e-06 0.294771
23.580000 7.252519e+00 9.085711e-06 2.684742e-06 0.295491
23.581000 7.252859e+00 9.082609e-06 2.677343e-06 0.294777
23.582000 7.253199e+00 9.079508e-06 2.655506e-06 0.292472
23.583000 7.253539e+00 9.076409e-06 2.682080e-06 0.295500
23.584000 7.253879e+00 9.073310e-06 2.659228e-06 0.293082
23.585000 7.254220e+00 9.070213e-06 2.668805e-06 0.294238
23.586000 7.254560e+00 9.067117e-06 2.667922e-06 0.294242
23.587000 7.254900e+00 9.064023e-06 2.661895e-06 0.293677
23.588000 7.255240e+00 9.060929e-06 2.666158e-06 0.294248
23.589000 7.255580e+00 9.057837e-06 2.660135e-06 0.293683
23.590000 7.255920e+00 9.054746e-06 2.669386e-06 0.294805
23.591000 7.256260e+00 9.051657e-06 2.674995e-06 0.295525
23.592000 7.256600e+00 9.048568e-06 2.672468e-06 0.295347
23.593000 7.256940e+00 9.045481e-06 2.663397e-06 0.294445
23.594000 7.257279e+00 9.042395e-06 2.667501e-06 0.294999
23.595000 7.257619e+00 9.039310e-06 2.649570e-06 0.293116
23.596000 7.257959e+00 9.036227e-06 2.659116e-06 0.294273
23.597000 7.258299e+00 9.033145e-06 2.663218e-06 0.294827
23.598000 7.258639e+00 9.030064e-06 2.657359e-06 0.294279
23.599000 7.258979e+00 9.026984e-06 2.656481e-06 0.294282
23.600000 7.259319e+00 9.023905e-06 2.660579e-06 0.294837
23.601000 7.259659e+00 9.020828e-06 2.654726e-06 0.294289
23.602000 7.259999e+00 9.017752e-06 2.660459e-06 0.295025
23.603000 7.260338e+00 9.014677e-06 2.657943e-06 0.294846
23.604000 7.260678e+00 9.011603e-06 2.663530e-06 0.295567
23.605000 7.261018e+00 9.008531e-06 2.646103e-06 0.293733
23.606000 7.261358e+00 9.005459e-06 2.650345e-06 0.294304
23.607000 7.261698e+00 9.002389e-06 2.649469e-06 0.294307
23.608000 7.262037e+00 8.999321e-06 2.650228e-06 0.294492
23.609000 7.262377e+00 8.996253e-06 2.659136e-06 0.295583
23.610000 7.262717e+00 8.993187e-06 2.636468e-06 0.293163
23.611000 7.263057e+00 8.990122e-06 2.645972e-06 0.294320
23.612000 7.263396e+00 8.987058e-06 2.646730e-06 0.294505
23.613000 7.263736e+00 8.983995e-06 2.640751e-06 0.293939
23.614000 7.264076e+00 8.980934e-06 2.643352e-06 0.294329
23.615000 7.264416e+00 8.977874e-06 2.647432e-06 0.294884
23.616000 7.264755e+00 8.974815e-06 2.641607e-06 0.294336
23.617000 7.265095e+00 8.971757e-06 2.645685e-06 0.294890
23.618000 7.265435e+00 8.968700e-06 2.634766e-06 0.293774
23.619000 7.265774e+00 8.965645e-06 2.643940e-06 0.294897
23.620000 7.266114e+00 8.962591e-06 2.633028e-06 0.293780
23.621000 7.266454e+00 8.959538e-06 2.632159e-06 0.293783
23.622000 7.266793e+00 8.956486e-06 2.636381e-06 0.294354
23.623000 7.267133e+00 8.953436e-06 2.646878e-06 0.295627
23.624000 7.267472e+00 8.950387e-06 2.624308e-06 0.293206
23.625000 7.267812e+00 8.947339e-06 2.633773e-06 0.294364
23.626000 7.268152e+00 8.944292e-06 2.632904e-06 0.294367
23.627000 7.268491e+00 8.941246e-06 2.643388e-06 0.295640
23.628000 7.268831e+00 8.938202e-06 2.636101e-06 0.294925
23.629000 7.269170e+00 8.935159e-06 2.631922e-06 0.294558
23.630000 7.269510e+00 8.932117e-06 2.619117e-06 0.293225
23.631000 7.269849e+00 8.929076e-06 2.633495e-06 0.294935
23.632000 7.270189e+00 8.926036e-06 2.632626e-06 0.294938
23.633000 7.270528e+00 8.922998e-06 2.626832e-06 0.294389
23.634000 7.270868e+00 8.919961e-06 2.620893e-06 0.293823
23.635000 7.271207e+00 8.916925e-06 2.630024e-06 0.294947
23.636000 7.271547e+00 8.913890e-06 2.620783e-06 0.294011
23.637000 7.271886e+00 8.910857e-06 2.624987e-06 0.294583
23.638000 7.272226e+00 8.907825e-06 2.627424e-06 0.294957
23.639000 7.272565e+00 8.904793e-06 2.616576e-06 0.293839
23.640000 7.272905e+00 8.901764e-06 2.610492e-06 0.293256
23.641000 7.273244e+00 8.898735e-06 2.626442e-06 0.295148
23.642000 7.273583e+00 8.895707e-06 2.623963e-06 0.294970
23.643000 7.273923e+00 8.892681e-06 2.618187e-06 0.294420
23.644000 7.274262e+00 8.889656e-06 2.617324e-06 0.294424
23.645000 7.274601e+00 8.886632e-06 2.611406e-06 0.293858
23.646000 7.274941e+00 8.883610e-06 2.605334e-06 0.293274
23.647000 7.275280e+00 8.880588e-06 2.609685e-06 0.293864
23.648000 7.275620e+00 8.877568e-06 2.598242e-06 0.292675
23.649000 7.275959e+00 8.874549e-06 2.614626e-06 0.294621
23.650000 7.276298e+00 8.871531e-06 2.612156e-06 0.294442
23.651000 7.276637e+00 8.868515e-06 2.606248e-06 0.293877
23.652000 7.276977e+00 8.865499e-06 2.610435e-06 0.294449
23.653000 7.277316e+00 8.862485e-06 2.609576e-06 0.294452
23.654000 7.277655e+00 8.859472e-06 2.613611e-06 0.295008
23.655000 7.277994e+00 8.856460e-06 2.607857e-06 0.294458
23.656000 7.278334e+00 8.853450e-06 2.613497e-06 0.295195
23.657000 7.278673e+00 8.850440e-06 2.601102e-06 0.293895
23.658000 7.279012e+00 8.847432e-06 2.611777e-06 0.295202
23.659000 7.279351e+00 8.844425e-06 2.606029e-06 0.294652
23.660000 7.279691e+00 8.841419e-06 2.614804e-06 0.295745
23.661000 7.280030e+00 8.838414e-06 2.607595e-06 0.295030
23.662000 7.280369e+00 8.835411e-06 2.606737e-06 0.295033
23.663000 7.280708e+00 8.832409e-06 2.607482e-06 0.295218
23.664000 7.281047e+00 8.829408e-06 2.615974e-06 0.296280
23.665000 7.281386e+00 8.826408e-06 2.604165e-06 0.295042
23.666000 7.281725e+00 8.823409e-06 2.588226e-06 0.293336
23.667000 7.282065e+00 8.820412e-06 2.597576e-06 0.294496
23.668000 7.282404e+00 8.817415e-06 2.596721e-06 0.294499
23.669000 7.282743e+00 8.814420e-06 2.585671e-06 0.293346
23.670000 7.283082e+00 8.811426e-06 2.599885e-06 0.295058
23.671000 7.283421e+00 8.808434e-06 2.594160e-06 0.294509
23.672000 7.283760e+00 8.805442e-06 2.593306e-06 0.294512
23.673000 7.284099e+00 8.802452e-06 2.594050e-06 0.294696
23.674000 7.284438e+00 8.799463e-06 2.598062e-06 0.295252
23.675000 7.284777e+00 8.796475e-06 2.587333e-06 0.294133
23.676000 7.285116e+00 8.793488e-06 2.599483e-06 0.295615
23.677000 7.285455e+00 8.790502e-06 2.584037e-06 0.293958
23.678000 7.285794e+00 8.787518e-06 2.588194e-06 0.294531
23.679000 7.286133e+00 8.784535e-06 2.598514e-06 0.295806
23.680000 7.286472e+00 8.781553e-06 2.596067e-06 0.295627
23.681000 7.286811e+00 8.778572e-06 2.592089e-06 0.295275
23.682000 7.287150e+00 8.775592e-06 2.574636e-06 0.293386
23.683000 7.287489e+00 8.772614e-06 2.583943e-06 0.294546
23.684000 7.287828e+00 8.769637e-06 2.583093e-06 0.294550
23.685000 7.288167e+00 8.766660e-06 2.591805e-06 0.295643
23.686000 7.288506e+00 8.763686e-06 2.581396e-06 0.294556
23.687000 7.288844e+00 8.760712e-06 2.575555e-06 0.293989
23.688000 7.289183e+00 8.757739e-06 2.574708e-06 0.293992
23.689000 7.289522e+00 8.754768e-06 2.578852e-06 0.294565
23.690000 7.289861e+00 8.751798e-06 2.582847e-06 0.295122
23.691000 7.290200e+00 8.748829e-06 2.573757e-06 0.294183
23.692000 7.290539e+00 8.745861e-06 2.571326e-06 0.294005
23.693000 7.290877e+00 8.742894e-06 2.580303e-06 0.295131
23.694000 7.291216e+00 8.739929e-06 2.576203e-06 0.294763
23.695000 7.291555e+00 8.736964e-06 2.573773e-06 0.294584
23.696000 7.291894e+00 8.734001e-06 2.567948e-06 0.294017
23.697000 7.292233e+00 8.731039e-06 2.578498e-06 0.295325
23.698000 7.292571e+00 8.728079e-06 2.566262e-06 0.294024
23.699000 7.292910e+00 8.725119e-06 2.570394e-06 0.294597
23.700000 7.293249e+00 8.722161e-06 2.569550e-06 0.294600
23.701000 7.293588e+00 8.719203e-06 2.570287e-06 0.294785
23.702000 7.293926e+00 8.716247e-06 2.567863e-06 0.294606
23.703000 7.294265e+00 8.713292e-06 2.578108e-06 0.295882
23.704000 7.294604e+00 8.710339e-06 2.566177e-06 0.294613
23.705000 7.294942e+00 8.707386e-06 2.560369e-06 0.294046
23.706000 7.295281e+00 8.704435e-06 2.559528e-06 0.294049
23.707000 7.295620e+00 8.701485e-06 2.570046e-06 0.295357
23.708000 7.295958e+00 8.698536e-06 2.569203e-06 0.295360
23.709000 7.296297e+00 8.695588e-06 2.573037e-06 0.295901
23.710000 7.296636e+00 8.692641e-06 2.556170e-06 0.294061
23.711000 7.296974e+00 8.689695e-06 2.560288e-06 0.294635
23.712000 7.297313e+00 8.686751e-06 2.568931e-06 0.295730
23.713000 7.297651e+00 8.683808e-06 2.558608e-06 0.294641
23.714000 7.297990e+00 8.680866e-06 2.552816e-06 0.294074
23.715000 7.298329e+00 8.677925e-06 2.561736e-06 0.295201
23.716000 7.298667e+00 8.674985e-06 2.567135e-06 0.295924
23.717000 7.299006e+00 8.672047e-06 2.569258e-06 0.296269
23.718000 7.299344e+00 8.669109e-06 2.559216e-06 0.295211
23.719000 7.299683e+00 8.666173e-06 2.563040e-06 0.295752
23.720000 7.300021e+00 8.663238e-06 2.547796e-06 0.294093
23.721000 7.300360e+00 8.660304e-06 2.546960e-06 0.294096
23.722000 7.300698e+00 8.657372e-06 2.546125e-06 0.294099
23.723000 7.301037e+00 8.654440e-06 2.550229e-06 0.294673
23.724000 7.301375e+00 8.651510e-06 2.554186e-06 0.295230
23.725000 7.301714e+00 8.648581e-06 2.538531e-06 0.293520
23.726000 7.302052e+00 8.645652e-06 2.537698e-06 0.293523
23.727000 7.302390e+00 8.642726e-06 2.557893e-06 0.295959
23.728000 7.302729e+00 8.639800e-06 2.550839e-06 0.295243
23.729000 7.303067e+00 8.636875e-06 2.550003e-06 0.295246
23.730000 7.303406e+00 8.633952e-06 2.549167e-06 0.295249
23.731000 7.303744e+00 8.631030e-06 2.549896e-06 0.295434
23.732000 7.304082e+00 8.628109e-06 2.542716e-06 0.294701
23.733000 7.304421e+00 8.625189e-06 2.551306e-06 0.295797
23.734000 7.304759e+00 8.622270e-06 2.536127e-06 0.294137
23.735000 7.305097e+00 8.619352e-06 2.540217e-06 0.294711
23.736000 7.305436e+00 8.616436e-06 2.534465e-06 0.294143
23.737000 7.305774e+00 8.613520e-06 2.528563e-06 0.293557
23.738000 7.306112e+00 8.610606e-06 2.542494e-06 0.295275
23.739000 7.306451e+00 8.607693e-06 2.526906e-06 0.293564
23.740000 7.306789e+00 8.604781e-06 2.536059e-06 0.294727
23.741000 7.307127e+00 8.601871e-06 2.544630e-06 0.295823
23.742000 7.307465e+00 8.598961e-06 2.534399e-06 0.294733
23.743000 7.307804e+00 8.596053e-06 2.533569e-06 0.294736
23.744000 7.308142e+00 8.593146e-06 2.532739e-06 0.294739
23.745000 7.308480e+00 8.590240e-06 2.533466e-06 0.294924
23.746000 7.308818e+00 8.587335e-06 2.521117e-06 0.293586
23.747000 7.309157e+00 8.584431e-06 2.530252e-06 0.294749
23.748000 7.309495e+00 8.581528e-06 2.524521e-06 0.294181
23.749000 7.309833e+00 8.578627e-06 2.528596e-06 0.294755
23.750000 7.310171e+00 8.575726e-06 2.517816e-06 0.293598
23.751000 7.310509e+00 8.572827e-06 2.531695e-06 0.295316
23.752000 7.310847e+00 8.569929e-06 2.530867e-06 0.295319
23.753000 7.311186e+00 8.567032e-06 2.534654e-06 0.295861
23.754000 7.311524e+00 8.564137e-06 2.530762e-06 0.295507
23.755000 7.311862e+00 8.561242e-06 2.528383e-06 0.295329
23.756000 7.312200e+00 8.558348e-06 2.522809e-06 0.294778
23.757000 7.312538e+00 8.555456e-06 2.512052e-06 0.293620
23.758000 7.312876e+00 8.552565e-06 2.521158e-06 0.294784
23.759000 7.313214e+00 8.549675e-06 2.520333e-06 0.294787
23.760000 7.313552e+00 8.546786e-06 2.516172e-06 0.294400
23.761000 7.313890e+00 8.543898e-06 2.508766e-06 0.293632
23.762000 7.314228e+00 8.541012e-06 2.527203e-06 0.295890
23.763000 7.314566e+00 8.538126e-06 2.518584e-06 0.294981
23.764000 7.314904e+00 8.535242e-06 2.506304e-06 0.293642
23.765000 7.315242e+00 8.532359e-06 2.510514e-06 0.294234
23.766000 7.315580e+00 8.529477e-06 2.525444e-06 0.296084
23.767000 7.315918e+00 8.526596e-06 2.513747e-06 0.294812
23.768000 7.316256e+00 8.523716e-06 2.517655e-06 0.295371
23.769000 7.316594e+00 8.520838e-06 2.502208e-06 0.293657
23.770000 7.316932e+00 8.517960e-06 2.511282e-06 0.294822
23.771000 7.317270e+00 8.515084e-06 2.510461e-06 0.294825
23.772000 7.317608e+00 8.512209e-06 2.509640e-06 0.294828
23.773000 7.317946e+00 8.509335e-06 2.508820e-06 0.294832
23.774000 7.318284e+00 8.506462e-06 2.503136e-06 0.294263
23.775000 7.318621e+00 8.503590e-06 2.511901e-06 0.295393
23.776000 7.318959e+00 8.500719e-06 2.506361e-06 0.294841
23.777000 7.319297e+00 8.497850e-06 2.523631e-06 0.296973
23.778000 7.319635e+00 8.494981e-06 2.499865e-06 0.294275
23.779000 7.319973e+00 8.492114e-06 2.499048e-06 0.294279
23.780000 7.320311e+00 8.489248e-06 2.507800e-06 0.295409
23.781000 7.320648e+00 8.486383e-06 2.502269e-06 0.294857
23.782000 7.320986e+00 8.483519e-06 2.496599e-06 0.294288
23.783000 7.321324e+00 8.480657e-06 2.509918e-06 0.295958
23.784000 7.321662e+00 8.477795e-06 2.499818e-06 0.294867
23.785000 7.322000e+00 8.474935e-06 2.499001e-06 0.294870
23.786000 7.322337e+00 8.472075e-06 2.502890e-06 0.295428
23.787000 7.322675e+00 8.469217e-06 2.497369e-06 0.294876
23.788000 7.323013e+00 8.466360e-06 2.496554e-06 0.294879
23.789000 7.323351e+00 8.463504e-06 2.490896e-06 0.294310
23.790000 7.323688e+00 8.460649e-06 2.490082e-06 0.294313
23.791000 7.324026e+00 8.457796e-06 2.504901e-06 0.296165
23.792000 7.324364e+00 8.454943e-06 2.483467e-06 0.293730
23.793000 7.324701e+00 8.452092e-06 2.497176e-06 0.295451
23.794000 7.325039e+00 8.449241e-06 2.491667e-06 0.294898
23.795000 7.325377e+00 8.446392e-06 2.501633e-06 0.296178
23.796000 7.325714e+00 8.443544e-06 2.496260e-06 0.295641
23.797000 7.326052e+00 8.440697e-06 2.493917e-06 0.295463
23.798000 7.326390e+00 8.437851e-06 2.488416e-06 0.294911
23.799000 7.326727e+00 8.435007e-06 2.477796e-06 0.293752
23.800000 7.327065e+00 8.432163e-06 2.486792e-06 0.294917
23.801000 7.327402e+00 8.429321e-06 2.492190e-06 0.295657
23.802000 7.327740e+00 8.426480e-06 2.489852e-06 0.295479
23.803000 7.328077e+00 8.423639e-06 2.484359e-06 0.294927
23.804000 7.328415e+00 8.420800e-06 2.488227e-06 0.295486
23.805000 7.328752e+00 8.417962e-06 2.491960e-06 0.296029
23.806000 7.329090e+00 8.415126e-06 2.481928e-06 0.294937
23.807000 7.329428e+00 8.412290e-06 2.490335e-06 0.296035
23.808000 7.329765e+00 8.409455e-06 2.484983e-06 0.295499
23.809000 7.330103e+00 8.406622e-06 2.481022e-06 0.295127
23.810000 7.330440e+00 8.403790e-06 2.473879e-06 0.294377
23.811000 7.330777e+00 8.400958e-06 2.487089e-06 0.296048
23.812000 7.331115e+00 8.398128e-06 2.490687e-06 0.296576
23.813000 7.331452e+00 8.395299e-06 2.476268e-06 0.294959
23.814000 7.331790e+00 8.392471e-06 2.465697e-06 0.293799
23.815000 7.332127e+00 8.389645e-06 2.479318e-06 0.295521
23.816000 7.332465e+00 8.386819e-06 2.473847e-06 0.294968
23.817000 7.332802e+00 8.383995e-06 2.463285e-06 0.293808
23.818000 7.333139e+00 8.381171e-06 2.473751e-06 0.295156
23.819000 7.333477e+00 8.378349e-06 2.480612e-06 0.296074
23.820000 7.333814e+00 8.375528e-06 2.470623e-06 0.294981
23.821000 7.334151e+00 8.372708e-06 2.474474e-06 0.295540
23.822000 7.334489e+00 8.369889e-06 2.464218e-06 0.294415
23.823000 7.334826e+00 8.367071e-06 2.468208e-06 0.294991
23.824000 7.335163e+00 8.364254e-06 2.476574e-06 0.296090
23.825000 7.335501e+00 8.361439e-06 2.456868e-06 0.293833
23.826000 7.335838e+00 8.358624e-06 2.465797e-06 0.295000
23.827000 7.336175e+00 8.355811e-06 2.469641e-06 0.295560
23.828000 7.336513e+00 8.352998e-06 2.459404e-06 0.294434
23.829000 7.336850e+00 8.350187e-06 2.463388e-06 0.295010
23.830000 7.337187e+00 8.347377e-06 2.452868e-06 0.293849
23.831000 7.337524e+00 8.344568e-06 2.466425e-06 0.295573
23.832000 7.337862e+00 8.341760e-06 2.460982e-06 0.295019
23.833000 7.338199e+00 8.338954e-06 2.466328e-06 0.295760
23.834000 7.338536e+00 8.336148e-06 2.449673e-06 0.293862
23.835000 7.338873e+00 8.333343e-06 2.458578e-06 0.295029
23.836000 7.339210e+00 8.330540e-06 2.457778e-06 0.295032
23.837000 7.339548e+00 8.327738e-06 2.447280e-06 0.293871
23.838000 7.339885e+00 8.324936e-06 2.456178e-06 0.295039
23.839000 7.340222e+00 8.322136e-06 2.445687e-06 0.293877
23.840000 7.340559e+00 8.319337e-06 2.459208e-06 0.295601
23.841000 7.340896e+00 8.316539e-06 2.462903e-06 0.296145
23.842000 7.341233e+00 8.313743e-06 2.457608e-06 0.295608
23.843000 7.341570e+00 8.310947e-06 2.456808e-06 0.295611
23.844000 7.341907e+00 8.308152e-06 2.460500e-06 0.296155
23.845000 7.342244e+00 8.305359e-06 2.450587e-06 0.295061
23.846000 7.342582e+00 8.302566e-06 2.445029e-06 0.294491
23.847000 7.342919e+00 8.299775e-06 2.453613e-06 0.295624
23.848000 7.343256e+00 8.296985e-06 2.448196e-06 0.295071
23.849000 7.343593e+00 8.294196e-06 2.452017e-06 0.295630
23.850000 7.343930e+00 8.291408e-06 2.441848e-06 0.294503
23.851000 7.344267e+00 8.288621e-06 2.441053e-06 0.294507
23.852000 7.344604e+00 8.285835e-06 2.449625e-06 0.295640
23.853000 7.344941e+00 8.283050e-06 2.444217e-06 0.295087
23.854000 7.345278e+00 8.280267e-06 2.443422e-06 0.295090
23.855000 7.345615e+00 8.277484e-06 2.451713e-06 0.296191
23.856000 7.345952e+00 8.274703e-06 2.432190e-06 0.293931
23.857000 7.346288e+00 8.271923e-06 2.441039e-06 0.295099
23.858000 7.346625e+00 8.269143e-06 2.436996e-06 0.294710
23.859000 7.346962e+00 8.266365e-06 2.434709e-06 0.294532
23.860000 7.347299e+00 8.263588e-06 2.447731e-06 0.296207
23.861000 7.347636e+00 8.260812e-06 2.442467e-06 0.295669
23.862000 7.347973e+00 8.258037e-06 2.437074e-06 0.295115
23.863000 7.348310e+00 8.255264e-06 2.436282e-06 0.295119
23.864000 7.348647e+00 8.252491e-06 2.435490e-06 0.295122
23.865000 7.348984e+00 8.249719e-06 2.434698e-06 0.295125
23.866000 7.349320e+00 8.246949e-06 2.438501e-06 0.295685
23.867000 7.349657e+00 8.244179e-06 2.446505e-06 0.296755
23.868000 7.349994e+00 8.241411e-06 2.436916e-06 0.295692
23.869000 7.350331e+00 8.238644e-06 2.426806e-06 0.294564
23.870000 7.350668e+00 8.235878e-06 2.435333e-06 0.295698
23.871000 7.351004e+00 8.233113e-06 2.443328e-06 0.296768
23.872000 7.351341e+00 8.230349e-06 2.419569e-06 0.293981
23.873000 7.351678e+00 8.227586e-06 2.428377e-06 0.295151
23.874000 7.352015e+00 8.224824e-06 2.432171e-06 0.295711
23.875000 7.352351e+00 8.222063e-06 2.431381e-06 0.295714
23.876000 7.352688e+00 8.219304e-06 2.435040e-06 0.296259
23.877000 7.353025e+00 8.216545e-06 2.434249e-06 0.296262
23.878000 7.353362e+00 8.213788e-06 2.414856e-06 0.294000
23.879000 7.353698e+00 8.211031e-06 2.418934e-06 0.294596
23.880000 7.354035e+00 8.208276e-06 2.413287e-06 0.294007
23.881000 7.354372e+00 8.205522e-06 2.426648e-06 0.295734
23.882000 7.354708e+00 8.202769e-06 2.430301e-06 0.296278
23.883000 7.355045e+00 8.200017e-06 2.415793e-06 0.294608
23.884000 7.355381e+00 8.197266e-06 2.415009e-06 0.294612
23.885000 7.355718e+00 8.194516e-06 2.414225e-06 0.294615
23.886000 7.356055e+00 8.191767e-06 2.422713e-06 0.295750
23.887000 7.356391e+00 8.189020e-06 2.417361e-06 0.295195
23.888000 7.356728e+00 8.186273e-06 2.411874e-06 0.294624
23.889000 7.357064e+00 8.183528e-06 2.424786e-06 0.296301
23.890000 7.357401e+00 8.180783e-06 2.419570e-06 0.295763
23.891000 7.357738e+00 8.178040e-06 2.414225e-06 0.295208
23.892000 7.358074e+00 8.175297e-06 2.418000e-06 0.295769
23.893000 7.358411e+00 8.172556e-06 2.417216e-06 0.295772
23.894000 7.358747e+00 8.169816e-06 2.407182e-06 0.294643
23.895000 7.359084e+00 8.167077e-06 2.411094e-06 0.295221
23.896000 7.359420e+00 8.164339e-06 2.410311e-06 0.295224
23.897000 7.359757e+00 8.161602e-06 2.400003e-06 0.294060
23.898000 7.360093e+00 8.158866e-06 2.413298e-06 0.295788
23.899000 7.360430e+00 8.156131e-06 2.412516e-06 0.295792
23.900000 7.360766e+00 8.153398e-06 2.416150e-06 0.296337
23.901000 7.361102e+00 8.150665e-06 2.396890e-06 0.294073
23.902000 7.361439e+00 8.147934e-06 2.391127e-06 0.293464
23.903000 7.361775e+00 8.145203e-06 2.404845e-06 0.295247
23.904000 7.362112e+00 8.142474e-06 2.404065e-06 0.295250
23.905000 7.362448e+00 8.139745e-06 2.398607e-06 0.294678
23.906000 7.362784e+00 8.137018e-06 2.397829e-06 0.294682
23.907000 7.363121e+00 8.134292e-06 2.397052e-06 0.294685
23.908000 7.363457e+00 8.131567e-06 2.400950e-06 0.295263
23.909000 7.363793e+00 8.128843e-06 2.400171e-06 0.295266
23.910000 7.364130e+00 8.126120e-06 2.399393e-06 0.295269
23.911000 7.364466e+00 8.123398e-06 2.393945e-06 0.294698
23.912000 7.364802e+00 8.120677e-06 2.402370e-06 0.295834
23.913000 7.365139e+00 8.117957e-06 2.397062e-06 0.295279
23.914000 7.365475e+00 8.115239e-06 2.396285e-06 0.295282
23.915000 7.365811e+00 8.112521e-06 2.390844e-06 0.294710
23.916000 7.366148e+00 8.109804e-06 2.394732e-06 0.295289
23.917000 7.366484e+00 8.107089e-06 2.393957e-06 0.295292
23.918000 7.366820e+00 8.104375e-06 2.397704e-06 0.295853
23.919000 7.367156e+00 8.101661e-06 2.396928e-06 0.295856
23.920000 7.367492e+00 8.098949e-06 2.391631e-06 0.295301
23.921000 7.367829e+00 8.096238e-06 2.395375e-06 0.295863
23.922000 7.368165e+00 8.093527e-06 2.390082e-06 0.295308
23.923000 7.368501e+00 8.090818e-06 2.374899e-06 0.293530
23.924000 7.368837e+00 8.088110e-06 2.379083e-06 0.294146
23.925000 7.369173e+00 8.085403e-06 2.378313e-06 0.294149
23.926000 7.369510e+00 8.082697e-06 2.382338e-06 0.294745
23.927000 7.369846e+00 8.079993e-06 2.381567e-06 0.294749
23.928000 7.370182e+00 8.077289e-06 2.376003e-06 0.294158
23.929000 7.370518e+00 8.074586e-06 2.393557e-06 0.296431
23.930000 7.370854e+00 8.071884e-06 2.383898e-06 0.295334
23.931000 7.371190e+00 8.069184e-06 2.383127e-06 0.295337
23.932000 7.371526e+00 8.066484e-06 2.386860e-06 0.295898
23.933000 7.371862e+00 8.063786e-06 2.386087e-06 0.295902
23.934000 7.372198e+00 8.061088e-06 2.376175e-06 0.294771
23.935000 7.372534e+00 8.058392e-06 2.375406e-06 0.294774
23.936000 7.372870e+00 8.055696e-06 2.383772e-06 0.295911
23.937000 7.373206e+00 8.053002e-06 2.378503e-06 0.295356
23.938000 7.373542e+00 8.050309e-06 2.382230e-06 0.295918
23.939000 7.373878e+00 8.047617e-06 2.381459e-06 0.295921
23.940000 7.374214e+00 8.044926e-06 2.380689e-06 0.295924
23.941000 7.374550e+00 8.042236e-06 2.370798e-06 0.294793
23.942000 7.374886e+00 8.039547e-06 2.374658e-06 0.295372
23.943000 7.375222e+00 8.036859e-06 2.378380e-06 0.295934
23.944000 7.375558e+00 8.034172e-06 2.368497e-06 0.294803
23.945000 7.375894e+00 8.031486e-06 2.381200e-06 0.296483
23.946000 7.376230e+00 8.028801e-06 2.376074e-06 0.295944
23.947000 7.376566e+00 8.026118e-06 2.379661e-06 0.296490
23.948000 7.376902e+00 8.023435e-06 2.370054e-06 0.295391
23.949000 7.377238e+00 8.020753e-06 2.364670e-06 0.294819
23.950000 7.377574e+00 8.018073e-06 2.368522e-06 0.295398
23.951000 7.377909e+00 8.015393e-06 2.367756e-06 0.295401
23.952000 7.378245e+00 8.012715e-06 2.371469e-06 0.295963
23.953000 7.378581e+00 8.010037e-06 2.361613e-06 0.294832
23.954000 7.378917e+00 8.007361e-06 2.360850e-06 0.294835
23.955000 7.379253e+00 8.004686e-06 2.355332e-06 0.294244
23.956000 7.379589e+00 8.002011e-06 2.368405e-06 0.295976
23.957000 7.379924e+00 7.999338e-06 2.363168e-06 0.295420
23.958000 7.380260e+00 7.996666e-06 2.357799e-06 0.294848
23.959000 7.380596e+00 7.993995e-06 2.366110e-06 0.295986
23.960000 7.380932e+00 7.991325e-06 2.356275e-06 0.294854
23.961000 7.381267e+00 7.988656e-06 2.364581e-06 0.295992
23.962000 7.381603e+00 7.985988e-06 2.350008e-06 0.294266
23.963000 7.381939e+00 7.983321e-06 2.358591e-06 0.295440
23.964000 7.382275e+00 7.980655e-06 2.348489e-06 0.294273
23.965000 7.382610e+00 7.977990e-06 2.361528e-06 0.296005
23.966000 7.382946e+00 7.975326e-06 2.360765e-06 0.296009
23.967000 7.383282e+00 7.972663e-06 2.350951e-06 0.294877
23.968000 7.383617e+00 7.970001e-06 2.359241e-06 0.296015
23.969000 7.383953e+00 7.967341e-06 2.358479e-06 0.296018
23.970000 7.384289e+00 7.964681e-06 2.334003e-06 0.293044
23.971000 7.384624e+00 7.962023e-06 2.356957e-06 0.296025
23.972000 7.384960e+00 7.959365e-06 2.360519e-06 0.296571
23.973000 7.385295e+00 7.956708e-06 2.355435e-06 0.296031
23.974000 7.385631e+00 7.954053e-06 2.350226e-06 0.295475
23.975000 7.385967e+00 7.951398e-06 2.340158e-06 0.294308
23.976000 7.386302e+00 7.948745e-06 2.353155e-06 0.296041
23.977000 7.386638e+00 7.946093e-06 2.347951e-06 0.295485
23.978000 7.386973e+00 7.943441e-06 2.342615e-06 0.294912
23.979000 7.387309e+00 7.940791e-06 2.346436e-06 0.295491
23.980000 7.387644e+00 7.938142e-06 2.350119e-06 0.296054
23.981000 7.387980e+00 7.935494e-06 2.344922e-06 0.295498
23.982000 7.388315e+00 7.932846e-06 2.344165e-06 0.295501
23.983000 7.388651e+00 7.930200e-06 2.338837e-06 0.294928
23.984000 7.388986e+00 7.927555e-06 2.338082e-06 0.294931
23.985000 7.389322e+00 7.924911e-06 2.341897e-06 0.295511
23.986000 7.389657e+00 7.922268e-06 2.339642e-06 0.295325
23.987000 7.389993e+00 7.919626e-06 2.331110e-06 0.294346
23.988000 7.390328e+00 7.916985e-06 2.335066e-06 0.294944
23.989000 7.390664e+00 7.914345e-06 2.334313e-06 0.294947
23.990000 7.390999e+00 7.911706e-06 2.333560e-06 0.294950
23.991000 7.391334e+00 7.909068e-06 2.337369e-06 0.295530
23.992000 7.391670e+00 7.906431e-06 2.332055e-06 0.294957
23.993000 7.392005e+00 7.903795e-06 2.316730e-06 0.293116
23.994000 7.392341e+00 7.901161e-06 2.324355e-06 0.294179
23.995000 7.392676e+00 7.898527e-06 2.334356e-06 0.295543
23.996000 7.393011e+00 7.895894e-06 2.333603e-06 0.295546
23.997000 7.393347e+00 7.893262e-06 2.332851e-06 0.295550
23.998000 7.393682e+00 7.890632e-06 2.332099e-06 0.295553
23.999000 7.394017e+00 7.888002e-06 2.326796e-06 0.294979
24.000000 7.394352e+00 7.885373e-06 2.330596e-06 0.295559
