0.500000 1.492531e-04 7.291019e+06 6.966701e+06 0.955518
0.506000 1.528564e-04 6.951175e+06 6.640659e+06 0.955329
0.512000 1.565027e-04 6.630899e+06 6.333451e+06 0.955142
0.518000 1.601920e-04 6.328854e+06 6.043786e+06 0.954957
0.524000 1.639242e-04 6.043809e+06 5.770476e+06 0.954775
0.530000 1.676995e-04 5.774628e+06 5.512427e+06 0.954594
0.536000 1.715176e-04 5.520265e+06 5.268628e+06 0.954416
0.542000 1.753788e-04 5.279751e+06 5.038146e+06 0.954239
0.548000 1.792829e-04 5.052190e+06 4.820117e+06 0.954065
0.554000 1.832300e-04 4.836756e+06 4.613743e+06 0.953892
0.560000 1.872201e-04 4.632680e+06 4.418286e+06 0.953721
0.566000 1.912531e-04 4.439252e+06 4.233059e+06 0.953552
0.572000 1.953291e-04 4.255812e+06 4.057428e+06 0.953385
0.578000 1.994480e-04 4.081747e+06 3.890802e+06 0.953220
0.584000 2.036100e-04 3.916489e+06 3.732633e+06 0.953056
0.590000 2.078149e-04 3.759507e+06 3.582412e+06 0.952894
0.596000 2.120627e-04 3.610310e+06 3.439664e+06 0.952734
0.602000 2.163535e-04 3.468440e+06 3.303948e+06 0.952575
0.608000 2.206873e-04 3.333468e+06 3.174853e+06 0.952418
0.614000 2.250640e-04 3.204995e+06 3.051995e+06 0.952262
0.620000 2.294838e-04 3.082651e+06 2.935016e+06 0.952108
0.626000 2.339464e-04 2.966088e+06 2.823582e+06 0.951955
0.632000 2.384521e-04 2.854980e+06 2.717381e+06 0.951804
0.638000 2.430007e-04 2.749024e+06 2.616121e+06 0.951654
0.644000 2.475922e-04 2.647937e+06 2.519528e+06 0.951506
0.650000 2.522267e-04 2.551453e+06 2.427347e+06 0.951359
0.656000 2.569042e-04 2.459321e+06 2.339339e+06 0.951213
0.662000 2.616246e-04 2.371310e+06 2.255279e+06 0.951069
0.668000 2.663880e-04 2.287198e+06 2.174956e+06 0.950926
0.674000 2.711944e-04 2.206782e+06 2.098174e+06 0.950784
0.680000 2.760437e-04 2.129868e+06 2.024746e+06 0.950644
0.686000 2.809360e-04 2.056275e+06 1.954498e+06 0.950505
0.692000 2.858712e-04 1.985831e+06 1.887267e+06 0.950367
0.698000 2.908494e-04 1.918377e+06 1.822899e+06 0.950230
0.704000 2.958705e-04 1.853762e+06 1.761248e+06 0.950094
0.710000 3.009346e-04 1.791843e+06 1.702179e+06 0.949960
0.716000 3.060417e-04 1.732487e+06 1.645562e+06 0.949826
0.722000 3.111917e-04 1.675568e+06 1.591277e+06 0.949694
0.728000 3.163846e-04 1.620966e+06 1.539209e+06 0.949563
0.734000 3.216205e-04 1.568569e+06 1.489251e+06 0.949433
0.740000 3.268994e-04 1.518271e+06 1.441301e+06 0.949304
0.746000 3.322212e-04 1.469972e+06 1.395262e+06 0.949176
0.752000 3.375860e-04 1.423578e+06 1.351045e+06 0.949049
0.758000 3.429937e-04 1.378999e+06 1.308564e+06 0.948923
0.764000 3.484443e-04 1.336150e+06 1.267737e+06 0.948798
0.770000 3.539380e-04 1.294952e+06 1.228488e+06 0.948674
0.776000 3.594745e-04 1.255329e+06 1.190744e+06 0.948551
0.782000 3.650540e-04 1.217209e+06 1.154436e+06 0.948429
0.788000 3.706765e-04 1.180524e+06 1.119500e+06 0.948308
0.794000 3.763419e-04 1.145210e+06 1.085874e+06 0.948188
0.800000 3.820503e-04 1.111206e+06 1.053500e+06 0.948069
0.806000 3.878016e-04 1.078454e+06 1.022321e+06 0.947951
0.812000 3.935958e-04 1.046899e+06 9.922858e+05 0.947833
0.818000 3.994330e-04 1.016490e+06 9.633440e+05 0.947716
0.824000 4.053131e-04 9.871754e+05 9.354482e+05 0.947601
0.830000 4.112362e-04 9.589098e+05 9.085535e+05 0.947486
0.836000 4.172022e-04 9.316480e+05 8.826170e+05 0.947372
0.842000 4.232112e-04 9.053476e+05 8.575982e+05 0.947259
0.848000 4.292631e-04 8.799682e+05 8.334584e+05 0.947146
0.854000 4.353579e-04 8.554713e+05 8.101608e+05 0.947034
0.860000 4.414957e-04 8.318204e+05 7.876704e+05 0.946924
0.866000 4.476765e-04 8.089807e+05 7.659539e+05 0.946814
0.872000 4.539001e-04 7.869191e+05 7.449796e+05 0.946704
0.878000 4.601667e-04 7.656039e+05 7.247173e+05 0.946596
0.884000 4.664763e-04 7.450051e+05 7.051382e+05 0.946488
0.890000 4.728287e-04 7.250939e+05 6.862149e+05 0.946381
0.896000 4.792241e-04 7.058430e+05 6.679212e+05 0.946274
0.902000 4.856625e-04 6.872264e+05 6.502321e+05 0.946169
0.908000 4.921438e-04 6.692191e+05 6.331239e+05 0.946064
0.914000 4.986680e-04 6.517972e+05 6.165738e+05 0.945960
0.920000 5.052351e-04 6.349383e+05 6.005602e+05 0.945856
0.926000 5.118452e-04 6.186205e+05 5.850622e+05 0.945753
0.932000 5.184982e-04 6.028232e+05 5.700602e+05 0.945651
0.938000 5.251942e-04 5.875265e+05 5.555353e+05 0.945549
0.944000 5.319330e-04 5.727116e+05 5.414693e+05 0.945448
0.950000 5.387148e-04 5.583604e+05 5.278449e+05 0.945348
0.956000 5.455396e-04 5.444555e+05 5.146457e+05 0.945249
0.962000 5.524072e-04 5.309804e+05 5.018559e+05 0.945150
0.968000 5.593178e-04 5.179194e+05 4.894603e+05 0.945051
0.974000 5.662713e-04 5.052571e+05 4.774444e+05 0.944953
0.980000 5.732678e-04 4.929791e+05 4.657944e+05 0.944856
0.986000 5.803071e-04 4.810715e+05 4.544969e+05 0.944760
0.992000 5.873894e-04 4.695210e+05 4.435394e+05 0.944664
0.998000 5.945146e-04 4.583147e+05 4.329095e+05 0.944568
1.004000 6.016828e-04 4.474405e+05 4.225957e+05 0.944473
1.010000 6.088938e-04 4.368867e+05 4.125867e+05 0.944379
1.016000 6.161478e-04 4.266419e+05 4.028717e+05 0.944285
1.022000 6.234447e-04 4.166953e+05 3.934405e+05 0.944192
1.028000 6.307845e-04 4.070367e+05 3.842833e+05 0.944100
1.034000 6.381673e-04 3.976561e+05 3.753904e+05 0.944008
1.040000 6.455929e-04 3.885438e+05 3.667528e+05 0.943916
1.046000 6.530615e-04 3.796909e+05 3.583619e+05 0.943825
1.052000 6.605730e-04 3.710884e+05 3.502091e+05 0.943735
1.058000 6.681274e-04 3.627280e+05 3.422864e+05 0.943645
1.064000 6.757247e-04 3.546014e+05 3.345861e+05 0.943555
1.070000 6.833650e-04 3.467010e+05 3.271007e+05 0.943467
1.076000 6.910481e-04 3.390191e+05 3.198232e+05 0.943378
1.082000 6.987742e-04 3.315486e+05 3.127465e+05 0.943290
1.088000 7.065431e-04 3.242825e+05 3.058641e+05 0.943203
1.094000 7.143550e-04 3.172142e+05 2.991697e+05 0.943116
1.100000 7.222098e-04 3.103372e+05 2.926571e+05 0.943029
1.106000 7.301075e-04 3.036453e+05 2.863204e+05 0.942943
1.112000 7.380481e-04 2.971327e+05 2.801539e+05 0.942858
1.118000 7.460316e-04 2.907936e+05 2.741523e+05 0.942773
1.124000 7.540580e-04 2.846224e+05 2.683102e+05 0.942688
1.130000 7.621274e-04 2.786139e+05 2.626226e+05 0.942604
1.136000 7.702396e-04 2.727630e+05 2.570847e+05 0.942520
1.142000 7.783947e-04 2.670646e+05 2.516916e+05 0.942437
1.148000 7.865928e-04 2.615141e+05 2.464390e+05 0.942354
1.154000 7.948337e-04 2.561069e+05 2.413224e+05 0.942272
1.160000 8.031175e-04 2.508386e+05 2.363376e+05 0.942190
1.166000 8.114443e-04 2.457049e+05 2.314806e+05 0.942109
1.172000 8.198139e-04 2.407016e+05 2.267476e+05 0.942027
1.178000 8.282264e-04 2.358250e+05 2.221346e+05 0.941947
1.184000 8.366819e-04 2.310710e+05 2.176381e+05 0.941867
1.190000 8.451802e-04 2.264362e+05 2.132546e+05 0.941787
1.196000 8.537214e-04 2.219168e+05 2.089806e+05 0.941707
1.202000 8.623056e-04 2.175094e+05 2.048130e+05 0.941628
1.208000 8.709326e-04 2.132108e+05 2.007485e+05 0.941550
1.214000 8.796025e-04 2.090177e+05 1.967842e+05 0.941471
1.220000 8.883153e-04 2.049271e+05 1.929170e+05 0.941393
1.226000 8.970710e-04 2.009359e+05 1.891441e+05 0.941316
1.232000 9.058695e-04 1.970412e+05 1.854629e+05 0.941239
1.238000 9.147110e-04 1.932404e+05 1.818706e+05 0.941162
1.244000 9.235954e-04 1.895306e+05 1.783646e+05 0.941086
1.250000 9.325226e-04 1.859093e+05 1.749425e+05 0.941010
1.256000 9.414927e-04 1.823740e+05 1.716020e+05 0.940934
1.262000 9.505057e-04 1.789222e+05 1.683406e+05 0.940859
1.268000 9.595616e-04 1.755516e+05 1.651561e+05 0.940784
1.274000 9.686604e-04 1.722598e+05 1.620465e+05 0.940710
1.280000 9.778021e-04 1.690448e+05 1.590095e+05 0.940636
1.286000 9.869866e-04 1.659042e+05 1.560432e+05 0.940562
1.292000 9.962140e-04 1.628362e+05 1.531455e+05 0.940488
1.298000 1.005484e-03 1.598387e+05 1.503147e+05 0.940415
1.304000 1.014798e-03 1.569097e+05 1.475488e+05 0.940342
1.310000 1.024154e-03 1.540474e+05 1.448461e+05 0.940270
1.316000 1.033553e-03 1.512500e+05 1.422049e+05 0.940198
1.322000 1.042994e-03 1.485157e+05 1.396234e+05 0.940126
1.328000 1.052479e-03 1.458428e+05 1.371002e+05 0.940055
1.334000 1.062007e-03 1.432296e+05 1.346335e+05 0.939984
1.340000 1.071577e-03 1.406747e+05 1.322219e+05 0.939913
1.346000 1.081190e-03 1.381764e+05 1.298640e+05 0.939842
1.352000 1.090846e-03 1.357332e+05 1.275582e+05 0.939772
1.358000 1.100545e-03 1.333436e+05 1.253033e+05 0.939702
1.364000 1.110287e-03 1.310064e+05 1.230979e+05 0.939633
1.370000 1.120072e-03 1.287200e+05 1.209406e+05 0.939564
1.376000 1.129900e-03 1.264833e+05 1.188303e+05 0.939495
1.382000 1.139770e-03 1.242948e+05 1.167657e+05 0.939426
1.388000 1.149684e-03 1.221533e+05 1.147457e+05 0.939358
1.394000 1.159640e-03 1.200578e+05 1.127690e+05 0.939290
1.400000 1.169639e-03 1.180068e+05 1.108346e+05 0.939222
1.406000 1.179681e-03 1.159995e+05 1.089414e+05 0.939155
1.412000 1.189766e-03 1.140345e+05 1.070884e+05 0.939087
1.418000 1.199893e-03 1.121109e+05 1.052744e+05 0.939021
1.424000 1.210064e-03 1.102276e+05 1.034987e+05 0.938954
1.430000 1.220277e-03 1.083836e+05 1.017601e+05 0.938888
1.436000 1.230533e-03 1.065780e+05 1.000578e+05 0.938822
1.442000 1.240833e-03 1.048097e+05 9.839079e+04 0.938756
1.448000 1.251174e-03 1.030779e+05 9.675830e+04 0.938691
1.454000 1.261559e-03 1.013817e+05 9.515943e+04 0.938626
1.460000 1.271987e-03 9.972011e+04 9.359337e+04 0.938561
1.466000 1.282457e-03 9.809237e+04 9.205931e+04 0.938496
1.472000 1.292971e-03 9.649765e+04 9.055646e+04 0.938432
1.478000 1.303527e-03 9.493515e+04 8.908408e+04 0.938368
1.484000 1.314126e-03 9.340408e+04 8.764141e+04 0.938304
1.490000 1.324768e-03 9.190370e+04 8.622776e+04 0.938240
1.496000 1.335452e-03 9.043326e+04 8.484241e+04 0.938177
1.502000 1.346180e-03 8.899206e+04 8.348469e+04 0.938114
1.508000 1.356950e-03 8.757939e+04 8.215396e+04 0.938051
1.514000 1.367764e-03 8.619459e+04 8.084955e+04 0.937989
1.520000 1.378620e-03 8.483700e+04 7.957086e+04 0.937926
1.526000 1.389519e-03 8.350597e+04 7.831728e+04 0.937864
1.532000 1.400460e-03 8.220090e+04 7.708822e+04 0.937803
1.538000 1.411445e-03 8.092116e+04 7.588310e+04 0.937741
1.544000 1.422472e-03 7.966619e+04 7.470138e+04 0.937680
1.550000 1.433543e-03 7.843539e+04 7.354250e+04 0.937619
1.556000 1.444656e-03 7.722823e+04 7.240594e+04 0.937558
1.562000 1.455812e-03 7.604415e+04 7.129119e+04 0.937497
1.568000 1.467010e-03 7.488263e+04 7.019775e+04 0.937437
1.574000 1.478252e-03 7.374315e+04 6.912513e+04 0.937377
1.580000 1.489536e-03 7.262522e+04 6.807286e+04 0.937317
1.586000 1.500864e-03 7.152834e+04 6.704048e+04 0.937258
1.592000 1.512234e-03 7.045205e+04 6.602753e+04 0.937198
1.598000 1.523646e-03 6.939588e+04 6.503359e+04 0.937139
1.604000 1.535102e-03 6.835939e+04 6.405822e+04 0.937080
1.610000 1.546601e-03 6.734213e+04 6.310101e+04 0.937021
1.616000 1.558142e-03 6.634368e+04 6.216156e+04 0.936963
1.622000 1.569726e-03 6.536363e+04 6.123948e+04 0.936905
1.628000 1.581353e-03 6.440156e+04 6.033437e+04 0.936846
1.634000 1.593023e-03 6.345709e+04 5.944588e+04 0.936789
1.640000 1.604735e-03 6.252983e+04 5.857362e+04 0.936731
1.646000 1.616491e-03 6.161940e+04 5.771726e+04 0.936674
1.652000 1.628289e-03 6.072544e+04 5.687644e+04 0.936616
1.658000 1.640130e-03 5.984760e+04 5.605083e+04 0.936559
1.664000 1.652014e-03 5.898552e+04 5.524010e+04 0.936503
1.670000 1.663940e-03 5.813888e+04 5.444392e+04 0.936446
1.676000 1.675910e-03 5.730733e+04 5.366199e+04 0.936390
1.682000 1.687922e-03 5.649056e+04 5.289401e+04 0.936334
1.688000 1.699977e-03 5.568825e+04 5.213966e+04 0.936278
1.694000 1.712075e-03 5.490010e+04 5.139868e+04 0.936222
1.700000 1.724216e-03 5.412581e+04 5.067076e+04 0.936166
1.706000 1.736399e-03 5.336509e+04 4.995565e+04 0.936111
1.712000 1.748625e-03 5.261765e+04 4.925306e+04 0.936056
1.718000 1.760895e-03 5.188322e+04 4.856274e+04 0.936001
1.724000 1.773206e-03 5.116152e+04 4.788443e+04 0.935946
1.730000 1.785561e-03 5.045230e+04 4.721788e+04 0.935892
1.736000 1.797958e-03 4.975529e+04 4.656285e+04 0.935837
1.742000 1.810399e-03 4.907025e+04 4.591910e+04 0.935783
1.748000 1.822882e-03 4.839692e+04 4.528640e+04 0.935729
1.754000 1.835407e-03 4.773507e+04 4.466452e+04 0.935675
1.760000 1.847976e-03 4.708447e+04 4.405325e+04 0.935622
1.766000 1.860587e-03 4.644488e+04 4.345235e+04 0.935568
1.772000 1.873242e-03 4.581609e+04 4.286164e+04 0.935515
1.778000 1.885939e-03 4.519787e+04 4.228089e+04 0.935462
1.784000 1.898678e-03 4.459002e+04 4.170991e+04 0.935409
1.790000 1.911461e-03 4.399232e+04 4.114850e+04 0.935356
1.796000 1.924286e-03 4.340457e+04 4.059647e+04 0.935304
1.802000 1.937154e-03 4.282658e+04 4.005363e+04 0.935252
1.808000 1.950065e-03 4.225815e+04 3.951980e+04 0.935199
1.814000 1.963019e-03 4.169910e+04 3.899481e+04 0.935147
1.820000 1.976015e-03 4.114923e+04 3.847847e+04 0.935096
1.826000 1.989054e-03 4.060837e+04 3.797061e+04 0.935044
1.832000 2.002136e-03 4.007634e+04 3.747108e+04 0.934993
1.838000 2.015261e-03 3.955297e+04 3.697971e+04 0.934941
1.844000 2.028428e-03 3.903809e+04 3.649633e+04 0.934890
1.850000 2.041638e-03 3.853154e+04 3.602080e+04 0.934839
1.856000 2.054891e-03 3.803315e+04 3.555295e+04 0.934789
1.862000 2.068187e-03 3.754277e+04 3.509265e+04 0.934738
1.868000 2.081526e-03 3.706024e+04 3.463975e+04 0.934688
1.874000 2.094907e-03 3.658542e+04 3.419410e+04 0.934637
1.880000 2.108331e-03 3.611815e+04 3.375556e+04 0.934587
1.886000 2.121798e-03 3.565830e+04 3.332401e+04 0.934537
1.892000 2.135307e-03 3.520572e+04 3.289930e+04 0.934487
1.898000 2.148860e-03 3.476027e+04 3.248132e+04 0.934438
1.904000 2.162455e-03 3.432183e+04 3.206992e+04 0.934388
1.910000 2.176093e-03 3.389025e+04 3.166499e+04 0.934339
1.916000 2.189773e-03 3.346542e+04 3.126641e+04 0.934290
1.922000 2.203497e-03 3.304720e+04 3.087405e+04 0.934241
1.928000 2.217263e-03 3.263547e+04 3.048780e+04 0.934192
1.934000 2.231071e-03 3.223011e+04 3.010755e+04 0.934144
1.940000 2.244923e-03 3.183101e+04 2.973319e+04 0.934095
1.946000 2.258817e-03 3.143804e+04 2.936460e+04 0.934047
1.952000 2.272754e-03 3.105110e+04 2.900169e+04 0.933999
1.958000 2.286734e-03 3.067008e+04 2.864434e+04 0.933951
1.964000 2.300757e-03 3.029486e+04 2.829245e+04 0.933903
1.970000 2.314822e-03 2.992535e+04 2.794593e+04 0.933855
1.976000 2.328930e-03 2.956143e+04 2.760468e+04 0.933807
1.982000 2.343081e-03 2.920300e+04 2.726859e+04 0.933760
1.988000 2.357274e-03 2.884998e+04 2.693759e+04 0.933713
1.994000 2.371510e-03 2.850225e+04 2.661157e+04 0.933665
2.000000 2.385789e-03 2.815973e+04 2.629044e+04 0.933618
2.006000 2.400111e-03 2.782232e+04 2.597413e+04 0.933572
2.012000 2.414475e-03 2.748994e+04 2.566254e+04 0.933525
2.018000 2.428882e-03 2.716248e+04 2.535558e+04 0.933478
2.024000 2.443332e-03 2.683987e+04 2.505319e+04 0.933432
2.030000 2.457825e-03 2.652201e+04 2.475526e+04 0.933386
2.036000 2.472360e-03 2.620883e+04 2.446174e+04 0.933339
2.042000 2.486938e-03 2.590025e+04 2.417253e+04 0.933293
2.048000 2.501559e-03 2.559617e+04 2.388756e+04 0.933248
2.054000 2.516222e-03 2.529653e+04 2.360677e+04 0.933202
2.060000 2.530928e-03 2.500124e+04 2.333006e+04 0.933156
2.066000 2.545677e-03 2.471023e+04 2.305739e+04 0.933111
2.072000 2.560469e-03 2.442343e+04 2.278866e+04 0.933066
2.078000 2.575303e-03 2.414077e+04 2.252383e+04 0.933020
2.084000 2.590180e-03 2.386216e+04 2.226281e+04 0.932975
2.090000 2.605099e-03 2.358755e+04 2.200554e+04 0.932930
2.096000 2.620062e-03 2.331686e+04 2.175196e+04 0.932886
2.102000 2.635067e-03 2.305003e+04 2.150201e+04 0.932841
2.108000 2.650115e-03 2.278699e+04 2.125562e+04 0.932796
2.114000 2.665205e-03 2.252768e+04 2.101274e+04 0.932752
2.120000 2.680338e-03 2.227203e+04 2.077329e+04 0.932708
2.126000 2.695514e-03 2.201998e+04 2.053724e+04 0.932664
2.132000 2.710733e-03 2.177147e+04 2.030451e+04 0.932620
2.138000 2.725994e-03 2.152645e+04 2.007505e+04 0.932576
2.144000 2.741298e-03 2.128485e+04 1.984881e+04 0.932532
2.150000 2.756645e-03 2.104662e+04 1.962573e+04 0.932488
2.156000 2.772034e-03 2.081169e+04 1.940576e+04 0.932445
2.162000 2.787466e-03 2.058002e+04 1.918885e+04 0.932402
2.168000 2.802941e-03 2.035156e+04 1.897495e+04 0.932358
2.174000 2.818458e-03 2.012624e+04 1.876400e+04 0.932315
2.180000 2.834018e-03 1.990402e+04 1.855597e+04 0.932272
2.186000 2.849621e-03 1.968484e+04 1.835079e+04 0.932229
2.192000 2.865266e-03 1.946866e+04 1.814843e+04 0.932187
2.198000 2.880954e-03 1.925543e+04 1.794884e+04 0.932144
2.204000 2.896685e-03 1.904510e+04 1.775197e+04 0.932102
2.210000 2.912458e-03 1.883762e+04 1.755777e+04 0.932059
2.216000 2.928274e-03 1.863294e+04 1.736622e+04 0.932017
2.222000 2.944133e-03 1.843103e+04 1.717725e+04 0.931975
2.228000 2.960035e-03 1.823183e+04 1.699084e+04 0.931933
2.234000 2.975979e-03 1.803530e+04 1.680693e+04 0.931891
2.240000 2.991966e-03 1.784140e+04 1.662550e+04 0.931849
2.246000 3.007995e-03 1.765009e+04 1.644649e+04 0.931807
2.252000 3.024067e-03 1.746133e+04 1.626987e+04 0.931766
2.258000 3.040182e-03 1.727507e+04 1.609561e+04 0.931724
2.264000 3.056339e-03 1.709128e+04 1.592366e+04 0.931683
2.270000 3.072539e-03 1.690992e+04 1.575398e+04 0.931642
2.276000 3.088782e-03 1.673094e+04 1.558655e+04 0.931601
2.282000 3.105067e-03 1.655431e+04 1.542133e+04 0.931560
2.288000 3.121395e-03 1.638000e+04 1.525828e+04 0.931519
2.294000 3.137766e-03 1.620797e+04 1.509737e+04 0.931478
2.300000 3.154179e-03 1.603818e+04 1.493856e+04 0.931437
2.306000 3.170635e-03 1.587059e+04 1.478182e+04 0.931397
2.312000 3.187134e-03 1.570518e+04 1.462712e+04 0.931356
2.318000 3.203675e-03 1.554191e+04 1.447443e+04 0.931316
2.324000 3.220259e-03 1.538074e+04 1.432372e+04 0.931276
2.330000 3.236885e-03 1.522165e+04 1.417495e+04 0.931236
2.336000 3.253555e-03 1.506460e+04 1.402810e+04 0.931196
2.342000 3.270266e-03 1.490957e+04 1.388313e+04 0.931156
2.348000 3.287021e-03 1.475651e+04 1.374002e+04 0.931116
2.354000 3.303818e-03 1.460540e+04 1.359874e+04 0.931076
2.360000 3.320657e-03 1.445621e+04 1.345926e+04 0.931037
2.366000 3.337540e-03 1.430891e+04 1.332156e+04 0.930997
2.372000 3.354465e-03 1.416347e+04 1.318560e+04 0.930958
2.378000 3.371432e-03 1.401987e+04 1.305136e+04 0.930919
2.384000 3.388442e-03 1.387808e+04 1.291882e+04 0.930880
2.390000 3.405495e-03 1.373806e+04 1.278794e+04 0.930841
2.396000 3.422590e-03 1.359980e+04 1.265871e+04 0.930802
2.402000 3.439728e-03 1.346326e+04 1.253110e+04 0.930763
2.408000 3.456909e-03 1.332842e+04 1.240508e+04 0.930724
2.414000 3.474132e-03 1.319526e+04 1.228064e+04 0.930685
2.420000 3.491398e-03 1.306375e+04 1.215774e+04 0.930647
2.426000 3.508707e-03 1.293387e+04 1.203636e+04 0.930608
2.432000 3.526058e-03 1.280558e+04 1.191649e+04 0.930570
2.438000 3.543451e-03 1.267888e+04 1.179810e+04 0.930532
2.444000 3.560887e-03 1.255373e+04 1.168116e+04 0.930494
2.450000 3.578366e-03 1.243011e+04 1.156567e+04 0.930455
2.456000 3.595888e-03 1.230801e+04 1.145159e+04 0.930417
2.462000 3.613452e-03 1.218739e+04 1.133890e+04 0.930380
2.468000 3.631058e-03 1.206824e+04 1.122758e+04 0.930342
2.474000 3.648708e-03 1.195053e+04 1.111763e+04 0.930304
2.480000 3.666400e-03 1.183424e+04 1.100900e+04 0.930267
2.486000 3.684134e-03 1.171936e+04 1.090169e+04 0.930229
2.492000 3.701911e-03 1.160587e+04 1.079568e+04 0.930192
2.498000 3.719731e-03 1.149373e+04 1.069095e+04 0.930154
2.504000 3.737593e-03 1.138294e+04 1.058747e+04 0.930117
2.510000 3.755497e-03 1.127348e+04 1.048524e+04 0.930080
2.516000 3.773445e-03 1.116532e+04 1.038423e+04 0.930043
2.522000 3.791435e-03 1.105844e+04 1.028442e+04 0.930006
2.528000 3.809467e-03 1.095284e+04 1.018581e+04 0.929969
2.534000 3.827542e-03 1.084849e+04 1.008836e+04 0.929933
2.540000 3.845660e-03 1.074536e+04 9.992072e+03 0.929896
2.546000 3.863820e-03 1.064346e+04 9.896921e+03 0.929859
2.552000 3.882023e-03 1.054275e+04 9.802894e+03 0.929823
2.558000 3.900268e-03 1.044323e+04 9.709973e+03 0.929787
2.564000 3.918556e-03 1.034487e+04 9.618144e+03 0.929750
2.570000 3.936886e-03 1.024766e+04 9.527390e+03 0.929714
2.576000 3.955259e-03 1.015158e+04 9.437698e+03 0.929678
2.582000 3.973675e-03 1.005661e+04 9.349052e+03 0.929642
2.588000 3.992133e-03 9.962754e+03 9.261437e+03 0.929606
2.594000 4.010634e-03 9.869980e+03 9.174840e+03 0.929570
2.600000 4.029177e-03 9.778277e+03 9.089246e+03 0.929535
2.606000 4.047763e-03 9.687630e+03 9.004641e+03 0.929499
2.612000 4.066391e-03 9.598026e+03 8.921012e+03 0.929463
2.618000 4.085062e-03 9.509448e+03 8.838345e+03 0.929428
2.624000 4.103775e-03 9.421884e+03 8.756627e+03 0.929392
2.630000 4.122531e-03 9.335320e+03 8.675845e+03 0.929357
2.636000 4.141330e-03 9.249742e+03 8.595986e+03 0.929322
2.642000 4.160171e-03 9.165136e+03 8.517038e+03 0.929287
2.648000 4.179054e-03 9.081489e+03 8.438988e+03 0.929252
2.654000 4.197980e-03 8.998789e+03 8.361824e+03 0.929217
2.660000 4.216949e-03 8.917023e+03 8.285534e+03 0.929182
2.666000 4.235960e-03 8.836177e+03 8.210106e+03 0.929147
2.672000 4.255014e-03 8.756240e+03 8.135529e+03 0.929112
2.678000 4.274110e-03 8.677199e+03 8.061790e+03 0.929077
2.684000 4.293249e-03 8.599043e+03 7.988880e+03 0.929043
2.690000 4.312430e-03 8.521759e+03 7.916786e+03 0.929008
2.696000 4.331654e-03 8.445336e+03 7.845498e+03 0.928974
2.702000 4.350920e-03 8.369763e+03 7.775004e+03 0.928940
2.708000 4.370229e-03 8.295027e+03 7.705296e+03 0.928905
2.714000 4.389580e-03 8.221119e+03 7.636361e+03 0.928871
2.720000 4.408974e-03 8.148027e+03 7.568190e+03 0.928837
2.726000 4.428410e-03 8.075740e+03 7.500773e+03 0.928803
2.732000 4.447889e-03 8.004248e+03 7.434099e+03 0.928769
2.738000 4.467410e-03 7.933540e+03 7.368159e+03 0.928735
2.744000 4.486974e-03 7.863607e+03 7.302944e+03 0.928702
2.750000 4.506581e-03 7.794437e+03 7.238443e+03 0.928668
2.756000 4.526229e-03 7.726021e+03 7.174648e+03 0.928634
2.762000 4.545921e-03 7.658349e+03 7.111549e+03 0.928601
2.768000 4.565655e-03 7.591412e+03 7.049137e+03 0.928567
2.774000 4.585431e-03 7.525200e+03 6.987403e+03 0.928534
2.780000 4.605250e-03 7.459703e+03 6.926339e+03 0.928501
2.786000 4.625111e-03 7.394913e+03 6.865935e+03 0.928467
2.792000 4.645015e-03 7.330819e+03 6.806183e+03 0.928434
2.798000 4.664961e-03 7.267414e+03 6.747076e+03 0.928401
2.804000 4.684950e-03 7.204689e+03 6.688603e+03 0.928368
2.810000 4.704981e-03 7.142634e+03 6.630758e+03 0.928335
2.816000 4.725055e-03 7.081241e+03 6.573533e+03 0.928302
2.822000 4.745171e-03 7.020502e+03 6.516919e+03 0.928270
2.828000 4.765329e-03 6.960409e+03 6.460908e+03 0.928237
2.834000 4.785530e-03 6.900953e+03 6.405493e+03 0.928204
2.840000 4.805774e-03 6.842125e+03 6.350667e+03 0.928172
2.846000 4.826060e-03 6.783919e+03 6.296421e+03 0.928139
2.852000 4.846388e-03 6.726327e+03 6.242749e+03 0.928107
2.858000 4.866759e-03 6.669340e+03 6.189643e+03 0.928074
2.864000 4.887173e-03 6.612951e+03 6.137097e+03 0.928042
2.870000 4.907629e-03 6.557152e+03 6.085103e+03 0.928010
2.876000 4.928127e-03 6.501937e+03 6.033653e+03 0.927978
2.882000 4.948668e-03 6.447298e+03 5.982742e+03 0.927946
2.888000 4.969251e-03 6.393227e+03 5.932363e+03 0.927914
2.894000 4.989877e-03 6.339718e+03 5.882509e+03 0.927882
2.900000 5.010545e-03 6.286763e+03 5.833173e+03 0.927850
2.906000 5.031255e-03 6.234357e+03 5.784350e+03 0.927818
2.912000 5.052008e-03 6.182491e+03 5.736032e+03 0.927787
2.918000 5.072804e-03 6.131160e+03 5.688213e+03 0.927755
2.924000 5.093642e-03 6.080356e+03 5.640888e+03 0.927723
2.930000 5.114522e-03 6.030074e+03 5.594050e+03 0.927692
2.936000 5.135445e-03 5.980306e+03 5.547693e+03 0.927660
2.942000 5.156410e-03 5.931048e+03 5.501812e+03 0.927629
2.948000 5.177417e-03 5.882291e+03 5.456400e+03 0.927598
2.954000 5.198467e-03 5.834031e+03 5.411452e+03 0.927567
2.960000 5.219560e-03 5.786261e+03 5.366962e+03 0.927535
2.966000 5.240695e-03 5.738976e+03 5.322925e+03 0.927504
2.972000 5.261872e-03 5.692169e+03 5.279334e+03 0.927473
2.978000 5.283092e-03 5.645834e+03 5.236185e+03 0.927442
2.984000 5.304354e-03 5.599966e+03 5.193473e+03 0.927411
2.990000 5.325658e-03 5.554560e+03 5.151191e+03 0.927381
2.996000 5.347005e-03 5.509610e+03 5.109336e+03 0.927350
3.002000 5.368394e-03 5.465110e+03 5.067901e+03 0.927319
3.008000 5.389826e-03 5.421054e+03 5.026882e+03 0.927289
3.014000 5.411300e-03 5.377439e+03 4.986273e+03 0.927258
3.020000 5.432817e-03 5.334258e+03 4.946070e+03 0.927228
3.026000 5.454376e-03 5.291506e+03 4.906268e+03 0.927197
3.032000 5.475977e-03 5.249178e+03 4.866863e+03 0.927167
3.038000 5.497621e-03 5.207269e+03 4.827849e+03 0.927136
3.044000 5.519307e-03 5.165774e+03 4.789221e+03 0.927106
3.050000 5.541035e-03 5.124689e+03 4.750976e+03 0.927076
3.056000 5.562806e-03 5.084008e+03 4.713109e+03 0.927046
3.062000 5.584619e-03 5.043726e+03 4.675614e+03 0.927016
3.068000 5.606475e-03 5.003840e+03 4.638489e+03 0.926986
3.074000 5.628373e-03 4.964344e+03 4.601728e+03 0.926956
3.080000 5.650313e-03 4.925234e+03 4.565328e+03 0.926926
3.086000 5.672296e-03 4.886505e+03 4.529284e+03 0.926896
3.092000 5.694321e-03 4.848153e+03 4.493591e+03 0.926867
3.098000 5.716389e-03 4.810173e+03 4.458246e+03 0.926837
3.104000 5.738499e-03 4.772562e+03 4.423245e+03 0.926807
3.110000 5.760651e-03 4.735315e+03 4.388584e+03 0.926778
3.116000 5.782846e-03 4.698427e+03 4.354259e+03 0.926748
3.122000 5.805082e-03 4.661894e+03 4.320266e+03 0.926719
3.128000 5.827362e-03 4.625714e+03 4.286600e+03 0.926690
3.134000 5.849683e-03 4.589880e+03 4.253259e+03 0.926660
3.140000 5.872047e-03 4.554390e+03 4.220239e+03 0.926631
3.146000 5.894454e-03 4.519240e+03 4.187536e+03 0.926602
3.152000 5.916902e-03 4.484425e+03 4.155146e+03 0.926573
3.158000 5.939394e-03 4.449942e+03 4.123065e+03 0.926544
3.164000 5.961927e-03 4.415787e+03 4.091291e+03 0.926515
3.170000 5.984503e-03 4.381956e+03 4.059820e+03 0.926486
3.176000 6.007121e-03 4.348446e+03 4.028647e+03 0.926457
3.182000 6.029781e-03 4.315253e+03 3.997771e+03 0.926428
3.188000 6.052484e-03 4.282373e+03 3.967187e+03 0.926399
3.194000 6.075229e-03 4.249803e+03 3.936892e+03 0.926371
3.200000 6.098016e-03 4.217540e+03 3.906884e+03 0.926342
3.206000 6.120846e-03 4.185579e+03 3.877158e+03 0.926313
3.212000 6.143718e-03 4.153918e+03 3.847711e+03 0.926285
3.218000 6.166632e-03 4.122553e+03 3.818541e+03 0.926256
3.224000 6.189589e-03 4.091482e+03 3.789644e+03 0.926228
3.230000 6.212588e-03 4.060699e+03 3.761018e+03 0.926200
3.236000 6.235629e-03 4.030203e+03 3.732658e+03 0.926171
3.242000 6.258713e-03 3.999991e+03 3.704563e+03 0.926143
3.248000 6.281839e-03 3.970058e+03 3.676730e+03 0.926115
3.254000 6.305007e-03 3.940403e+03 3.649154e+03 0.926087
3.260000 6.328218e-03 3.911021e+03 3.621834e+03 0.926059
3.266000 6.351470e-03 3.881910e+03 3.594767e+03 0.926031
3.272000 6.374766e-03 3.853067e+03 3.567950e+03 0.926003
3.278000 6.398103e-03 3.824489e+03 3.541380e+03 0.925975
3.284000 6.421483e-03 3.796174e+03 3.515055e+03 0.925947
3.290000 6.444905e-03 3.768117e+03 3.488971e+03 0.925919
3.296000 6.468369e-03 3.740317e+03 3.463127e+03 0.925891
3.302000 6.491876e-03 3.712770e+03 3.437518e+03 0.925864
3.308000 6.515424e-03 3.685474e+03 3.412144e+03 0.925836
3.314000 6.539016e-03 3.658426e+03 3.387002e+03 0.925808
3.320000 6.562649e-03 3.631624e+03 3.362088e+03 0.925781
3.326000 6.586325e-03 3.605064e+03 3.337400e+03 0.925753
3.332000 6.610043e-03 3.578744e+03 3.312937e+03 0.925726
3.338000 6.633803e-03 3.552662e+03 3.288695e+03 0.925699
3.344000 6.657605e-03 3.526815e+03 3.264672e+03 0.925671
3.350000 6.681450e-03 3.501201e+03 3.240865e+03 0.925644
3.356000 6.705337e-03 3.475816e+03 3.217274e+03 0.925617
3.362000 6.729266e-03 3.450659e+03 3.193894e+03 0.925590
3.368000 6.753238e-03 3.425726e+03 3.170724e+03 0.925563
3.374000 6.777252e-03 3.401017e+03 3.147762e+03 0.925536
3.380000 6.801308e-03 3.376527e+03 3.125005e+03 0.925509
3.386000 6.825406e-03 3.352256e+03 3.102451e+03 0.925482
3.392000 6.849546e-03 3.328200e+03 3.080098e+03 0.925455
3.398000 6.873729e-03 3.304357e+03 3.057944e+03 0.925428
3.404000 6.897954e-03 3.280726e+03 3.035987e+03 0.925401
3.410000 6.922221e-03 3.257303e+03 3.014225e+03 0.925374
3.416000 6.946531e-03 3.234087e+03 2.992655e+03 0.925348
3.422000 6.970883e-03 3.211076e+03 2.971276e+03 0.925321
3.428000 6.995277e-03 3.188266e+03 2.950085e+03 0.925294
3.434000 7.019713e-03 3.165657e+03 2.929081e+03 0.925268
3.440000 7.044191e-03 3.143246e+03 2.908262e+03 0.925241
3.446000 7.068712e-03 3.121031e+03 2.887625e+03 0.925215
3.452000 7.093275e-03 3.099010e+03 2.867169e+03 0.925189
3.458000 7.117880e-03 3.077181e+03 2.846892e+03 0.925162
3.464000 7.142527e-03 3.055542e+03 2.826792e+03 0.925136
3.470000 7.167216e-03 3.034091e+03 2.806867e+03 0.925110
3.476000 7.191948e-03 3.012826e+03 2.787116e+03 0.925084
3.482000 7.216722e-03 2.991745e+03 2.767536e+03 0.925058
3.488000 7.241538e-03 2.970846e+03 2.748126e+03 0.925031
3.494000 7.266396e-03 2.950127e+03 2.728884e+03 0.925005
3.500000 7.291297e-03 2.929587e+03 2.709808e+03 0.924979
3.506000 7.316240e-03 2.909224e+03 2.690897e+03 0.924953
3.512000 7.341225e-03 2.889035e+03 2.672148e+03 0.924928
3.518000 7.366252e-03 2.869019e+03 2.653561e+03 0.924902
3.524000 7.391321e-03 2.849175e+03 2.635134e+03 0.924876
3.530000 7.416432e-03 2.829500e+03 2.616864e+03 0.924850
3.536000 7.441586e-03 2.809993e+03 2.598751e+03 0.924825
3.542000 7.466782e-03 2.790652e+03 2.580792e+03 0.924799
3.548000 7.492020e-03 2.771475e+03 2.562986e+03 0.924773
3.554000 7.517300e-03 2.752461e+03 2.545332e+03 0.924748
3.560000 7.542622e-03 2.733609e+03 2.527829e+03 0.924722
3.566000 7.567987e-03 2.714915e+03 2.510473e+03 0.924697
3.572000 7.593393e-03 2.696379e+03 2.493265e+03 0.924671
3.578000 7.618842e-03 2.678000e+03 2.476202e+03 0.924646
3.584000 7.644333e-03 2.659775e+03 2.459283e+03 0.924621
3.590000 7.669866e-03 2.641704e+03 2.442507e+03 0.924595
3.596000 7.695442e-03 2.623784e+03 2.425872e+03 0.924570
3.602000 7.721059e-03 2.606014e+03 2.409377e+03 0.924545
3.608000 7.746719e-03 2.588392e+03 2.393020e+03 0.924520
3.614000 7.772421e-03 2.570918e+03 2.376801e+03 0.924495
3.620000 7.798164e-03 2.553589e+03 2.360716e+03 0.924470
3.626000 7.823950e-03 2.536405e+03 2.344766e+03 0.924445
3.632000 7.849779e-03 2.519363e+03 2.328949e+03 0.924420
3.638000 7.875649e-03 2.502463e+03 2.313264e+03 0.924395
3.644000 7.901561e-03 2.485702e+03 2.297709e+03 0.924370
3.650000 7.927516e-03 2.469080e+03 2.282283e+03 0.924345
3.656000 7.953513e-03 2.452595e+03 2.266984e+03 0.924321
3.662000 7.979551e-03 2.436246e+03 2.251812e+03 0.924296
3.668000 8.005632e-03 2.420032e+03 2.236766e+03 0.924271
3.674000 8.031755e-03 2.403950e+03 2.221843e+03 0.924247
3.680000 8.057921e-03 2.388001e+03 2.207043e+03 0.924222
3.686000 8.084128e-03 2.372182e+03 2.192364e+03 0.924197
3.692000 8.110377e-03 2.356492e+03 2.177806e+03 0.924173
3.698000 8.136669e-03 2.340931e+03 2.163368e+03 0.924149
3.704000 8.163002e-03 2.325496e+03 2.149047e+03 0.924124
3.710000 8.189378e-03 2.310187e+03 2.134843e+03 0.924100
3.716000 8.215796e-03 2.295002e+03 2.120755e+03 0.924075
3.722000 8.242256e-03 2.279940e+03 2.106781e+03 0.924051
3.728000 8.268758e-03 2.265000e+03 2.092921e+03 0.924027
3.734000 8.295302e-03 2.250181e+03 2.079174e+03 0.924003
3.740000 8.321888e-03 2.235482e+03 2.065537e+03 0.923979
3.746000 8.348516e-03 2.220901e+03 2.052011e+03 0.923954
3.752000 8.375187e-03 2.206437e+03 2.038594e+03 0.923930
3.758000 8.401899e-03 2.192090e+03 2.025286e+03 0.923906
3.764000 8.428654e-03 2.177857e+03 2.012084e+03 0.923882
3.770000 8.455450e-03 2.163739e+03 1.998988e+03 0.923858
3.776000 8.482289e-03 2.149733e+03 1.985998e+03 0.923835
3.782000 8.509169e-03 2.135839e+03 1.973111e+03 0.923811
3.788000 8.536092e-03 2.122056e+03 1.960328e+03 0.923787
3.794000 8.563057e-03 2.108383e+03 1.947646e+03 0.923763
3.800000 8.590064e-03 2.094818e+03 1.935066e+03 0.923739
3.806000 8.617113e-03 2.081361e+03 1.922586e+03 0.923716
3.812000 8.644204e-03 2.068011e+03 1.910205e+03 0.923692
3.818000 8.671337e-03 2.054766e+03 1.897922e+03 0.923669
3.824000 8.698512e-03 2.041625e+03 1.885737e+03 0.923645
3.830000 8.725729e-03 2.028589e+03 1.873648e+03 0.923621
3.836000 8.752988e-03 2.015655e+03 1.861655e+03 0.923598
3.842000 8.780290e-03 2.002822e+03 1.849756e+03 0.923575
3.848000 8.807633e-03 1.990091e+03 1.837951e+03 0.923551
3.854000 8.835018e-03 1.977459e+03 1.826238e+03 0.923528
3.860000 8.862445e-03 1.964926e+03 1.814618e+03 0.923505
3.866000 8.889915e-03 1.952491e+03 1.803088e+03 0.923481
3.872000 8.917426e-03 1.940152e+03 1.791649e+03 0.923458
3.878000 8.944979e-03 1.927910e+03 1.780300e+03 0.923435
3.884000 8.972575e-03 1.915764e+03 1.769039e+03 0.923412
3.890000 9.000212e-03 1.903711e+03 1.757865e+03 0.923389
3.896000 9.027892e-03 1.891752e+03 1.746779e+03 0.923366
3.902000 9.055613e-03 1.879886e+03 1.735778e+03 0.923342
3.908000 9.083376e-03 1.868111e+03 1.724863e+03 0.923319
3.914000 9.111182e-03 1.856427e+03 1.714033e+03 0.923297
3.920000 9.139029e-03 1.844834e+03 1.703286e+03 0.923274
3.926000 9.166919e-03 1.833329e+03 1.692622e+03 0.923251
3.932000 9.194850e-03 1.821913e+03 1.682041e+03 0.923228
3.938000 9.222824e-03 1.810584e+03 1.671541e+03 0.923205
3.944000 9.250839e-03 1.799343e+03 1.661121e+03 0.923182
3.950000 9.278896e-03 1.788187e+03 1.650782e+03 0.923160
3.956000 9.306996e-03 1.777116e+03 1.640522e+03 0.923137
3.962000 9.335137e-03 1.766130e+03 1.630340e+03 0.923114
3.968000 9.363320e-03 1.755228e+03 1.620237e+03 0.923092
3.974000 9.391546e-03 1.744409e+03 1.610210e+03 0.923069
3.980000 9.419813e-03 1.733671e+03 1.600259e+03 0.923047
3.986000 9.448122e-03 1.723015e+03 1.590385e+03 0.923024
3.992000 9.476473e-03 1.712440e+03 1.580585e+03 0.923002
3.998000 9.504866e-03 1.701945e+03 1.570860e+03 0.922979
4.004000 9.533301e-03 1.691529e+03 1.561208e+03 0.922957
4.010000 9.561778e-03 1.681191e+03 1.551630e+03 0.922935
4.016000 9.590297e-03 1.670932e+03 1.542124e+03 0.922912
4.022000 9.618858e-03 1.660749e+03 1.532689e+03 0.922890
4.028000 9.647461e-03 1.650643e+03 1.523325e+03 0.922868
4.034000 9.676106e-03 1.640613e+03 1.514032e+03 0.922846
4.040000 9.704793e-03 1.630657e+03 1.504809e+03 0.922824
4.046000 9.733522e-03 1.620776e+03 1.495655e+03 0.922801
4.052000 9.762292e-03 1.610969e+03 1.486569e+03 0.922779
4.058000 9.791105e-03 1.601235e+03 1.477551e+03 0.922757
4.064000 9.819959e-03 1.591573e+03 1.468601e+03 0.922735
4.070000 9.848856e-03 1.581983e+03 1.459717e+03 0.922713
4.076000 9.877794e-03 1.572464e+03 1.450900e+03 0.922691
4.082000 9.906774e-03 1.563016e+03 1.442148e+03 0.922670
4.088000 9.935796e-03 1.553638e+03 1.433460e+03 0.922648
4.094000 9.964860e-03 1.544329e+03 1.424838e+03 0.922626
4.100000 9.993966e-03 1.535088e+03 1.416279e+03 0.922604
4.106000 1.002311e-02 1.525916e+03 1.407783e+03 0.922582
4.112000 1.005230e-02 1.516811e+03 1.399350e+03 0.922561
4.118000 1.008154e-02 1.507773e+03 1.390979e+03 0.922539
4.124000 1.011081e-02 1.498801e+03 1.382670e+03 0.922517
4.130000 1.014012e-02 1.489895e+03 1.374422e+03 0.922496
4.136000 1.016948e-02 1.481054e+03 1.366235e+03 0.922474
4.142000 1.019888e-02 1.472278e+03 1.358107e+03 0.922453
4.148000 1.022832e-02 1.463566e+03 1.350039e+03 0.922431
4.154000 1.025781e-02 1.454917e+03 1.342030e+03 0.922410
4.160000 1.028733e-02 1.446331e+03 1.334079e+03 0.922388
4.166000 1.031690e-02 1.437807e+03 1.326186e+03 0.922367
4.172000 1.034651e-02 1.429346e+03 1.318351e+03 0.922346
4.178000 1.037616e-02 1.420945e+03 1.310572e+03 0.922324
4.184000 1.040585e-02 1.412605e+03 1.302850e+03 0.922303
4.190000 1.043558e-02 1.404326e+03 1.295184e+03 0.922282
4.196000 1.046536e-02 1.396106e+03 1.287574e+03 0.922261
4.202000 1.049518e-02 1.387946e+03 1.280018e+03 0.922239
4.208000 1.052504e-02 1.379844e+03 1.272517e+03 0.922218
4.214000 1.055494e-02 1.371800e+03 1.265070e+03 0.922197
4.220000 1.058488e-02 1.363814e+03 1.257676e+03 0.922176
4.226000 1.061487e-02 1.355885e+03 1.250336e+03 0.922155
4.232000 1.064489e-02 1.348013e+03 1.243048e+03 0.922134
4.238000 1.067496e-02 1.340197e+03 1.235813e+03 0.922113
4.244000 1.070507e-02 1.332437e+03 1.228629e+03 0.922092
4.250000 1.073523e-02 1.324732e+03 1.221497e+03 0.922071
4.256000 1.076542e-02 1.317082e+03 1.214416e+03 0.922050
4.262000 1.079566e-02 1.309486e+03 1.207385e+03 0.922029
4.268000 1.082593e-02 1.301944e+03 1.200404e+03 0.922009
4.274000 1.085625e-02 1.294455e+03 1.193472e+03 0.921988
4.280000 1.088662e-02 1.287020e+03 1.186590e+03 0.921967
4.286000 1.091702e-02 1.279637e+03 1.179757e+03 0.921946
4.292000 1.094747e-02 1.272306e+03 1.172972e+03 0.921926
4.298000 1.097795e-02 1.265027e+03 1.166235e+03 0.921905
4.304000 1.100848e-02 1.257799e+03 1.159545e+03 0.921885
4.310000 1.103905e-02 1.250622e+03 1.152903e+03 0.921864
4.316000 1.106966e-02 1.243495e+03 1.146307e+03 0.921843
4.322000 1.110032e-02 1.236418e+03 1.139758e+03 0.921823
4.328000 1.113101e-02 1.229390e+03 1.133255e+03 0.921802
4.334000 1.116175e-02 1.222412e+03 1.126797e+03 0.921782
4.340000 1.119253e-02 1.215482e+03 1.120385e+03 0.921762
4.346000 1.122335e-02 1.208601e+03 1.114017e+03 0.921741
4.352000 1.125422e-02 1.201767e+03 1.107694e+03 0.921721
4.358000 1.128512e-02 1.194981e+03 1.101415e+03 0.921701
4.364000 1.131607e-02 1.188242e+03 1.095180e+03 0.921680
4.370000 1.134706e-02 1.181550e+03 1.088988e+03 0.921660
4.376000 1.137809e-02 1.174904e+03 1.082839e+03 0.921640
4.382000 1.140916e-02 1.168305e+03 1.076732e+03 0.921620
4.388000 1.144027e-02 1.161750e+03 1.070668e+03 0.921600
4.394000 1.147143e-02 1.155241e+03 1.064646e+03 0.921579
4.400000 1.150263e-02 1.148777e+03 1.058666e+03 0.921559
4.406000 1.153386e-02 1.142357e+03 1.052727e+03 0.921539
4.412000 1.156515e-02 1.135981e+03 1.046828e+03 0.921519
4.418000 1.159647e-02 1.129649e+03 1.040971e+03 0.921499
4.424000 1.162783e-02 1.123360e+03 1.035153e+03 0.921479
4.430000 1.165924e-02 1.117115e+03 1.029376e+03 0.921459
4.436000 1.169069e-02 1.110912e+03 1.023638e+03 0.921439
4.442000 1.172217e-02 1.104751e+03 1.017939e+03 0.921420
4.448000 1.175371e-02 1.098632e+03 1.012279e+03 0.921400
4.454000 1.178528e-02 1.092555e+03 1.006658e+03 0.921380
4.460000 1.181689e-02 1.086519e+03 1.001076e+03 0.921360
4.466000 1.184855e-02 1.080525e+03 9.955310e+02 0.921340
4.472000 1.188025e-02 1.074570e+03 9.900239e+02 0.921321
4.478000 1.191199e-02 1.068656e+03 9.845543e+02 0.921301
4.484000 1.194377e-02 1.062783e+03 9.791218e+02 0.921281
4.490000 1.197559e-02 1.056948e+03 9.737261e+02 0.921262
4.496000 1.200746e-02 1.051153e+03 9.683668e+02 0.921242
4.502000 1.203936e-02 1.045397e+03 9.630438e+02 0.921223
4.508000 1.207131e-02 1.039680e+03 9.577567e+02 0.921203
4.514000 1.210330e-02 1.034002e+03 9.525052e+02 0.921184
4.520000 1.213533e-02 1.028361e+03 9.472890e+02 0.921164
4.526000 1.216740e-02 1.022758e+03 9.421079e+02 0.921145
4.532000 1.219952e-02 1.017192e+03 9.369616e+02 0.921125
4.538000 1.223168e-02 1.011664e+03 9.318498e+02 0.921106
4.544000 1.226387e-02 1.006173e+03 9.267722e+02 0.921087
4.550000 1.229611e-02 1.000718e+03 9.217286e+02 0.921067
4.556000 1.232839e-02 9.952996e+02 9.167186e+02 0.921048
4.562000 1.236072e-02 9.899172e+02 9.117421e+02 0.921029
4.568000 1.239308e-02 9.845705e+02 9.067987e+02 0.921009
4.574000 1.242549e-02 9.792593e+02 9.018882e+02 0.920990
4.580000 1.245794e-02 9.739832e+02 8.970103e+02 0.920971
4.586000 1.249043e-02 9.687420e+02 8.921648e+02 0.920952
4.592000 1.252296e-02 9.635354e+02 8.873514e+02 0.920933
4.598000 1.255553e-02 9.583632e+02 8.825698e+02 0.920914
4.604000 1.258815e-02 9.532251e+02 8.778199e+02 0.920895
4.610000 1.262080e-02 9.481208e+02 8.731013e+02 0.920876
4.616000 1.265350e-02 9.430500e+02 8.684138e+02 0.920857
4.622000 1.268624e-02 9.380125e+02 8.637572e+02 0.920838
4.628000 1.271902e-02 9.330080e+02 8.591312e+02 0.920819
4.634000 1.275184e-02 9.280363e+02 8.545356e+02 0.920800
4.640000 1.278471e-02 9.230971e+02 8.499702e+02 0.920781
4.646000 1.281761e-02 9.181902e+02 8.454346e+02 0.920762
4.652000 1.285056e-02 9.133152e+02 8.409288e+02 0.920743
4.658000 1.288355e-02 9.084720e+02 8.364524e+02 0.920724
4.664000 1.291658e-02 9.036604e+02 8.320052e+02 0.920706
4.670000 1.294965e-02 8.988800e+02 8.275870e+02 0.920687
4.676000 1.298277e-02 8.941306e+02 8.231976e+02 0.920668
4.682000 1.301592e-02 8.894120e+02 8.188367e+02 0.920649
4.688000 1.304912e-02 8.847239e+02 8.145041e+02 0.920631
4.694000 1.308236e-02 8.800662e+02 8.101997e+02 0.920612
4.700000 1.311564e-02 8.754385e+02 8.059231e+02 0.920594
4.706000 1.314896e-02 8.708407e+02 8.016742e+02 0.920575
4.712000 1.318232e-02 8.662725e+02 7.974528e+02 0.920556
4.718000 1.321573e-02 8.617337e+02 7.932586e+02 0.920538
4.724000 1.324917e-02 8.572241e+02 7.890915e+02 0.920519
4.730000 1.328266e-02 8.527434e+02 7.849512e+02 0.920501
4.736000 1.331619e-02 8.482915e+02 7.808375e+02 0.920483
4.742000 1.334976e-02 8.438680e+02 7.767503e+02 0.920464
4.748000 1.338337e-02 8.394728e+02 7.726892e+02 0.920446
4.754000 1.341703e-02 8.351057e+02 7.686542e+02 0.920427
4.760000 1.345072e-02 8.307665e+02 7.646450e+02 0.920409
4.766000 1.348446e-02 8.264548e+02 7.606615e+02 0.920391
4.772000 1.351824e-02 8.221707e+02 7.567033e+02 0.920373
4.778000 1.355206e-02 8.179137e+02 7.527704e+02 0.920354
4.784000 1.358592e-02 8.136838e+02 7.488626e+02 0.920336
4.790000 1.361982e-02 8.094807e+02 7.449796e+02 0.920318
4.796000 1.365377e-02 8.053042e+02 7.411213e+02 0.920300
4.802000 1.368775e-02 8.011542e+02 7.372874e+02 0.920282
4.808000 1.372178e-02 7.970303e+02 7.334779e+02 0.920264
4.814000 1.375585e-02 7.929325e+02 7.296925e+02 0.920245
4.820000 1.378996e-02 7.888605e+02 7.259310e+02 0.920227
4.826000 1.382411e-02 7.848141e+02 7.221932e+02 0.920209
4.832000 1.385831e-02 7.807931e+02 7.184791e+02 0.920191
4.838000 1.389254e-02 7.767974e+02 7.147883e+02 0.920173
4.844000 1.392682e-02 7.728268e+02 7.111208e+02 0.920155
4.850000 1.396114e-02 7.688811e+02 7.074763e+02 0.920137
4.856000 1.399550e-02 7.649600e+02 7.038547e+02 0.920120
4.862000 1.402990e-02 7.610634e+02 7.002557e+02 0.920102
4.868000 1.406434e-02 7.571912e+02 6.966794e+02 0.920084
4.874000 1.409883e-02 7.533430e+02 6.931254e+02 0.920066
4.880000 1.413335e-02 7.495189e+02 6.895936e+02 0.920048
4.886000 1.416792e-02 7.457185e+02 6.860838e+02 0.920031
4.892000 1.420253e-02 7.419418e+02 6.825959e+02 0.920013
4.898000 1.423718e-02 7.381884e+02 6.791297e+02 0.919995
4.904000 1.427187e-02 7.344584e+02 6.756851e+02 0.919977
4.910000 1.430660e-02 7.307514e+02 6.722618e+02 0.919960
4.916000 1.434138e-02 7.270673e+02 6.688598e+02 0.919942
4.922000 1.437619e-02 7.234060e+02 6.654789e+02 0.919924
4.928000 1.441105e-02 7.197673e+02 6.621189e+02 0.919907
4.934000 1.444595e-02 7.161510e+02 6.587796e+02 0.919889
4.940000 1.448089e-02 7.125570e+02 6.554610e+02 0.919872
4.946000 1.451587e-02 7.089850e+02 6.521629e+02 0.919854
4.952000 1.455089e-02 7.054350e+02 6.488850e+02 0.919837
4.958000 1.458595e-02 7.019067e+02 6.456273e+02 0.919819
4.964000 1.462106e-02 6.984000e+02 6.423897e+02 0.919802
4.970000 1.465621e-02 6.949148e+02 6.391719e+02 0.919784
4.976000 1.469140e-02 6.914509e+02 6.359738e+02 0.919767
4.982000 1.472663e-02 6.880081e+02 6.327953e+02 0.919750
4.988000 1.476190e-02 6.845864e+02 6.296363e+02 0.919732
4.994000 1.479721e-02 6.811854e+02 6.264965e+02 0.919715
5.000000 1.483256e-02 6.778052e+02 6.233759e+02 0.919698
5.006000 1.486796e-02 6.744454e+02 6.202744e+02 0.919681
5.012000 1.490340e-02 6.711061e+02 6.171917e+02 0.919663
5.018000 1.493887e-02 6.677870e+02 6.141277e+02 0.919646
5.024000 1.497439e-02 6.644880e+02 6.110824e+02 0.919629
5.030000 1.500995e-02 6.612089e+02 6.080555e+02 0.919612
5.036000 1.504556e-02 6.579497e+02 6.050470e+02 0.919595
5.042000 1.508120e-02 6.547101e+02 6.020567e+02 0.919578
5.048000 1.511689e-02 6.514901e+02 5.990845e+02 0.919560
5.054000 1.515261e-02 6.482894e+02 5.961302e+02 0.919543
5.060000 1.518838e-02 6.451079e+02 5.931937e+02 0.919526
5.066000 1.522419e-02 6.419456e+02 5.902750e+02 0.919509
5.072000 1.526004e-02 6.388022e+02 5.873738e+02 0.919492
5.078000 1.529593e-02 6.356777e+02 5.844900e+02 0.919475
5.084000 1.533186e-02 6.325719e+02 5.816236e+02 0.919458
5.090000 1.536784e-02 6.294846e+02 5.787743e+02 0.919442
5.096000 1.540385e-02 6.264158e+02 5.759421e+02 0.919425
5.102000 1.543991e-02 6.233653e+02 5.731269e+02 0.919408
5.108000 1.547601e-02 6.203329e+02 5.703285e+02 0.919391
5.114000 1.551215e-02 6.173186e+02 5.675468e+02 0.919374
5.120000 1.554833e-02 6.143222e+02 5.647816e+02 0.919357
5.126000 1.558455e-02 6.113436e+02 5.620330e+02 0.919341
5.132000 1.562082e-02 6.083827e+02 5.593007e+02 0.919324
5.138000 1.565712e-02 6.054393e+02 5.565847e+02 0.919307
5.144000 1.569347e-02 6.025134e+02 5.538847e+02 0.919290
5.150000 1.572985e-02 5.996047e+02 5.512008e+02 0.919274
5.156000 1.576628e-02 5.967132e+02 5.485328e+02 0.919257
5.162000 1.580275e-02 5.938387e+02 5.458806e+02 0.919240
5.168000 1.583926e-02 5.909812e+02 5.432440e+02 0.919224
5.174000 1.587582e-02 5.881405e+02 5.406230e+02 0.919207
5.180000 1.591241e-02 5.853165e+02 5.380175e+02 0.919191
5.186000 1.594905e-02 5.825091e+02 5.354273e+02 0.919174
5.192000 1.598572e-02 5.797181e+02 5.328523e+02 0.919158
5.198000 1.602244e-02 5.769435e+02 5.302925e+02 0.919141
5.204000 1.605920e-02 5.741852e+02 5.277477e+02 0.919125
5.210000 1.609600e-02 5.714429e+02 5.252179e+02 0.919108
5.216000 1.613284e-02 5.687167e+02 5.227028e+02 0.919092
5.222000 1.616972e-02 5.660063e+02 5.202025e+02 0.919075
5.228000 1.620665e-02 5.633118e+02 5.177168e+02 0.919059
5.234000 1.624361e-02 5.606329e+02 5.152456e+02 0.919043
5.240000 1.628062e-02 5.579696e+02 5.127888e+02 0.919026
5.246000 1.631767e-02 5.553218e+02 5.103463e+02 0.919010
5.252000 1.635475e-02 5.526893e+02 5.079180e+02 0.918994
5.258000 1.639188e-02 5.500721e+02 5.055039e+02 0.918977
5.264000 1.642906e-02 5.474700e+02 5.031037e+02 0.918961
5.270000 1.646627e-02 5.448830e+02 5.007175e+02 0.918945
5.276000 1.650352e-02 5.423109e+02 4.983451e+02 0.918929
5.282000 1.654082e-02 5.397536e+02 4.959864e+02 0.918913
5.288000 1.657815e-02 5.372111e+02 4.936414e+02 0.918896
5.294000 1.661553e-02 5.346832e+02 4.913099e+02 0.918880
5.300000 1.665295e-02 5.321699e+02 4.889919e+02 0.918864
5.306000 1.669041e-02 5.296710e+02 4.866872e+02 0.918848
5.312000 1.672791e-02 5.271864e+02 4.843958e+02 0.918832
5.318000 1.676545e-02 5.247160e+02 4.821175e+02 0.918816
5.324000 1.680303e-02 5.222598e+02 4.798524e+02 0.918800
5.330000 1.684066e-02 5.198177e+02 4.776002e+02 0.918784
5.336000 1.687832e-02 5.173895e+02 4.753609e+02 0.918768
5.342000 1.691603e-02 5.149751e+02 4.731345e+02 0.918752
5.348000 1.695378e-02 5.125745e+02 4.709208e+02 0.918736
5.354000 1.699157e-02 5.101876e+02 4.687197e+02 0.918720
5.360000 1.702940e-02 5.078142e+02 4.665312e+02 0.918704
5.366000 1.706727e-02 5.054544e+02 4.643552e+02 0.918689
5.372000 1.710518e-02 5.031079e+02 4.621915e+02 0.918673
5.378000 1.714314e-02 5.007747e+02 4.600402e+02 0.918657
5.384000 1.718113e-02 4.984548e+02 4.579011e+02 0.918641
5.390000 1.721917e-02 4.961479e+02 4.557741e+02 0.918625
5.396000 1.725724e-02 4.938541e+02 4.536592e+02 0.918610
5.402000 1.729536e-02 4.915733e+02 4.515562e+02 0.918594
5.408000 1.733352e-02 4.893053e+02 4.494652e+02 0.918578
5.414000 1.737172e-02 4.870501e+02 4.473859e+02 0.918562
5.420000 1.740996e-02 4.848076e+02 4.453184e+02 0.918547
5.426000 1.744824e-02 4.825777e+02 4.432626e+02 0.918531
5.432000 1.748657e-02 4.803603e+02 4.412184e+02 0.918516
5.438000 1.752493e-02 4.781553e+02 4.391856e+02 0.918500
5.444000 1.756334e-02 4.759627e+02 4.371643e+02 0.918484
5.450000 1.760179e-02 4.737824e+02 4.351543e+02 0.918469
5.456000 1.764027e-02 4.716142e+02 4.331556e+02 0.918453
5.462000 1.767880e-02 4.694582e+02 4.311681e+02 0.918438
5.468000 1.771737e-02 4.673142e+02 4.291917e+02 0.918422
5.474000 1.775599e-02 4.651821e+02 4.272264e+02 0.918407
5.480000 1.779464e-02 4.630620e+02 4.252721e+02 0.918391
5.486000 1.783333e-02 4.609536e+02 4.233286e+02 0.918376
5.492000 1.787207e-02 4.588569e+02 4.213960e+02 0.918360
5.498000 1.791084e-02 4.567718e+02 4.194742e+02 0.918345
5.504000 1.794966e-02 4.546984e+02 4.175630e+02 0.918330
5.510000 1.798852e-02 4.526364e+02 4.156625e+02 0.918314
5.516000 1.802741e-02 4.505858e+02 4.137725e+02 0.918299
5.522000 1.806635e-02 4.485465e+02 4.118930e+02 0.918284
5.528000 1.810533e-02 4.465185e+02 4.100239e+02 0.918268
5.534000 1.814436e-02 4.445017e+02 4.081651e+02 0.918253
5.540000 1.818342e-02 4.424960e+02 4.063166e+02 0.918238
5.546000 1.822252e-02 4.405014e+02 4.044783e+02 0.918223
5.552000 1.826167e-02 4.385177e+02 4.026502e+02 0.918207
5.558000 1.830085e-02 4.365449e+02 4.008321e+02 0.918192
5.564000 1.834008e-02 4.345829e+02 3.990241e+02 0.918177
5.570000 1.837935e-02 4.326317e+02 3.972260e+02 0.918162
5.576000 1.841866e-02 4.306912e+02 3.954377e+02 0.918147
5.582000 1.845801e-02 4.287612e+02 3.936593e+02 0.918132
5.588000 1.849740e-02 4.268419e+02 3.918906e+02 0.918117
5.594000 1.853683e-02 4.249330e+02 3.901316e+02 0.918102
5.600000 1.857630e-02 4.230345e+02 3.883823e+02 0.918087
5.606000 1.861582e-02 4.211463e+02 3.866425e+02 0.918072
5.612000 1.865537e-02 4.192685e+02 3.849121e+02 0.918057
5.618000 1.869497e-02 4.174008e+02 3.831913e+02 0.918042
5.624000 1.873461e-02 4.155433e+02 3.814798e+02 0.918027
5.630000 1.877428e-02 4.136958e+02 3.797776e+02 0.918012
5.636000 1.881400e-02 4.118584e+02 3.780847e+02 0.917997
5.642000 1.885376e-02 4.100309e+02 3.764009e+02 0.917982
5.648000 1.889356e-02 4.082133e+02 3.747263e+02 0.917967
5.654000 1.893340e-02 4.064056e+02 3.730608e+02 0.917952
5.660000 1.897329e-02 4.046075e+02 3.714043e+02 0.917937
5.666000 1.901321e-02 4.028192e+02 3.697568e+02 0.917922
5.672000 1.905317e-02 4.010405e+02 3.681181e+02 0.917908
5.678000 1.909318e-02 3.992714e+02 3.664883e+02 0.917893
5.684000 1.913323e-02 3.975118e+02 3.648673e+02 0.917878
5.690000 1.917331e-02 3.957616e+02 3.632551e+02 0.917863
5.696000 1.921344e-02 3.940209e+02 3.616515e+02 0.917849
5.702000 1.925361e-02 3.922894e+02 3.600565e+02 0.917834
5.708000 1.929382e-02 3.905673e+02 3.584701e+02 0.917819
5.714000 1.933407e-02 3.888543e+02 3.568922e+02 0.917804
5.720000 1.937436e-02 3.871505e+02 3.553228e+02 0.917790
5.726000 1.941470e-02 3.854558e+02 3.537618e+02 0.917775
5.732000 1.945507e-02 3.837701e+02 3.522091e+02 0.917761
5.738000 1.949548e-02 3.820934e+02 3.506647e+02 0.917746
5.744000 1.953594e-02 3.804256e+02 3.491286e+02 0.917731
5.750000 1.957644e-02 3.787667e+02 3.476006e+02 0.917717
5.756000 1.961697e-02 3.771167e+02 3.460808e+02 0.917702
5.762000 1.965755e-02 3.754753e+02 3.445691e+02 0.917688
5.768000 1.969817e-02 3.738427e+02 3.430655e+02 0.917673
5.774000 1.973883e-02 3.722187e+02 3.415698e+02 0.917659
5.780000 1.977953e-02 3.706033e+02 3.400820e+02 0.917644
5.786000 1.982027e-02 3.689964e+02 3.386022e+02 0.917630
5.792000 1.986105e-02 3.673980e+02 3.371302e+02 0.917616
5.798000 1.990188e-02 3.658081e+02 3.356659e+02 0.917601
5.804000 1.994274e-02 3.642265e+02 3.342095e+02 0.917587
5.810000 1.998365e-02 3.626533e+02 3.327607e+02 0.917572
5.816000 2.002459e-02 3.610883e+02 3.313195e+02 0.917558
5.822000 2.006558e-02 3.595316e+02 3.298859e+02 0.917544
5.828000 2.010661e-02 3.579830e+02 3.284599e+02 0.917529
5.834000 2.014767e-02 3.564425e+02 3.270414e+02 0.917515
5.840000 2.018878e-02 3.549101e+02 3.256304e+02 0.917501
5.846000 2.022993e-02 3.533858e+02 3.242267e+02 0.917487
5.852000 2.027112e-02 3.518694e+02 3.228304e+02 0.917472
5.858000 2.031235e-02 3.503609e+02 3.214415e+02 0.917458
5.864000 2.035363e-02 3.488603e+02 3.200598e+02 0.917444
5.870000 2.039494e-02 3.473675e+02 3.186853e+02 0.917430
5.876000 2.043629e-02 3.458825e+02 3.173180e+02 0.917416
5.882000 2.047769e-02 3.444052e+02 3.159578e+02 0.917402
5.888000 2.051912e-02 3.429356e+02 3.146048e+02 0.917387
5.894000 2.056060e-02 3.414736e+02 3.132588e+02 0.917373
5.900000 2.060212e-02 3.400192e+02 3.119198e+02 0.917359
5.906000 2.064367e-02 3.385723e+02 3.105877e+02 0.917345
5.912000 2.068527e-02 3.371330e+02 3.092626e+02 0.917331
5.918000 2.072691e-02 3.357010e+02 3.079443e+02 0.917317
5.924000 2.076859e-02 3.342765e+02 3.066329e+02 0.917303
5.930000 2.081031e-02 3.328594e+02 3.053283e+02 0.917289
5.936000 2.085207e-02 3.314495e+02 3.040304e+02 0.917275
5.942000 2.089388e-02 3.300469e+02 3.027392e+02 0.917261
5.948000 2.093572e-02 3.286515e+02 3.014547e+02 0.917247
5.954000 2.097760e-02 3.272633e+02 3.001768e+02 0.917233
5.960000 2.101953e-02 3.258822e+02 2.989055e+02 0.917219
5.966000 2.106149e-02 3.245083e+02 2.976408e+02 0.917206
5.972000 2.110350e-02 3.231413e+02 2.963825e+02 0.917192
5.978000 2.114554e-02 3.217814e+02 2.951307e+02 0.917178
5.984000 2.118763e-02 3.204284e+02 2.938854e+02 0.917164
5.990000 2.122976e-02 3.190824e+02 2.926464e+02 0.917150
5.996000 2.127193e-02 3.177432e+02 2.914138e+02 0.917136
6.002000 2.131414e-02 3.164108e+02 2.901875e+02 0.917123
6.008000 2.135639e-02 3.150853e+02 2.889675e+02 0.917109
6.014000 2.139868e-02 3.137665e+02 2.877537e+02 0.917095
6.020000 2.144101e-02 3.124544e+02 2.865461e+02 0.917081
6.026000 2.148338e-02 3.111489e+02 2.853446e+02 0.917068
6.032000 2.152579e-02 3.098502e+02 2.841493e+02 0.917054
6.038000 2.156825e-02 3.085580e+02 2.829601e+02 0.917040
6.044000 2.161074e-02 3.072723e+02 2.817769e+02 0.917027
6.050000 2.165328e-02 3.059932e+02 2.805997e+02 0.917013
6.056000 2.169585e-02 3.047205e+02 2.794285e+02 0.916999
6.062000 2.173847e-02 3.034543e+02 2.782633e+02 0.916986
6.068000 2.178112e-02 3.021944e+02 2.771039e+02 0.916972
6.074000 2.182382e-02 3.009409e+02 2.759504e+02 0.916959
6.080000 2.186656e-02 2.996938e+02 2.748027e+02 0.916945
6.086000 2.190934e-02 2.984529e+02 2.736609e+02 0.916932
6.092000 2.195216e-02 2.972182e+02 2.725248e+02 0.916918
6.098000 2.199502e-02 2.959898e+02 2.713944e+02 0.916905
6.104000 2.203792e-02 2.947675e+02 2.702697e+02 0.916891
6.110000 2.208086e-02 2.935514e+02 2.691507e+02 0.916878
6.116000 2.212384e-02 2.923414e+02 2.680373e+02 0.916864
6.122000 2.216686e-02 2.911374e+02 2.669295e+02 0.916851
6.128000 2.220993e-02 2.899394e+02 2.658273e+02 0.916837
6.134000 2.225303e-02 2.887475e+02 2.647306e+02 0.916824
6.140000 2.229617e-02 2.875615e+02 2.636394e+02 0.916811
6.146000 2.233936e-02 2.863814e+02 2.625536e+02 0.916797
6.152000 2.238258e-02 2.852071e+02 2.614733e+02 0.916784
6.158000 2.242585e-02 2.840388e+02 2.603984e+02 0.916771
6.164000 2.246916e-02 2.828762e+02 2.593288e+02 0.916757
6.170000 2.251250e-02 2.817194e+02 2.582646e+02 0.916744
6.176000 2.255589e-02 2.805684e+02 2.572057e+02 0.916731
6.182000 2.259932e-02 2.794231e+02 2.561520e+02 0.916717
6.188000 2.264279e-02 2.782834e+02 2.551036e+02 0.916704
6.194000 2.268630e-02 2.771494e+02 2.540604e+02 0.916691
6.200000 2.272985e-02 2.760211e+02 2.530224e+02 0.916678
6.206000 2.277344e-02 2.748982e+02 2.519895e+02 0.916665
6.212000 2.281707e-02 2.737810e+02 2.509617e+02 0.916651
6.218000 2.286074e-02 2.726692e+02 2.499390e+02 0.916638
6.224000 2.290445e-02 2.715630e+02 2.489214e+02 0.916625
6.230000 2.294820e-02 2.704621e+02 2.479088e+02 0.916612
6.236000 2.299200e-02 2.693667e+02 2.469012e+02 0.916599
6.242000 2.303583e-02 2.682767e+02 2.458986e+02 0.916586
6.248000 2.307970e-02 2.671920e+02 2.449009e+02 0.916573
6.254000 2.312362e-02 2.661127e+02 2.439082e+02 0.916560
6.260000 2.316757e-02 2.650386e+02 2.429203e+02 0.916547
6.266000 2.321157e-02 2.639698e+02 2.419372e+02 0.916534
6.272000 2.325560e-02 2.629063e+02 2.409590e+02 0.916521
6.278000 2.329968e-02 2.618479e+02 2.399856e+02 0.916508
6.284000 2.334380e-02 2.607947e+02 2.390170e+02 0.916495
6.290000 2.338796e-02 2.597467e+02 2.380531e+02 0.916482
6.296000 2.343215e-02 2.587037e+02 2.370939e+02 0.916469
6.302000 2.347639e-02 2.576659e+02 2.361394e+02 0.916456
6.308000 2.352067e-02 2.566331e+02 2.351895e+02 0.916443
6.314000 2.356499e-02 2.556053e+02 2.342443e+02 0.916430
6.320000 2.360935e-02 2.545825e+02 2.333037e+02 0.916417
6.326000 2.365375e-02 2.535647e+02 2.323677e+02 0.916404
6.332000 2.369819e-02 2.525518e+02 2.314363e+02 0.916391
6.338000 2.374267e-02 2.515438e+02 2.305093e+02 0.916379
6.344000 2.378719e-02 2.505407e+02 2.295869e+02 0.916366
6.350000 2.383176e-02 2.495424e+02 2.286689e+02 0.916353
6.356000 2.387636e-02 2.485490e+02 2.277554e+02 0.916340
6.362000 2.392100e-02 2.475604e+02 2.268463e+02 0.916327
6.368000 2.396568e-02 2.465765e+02 2.259417e+02 0.916315
6.374000 2.401041e-02 2.455974e+02 2.250414e+02 0.916302
6.380000 2.405517e-02 2.446230e+02 2.241454e+02 0.916289
6.386000 2.409998e-02 2.436533e+02 2.232538e+02 0.916276
6.392000 2.414482e-02 2.426882e+02 2.223664e+02 0.916264
6.398000 2.418971e-02 2.417278e+02 2.214834e+02 0.916251
6.404000 2.423463e-02 2.407720e+02 2.206045e+02 0.916238
6.410000 2.427960e-02 2.398207e+02 2.197300e+02 0.916226
6.416000 2.432460e-02 2.388741e+02 2.188596e+02 0.916213
6.422000 2.436965e-02 2.379319e+02 2.179934e+02 0.916201
6.428000 2.441474e-02 2.369943e+02 2.171313e+02 0.916188
6.434000 2.445986e-02 2.360611e+02 2.162734e+02 0.916175
6.440000 2.450503e-02 2.351324e+02 2.154196e+02 0.916163
6.446000 2.455024e-02 2.342081e+02 2.145698e+02 0.916150
6.452000 2.459549e-02 2.332882e+02 2.137242e+02 0.916138
6.458000 2.464078e-02 2.323727e+02 2.128825e+02 0.916125
6.464000 2.468611e-02 2.314616e+02 2.120449e+02 0.916113
6.470000 2.473148e-02 2.305548e+02 2.112113e+02 0.916100
6.476000 2.477689e-02 2.296523e+02 2.103816e+02 0.916088
6.482000 2.482234e-02 2.287540e+02 2.095559e+02 0.916075
6.488000 2.486783e-02 2.278601e+02 2.087342e+02 0.916063
6.494000 2.491336e-02 2.269703e+02 2.079163e+02 0.916051
6.500000 2.495893e-02 2.260848e+02 2.071023e+02 0.916038
