23.000000 7.053361e+00 1.055566e-05 3.094628e-06 0.293173
23.001000 7.053707e+00 1.055177e-05 3.087837e-06 0.292637
23.002000 7.054054e+00 1.054788e-05 3.092411e-06 0.293179
23.003000 7.054400e+00 1.054399e-05 3.091304e-06 0.293181
23.004000 7.054747e+00 1.054011e-05 3.090197e-06 0.293184
23.005000 7.055094e+00 1.053623e-05 3.094607e-06 0.293711
23.006000 7.055440e+00 1.053235e-05 3.087984e-06 0.293190
23.007000 7.055787e+00 1.052847e-05 3.097755e-06 0.294227
23.008000 7.056133e+00 1.052459e-05 3.074268e-06 0.292103
23.009000 7.056480e+00 1.052072e-05 3.084669e-06 0.293199
23.010000 7.056826e+00 1.051684e-05 3.089072e-06 0.293726
23.011000 7.057173e+00 1.051297e-05 3.082461e-06 0.293205
23.012000 7.057519e+00 1.050910e-05 3.092216e-06 0.294242
23.013000 7.057866e+00 1.050523e-05 3.091109e-06 0.294245
23.014000 7.058212e+00 1.050136e-05 3.090003e-06 0.294248
23.015000 7.058559e+00 1.049750e-05 3.072394e-06 0.292679
23.016000 7.058905e+00 1.049363e-05 3.087793e-06 0.294254
23.017000 7.059252e+00 1.048977e-05 3.081342e-06 0.293747
23.018000 7.059598e+00 1.048591e-05 3.063279e-06 0.292133
23.019000 7.059945e+00 1.048205e-05 3.079138e-06 0.293753
23.020000 7.060291e+00 1.047819e-05 3.083377e-06 0.294266
23.021000 7.060637e+00 1.047434e-05 3.071448e-06 0.293236
23.022000 7.060984e+00 1.047048e-05 3.070349e-06 0.293239
23.023000 7.061330e+00 1.046663e-05 3.063610e-06 0.292703
23.024000 7.061677e+00 1.046278e-05 3.073635e-06 0.293769
23.025000 7.062023e+00 1.045893e-05 3.077868e-06 0.294281
23.026000 7.062369e+00 1.045508e-05 3.076767e-06 0.294284
23.027000 7.062716e+00 1.045124e-05 3.064863e-06 0.293254
23.028000 7.063062e+00 1.044739e-05 3.063767e-06 0.293257
23.029000 7.063408e+00 1.044355e-05 3.062671e-06 0.293260
23.030000 7.063755e+00 1.043971e-05 3.067047e-06 0.293787
23.031000 7.064101e+00 1.043587e-05 3.054855e-06 0.292726
23.032000 7.064447e+00 1.043203e-05 3.064855e-06 0.293793
23.033000 7.064793e+00 1.042820e-05 3.052671e-06 0.292732
23.034000 7.065140e+00 1.042436e-05 3.057200e-06 0.293275
23.035000 7.065486e+00 1.042053e-05 3.066884e-06 0.294312
23.036000 7.065832e+00 1.041670e-05 3.065788e-06 0.294315
23.037000 7.066178e+00 1.041287e-05 3.059382e-06 0.293808
23.038000 7.066525e+00 1.040904e-05 3.063598e-06 0.294321
23.039000 7.066871e+00 1.040521e-05 3.046129e-06 0.292750
23.040000 7.067217e+00 1.040139e-05 3.039265e-06 0.292198
23.041000 7.067563e+00 1.039757e-05 3.049561e-06 0.293296
23.042000 7.067909e+00 1.039374e-05 3.042865e-06 0.292759
23.043000 7.068256e+00 1.038992e-05 3.036008e-06 0.292207
23.044000 7.068602e+00 1.038611e-05 3.046293e-06 0.293305
23.045000 7.068948e+00 1.038229e-05 3.033838e-06 0.292213
23.046000 7.069294e+00 1.037847e-05 3.044118e-06 0.293311
23.047000 7.069640e+00 1.037466e-05 3.048471e-06 0.293838
23.048000 7.069986e+00 1.037085e-05 3.036348e-06 0.292777
23.049000 7.070332e+00 1.036704e-05 3.051584e-06 0.294354
23.050000 7.070678e+00 1.036323e-05 3.039771e-06 0.293323
23.051000 7.071024e+00 1.035942e-05 3.038686e-06 0.293326
23.052000 7.071370e+00 1.035562e-05 3.043033e-06 0.293853
23.053000 7.071717e+00 1.035181e-05 3.041946e-06 0.293856
23.054000 7.072063e+00 1.034801e-05 3.029848e-06 0.292795
23.055000 7.072409e+00 1.034421e-05 3.034348e-06 0.293338
23.056000 7.072755e+00 1.034041e-05 3.033265e-06 0.293341
23.057000 7.073101e+00 1.033662e-05 3.032182e-06 0.293344
23.058000 7.073447e+00 1.033282e-05 3.036521e-06 0.293872
23.059000 7.073793e+00 1.032903e-05 3.045842e-06 0.294882
23.060000 7.074139e+00 1.032523e-05 3.017626e-06 0.292257
23.061000 7.074485e+00 1.032144e-05 3.022284e-06 0.292816
23.062000 7.074830e+00 1.031765e-05 3.037457e-06 0.294394
23.063000 7.075176e+00 1.031387e-05 3.036373e-06 0.294397
23.064000 7.075522e+00 1.031008e-05 3.035290e-06 0.294400
23.065000 7.075868e+00 1.030630e-05 3.017972e-06 0.292828
23.066000 7.076214e+00 1.030251e-05 3.027865e-06 0.293896
23.067000 7.076560e+00 1.029873e-05 3.026785e-06 0.293899
23.068000 7.076906e+00 1.029495e-05 3.025706e-06 0.293902
23.069000 7.077252e+00 1.029117e-05 3.019225e-06 0.293380
23.070000 7.077598e+00 1.028740e-05 3.028801e-06 0.294419
23.071000 7.077943e+00 1.028362e-05 3.017071e-06 0.293386
23.072000 7.078289e+00 1.027985e-05 3.026641e-06 0.294425
23.073000 7.078635e+00 1.027608e-05 3.003656e-06 0.292296
23.074000 7.078981e+00 1.027231e-05 3.013845e-06 0.293395
23.075000 7.079327e+00 1.026854e-05 3.012770e-06 0.293398
23.076000 7.079673e+00 1.026477e-05 3.011696e-06 0.293401
23.077000 7.080018e+00 1.026101e-05 3.010622e-06 0.293404
23.078000 7.080364e+00 1.025724e-05 2.998304e-06 0.292311
23.079000 7.080710e+00 1.025348e-05 3.008476e-06 0.293410
23.080000 7.081056e+00 1.024972e-05 3.001867e-06 0.292873
23.081000 7.081401e+00 1.024596e-05 3.000797e-06 0.292876
23.082000 7.081747e+00 1.024221e-05 3.005260e-06 0.293419
23.083000 7.082093e+00 1.023845e-05 2.998658e-06 0.292882
23.084000 7.082438e+00 1.023470e-05 3.003119e-06 0.293425
23.085000 7.082784e+00 1.023094e-05 3.007422e-06 0.293954
23.086000 7.083130e+00 1.022719e-05 2.995453e-06 0.292891
23.087000 7.083476e+00 1.022344e-05 2.988697e-06 0.292338
23.088000 7.083821e+00 1.021970e-05 2.987632e-06 0.292341
23.089000 7.084167e+00 1.021595e-05 3.008359e-06 0.294477
23.090000 7.084512e+00 1.021221e-05 2.994835e-06 0.293260
23.091000 7.084858e+00 1.020846e-05 2.995637e-06 0.293446
23.092000 7.085204e+00 1.020472e-05 2.994570e-06 0.293449
23.093000 7.085549e+00 1.020098e-05 2.987990e-06 0.292912
23.094000 7.085895e+00 1.019724e-05 2.986925e-06 0.292915
23.095000 7.086240e+00 1.019351e-05 2.985862e-06 0.292918
23.096000 7.086586e+00 1.018977e-05 2.990306e-06 0.293462
23.097000 7.086932e+00 1.018604e-05 2.999801e-06 0.294501
23.098000 7.087277e+00 1.018231e-05 2.988177e-06 0.293468
23.099000 7.087623e+00 1.017858e-05 2.975945e-06 0.292373
23.100000 7.087968e+00 1.017485e-05 2.986050e-06 0.293474
23.101000 7.088314e+00 1.017112e-05 2.979487e-06 0.292936
23.102000 7.088659e+00 1.016739e-05 2.970906e-06 0.292199
23.103000 7.089005e+00 1.016367e-05 2.988204e-06 0.294008
23.104000 7.089350e+00 1.015995e-05 2.992335e-06 0.294523
23.105000 7.089696e+00 1.015623e-05 2.991270e-06 0.294526
23.106000 7.090041e+00 1.015251e-05 2.990206e-06 0.294529
23.107000 7.090387e+00 1.014879e-05 2.973129e-06 0.292954
23.108000 7.090732e+00 1.014508e-05 2.972071e-06 0.292957
23.109000 7.091077e+00 1.014136e-05 2.976498e-06 0.293501
23.110000 7.091423e+00 1.013765e-05 2.985953e-06 0.294541
23.111000 7.091768e+00 1.013394e-05 2.979709e-06 0.294033
23.112000 7.092114e+00 1.013023e-05 2.978649e-06 0.294036
23.113000 7.092459e+00 1.012652e-05 2.972265e-06 0.293513
23.114000 7.092804e+00 1.012281e-05 2.965732e-06 0.292975
23.115000 7.093150e+00 1.011911e-05 2.980648e-06 0.294556
23.116000 7.093495e+00 1.011540e-05 2.974413e-06 0.294048
23.117000 7.093840e+00 1.011170e-05 2.962568e-06 0.292984
23.118000 7.094186e+00 1.010800e-05 2.961514e-06 0.292987
23.119000 7.094531e+00 1.010430e-05 2.960461e-06 0.292990
23.120000 7.094876e+00 1.010060e-05 2.970185e-06 0.294060
23.121000 7.095222e+00 1.009691e-05 2.969129e-06 0.294063
23.122000 7.095567e+00 1.009322e-05 2.968074e-06 0.294066
23.123000 7.095912e+00 1.008952e-05 2.972181e-06 0.294581
23.124000 7.096257e+00 1.008583e-05 2.971125e-06 0.294584
23.125000 7.096603e+00 1.008214e-05 2.959606e-06 0.293549
23.126000 7.096948e+00 1.007845e-05 2.953100e-06 0.293011
23.127000 7.097293e+00 1.007477e-05 2.962803e-06 0.294082
23.128000 7.097638e+00 1.007108e-05 2.956452e-06 0.293558
23.129000 7.097983e+00 1.006740e-05 2.944341e-06 0.292463
23.130000 7.098329e+00 1.006372e-05 2.948903e-06 0.293023
23.131000 7.098674e+00 1.006004e-05 2.958594e-06 0.294094
23.132000 7.099019e+00 1.005636e-05 2.962690e-06 0.294609
23.133000 7.099364e+00 1.005268e-05 2.945760e-06 0.293032
23.134000 7.099709e+00 1.004901e-05 2.944714e-06 0.293035
23.135000 7.100054e+00 1.004533e-05 2.943667e-06 0.293038
23.136000 7.100400e+00 1.004166e-05 2.948058e-06 0.293583
23.137000 7.100745e+00 1.003799e-05 2.947011e-06 0.293586
23.138000 7.101090e+00 1.003432e-05 2.956383e-06 0.294627
23.139000 7.101435e+00 1.003065e-05 2.939487e-06 0.293050
23.140000 7.101780e+00 1.002699e-05 2.954283e-06 0.294633
23.141000 7.102125e+00 1.002332e-05 2.937399e-06 0.293056
23.142000 7.102470e+00 1.001966e-05 2.952186e-06 0.294639
23.143000 7.102815e+00 1.001600e-05 2.940737e-06 0.293604
23.144000 7.103160e+00 1.001234e-05 2.944964e-06 0.294133
23.145000 7.103505e+00 1.000868e-05 2.927647e-06 0.292511
23.146000 7.103850e+00 1.000502e-05 2.947997e-06 0.294652
23.147000 7.104195e+00 1.000137e-05 2.931146e-06 0.293074
23.148000 7.104540e+00 9.997715e-06 2.918783e-06 0.291945
23.149000 7.104885e+00 9.994063e-06 2.923491e-06 0.292523
23.150000 7.105230e+00 9.990412e-06 2.943814e-06 0.294664
23.151000 7.105575e+00 9.986763e-06 2.921415e-06 0.292529
23.152000 7.105920e+00 9.983116e-06 2.931355e-06 0.293631
23.153000 7.106265e+00 9.979470e-06 2.935570e-06 0.294161
23.154000 7.106610e+00 9.975825e-06 2.929275e-06 0.293637
23.155000 7.106955e+00 9.972182e-06 2.933488e-06 0.294167
23.156000 7.107300e+00 9.968541e-06 2.927197e-06 0.293643
23.157000 7.107644e+00 9.964901e-06 2.936512e-06 0.294686
23.158000 7.107989e+00 9.961263e-06 2.914164e-06 0.292550
23.159000 7.108334e+00 9.957626e-06 2.924082e-06 0.293653
23.160000 7.108679e+00 9.953991e-06 2.923045e-06 0.293656
23.161000 7.109024e+00 9.950357e-06 2.914797e-06 0.292934
23.162000 7.109369e+00 9.946725e-06 2.915581e-06 0.293120
23.163000 7.109713e+00 9.943094e-06 2.918118e-06 0.293482
23.164000 7.110058e+00 9.939465e-06 2.918901e-06 0.293668
23.165000 7.110403e+00 9.935837e-06 2.917866e-06 0.293671
23.166000 7.110748e+00 9.932211e-06 2.905903e-06 0.292574
23.167000 7.111093e+00 9.928587e-06 2.903058e-06 0.292394
23.168000 7.111437e+00 9.924964e-06 2.919993e-06 0.294207
23.169000 7.111782e+00 9.921342e-06 2.918957e-06 0.294210
23.170000 7.112127e+00 9.917722e-06 2.912697e-06 0.293686
23.171000 7.112472e+00 9.914104e-06 2.906289e-06 0.293147
23.172000 7.112816e+00 9.910487e-06 2.905259e-06 0.293150
23.173000 7.113161e+00 9.906872e-06 2.904229e-06 0.293153
23.174000 7.113506e+00 9.903258e-06 2.913789e-06 0.294225
23.175000 7.113850e+00 9.899646e-06 2.912756e-06 0.294228
23.176000 7.114195e+00 9.896035e-06 2.895616e-06 0.292604
23.177000 7.114540e+00 9.892426e-06 2.894590e-06 0.292607
23.178000 7.114884e+00 9.888818e-06 2.904449e-06 0.293710
23.179000 7.115229e+00 9.885212e-06 2.903420e-06 0.293713
23.180000 7.115574e+00 9.881607e-06 2.907600e-06 0.294244
23.181000 7.115918e+00 9.878004e-06 2.890488e-06 0.292619
23.182000 7.116263e+00 9.874402e-06 2.883781e-06 0.292046
23.183000 7.116607e+00 9.870802e-06 2.909574e-06 0.294766
23.184000 7.116952e+00 9.867203e-06 2.898281e-06 0.293729
23.185000 7.117297e+00 9.863606e-06 2.891903e-06 0.293189
23.186000 7.117641e+00 9.860011e-06 2.899625e-06 0.294079
23.187000 7.117986e+00 9.856417e-06 2.895202e-06 0.293738
23.188000 7.118330e+00 9.852824e-06 2.888831e-06 0.293198
23.189000 7.118675e+00 9.849233e-06 2.898346e-06 0.294271
23.190000 7.119019e+00 9.845644e-06 2.897320e-06 0.294274
23.191000 7.119364e+00 9.842056e-06 2.885764e-06 0.293207
23.192000 7.119708e+00 9.838469e-06 2.895269e-06 0.294280
23.193000 7.120053e+00 9.834884e-06 2.897493e-06 0.294614
23.194000 7.120397e+00 9.831301e-06 2.880903e-06 0.293034
23.195000 7.120742e+00 9.827719e-06 2.876187e-06 0.292661
23.196000 7.121086e+00 9.824138e-06 2.891173e-06 0.294293
23.197000 7.121431e+00 9.820559e-06 2.890149e-06 0.294296
23.198000 7.121775e+00 9.816982e-06 2.873133e-06 0.292670
23.199000 7.122119e+00 9.813406e-06 2.877601e-06 0.293232
23.200000 7.122464e+00 9.809831e-06 2.887083e-06 0.294305
23.201000 7.122808e+00 9.806259e-06 2.870083e-06 0.292679
23.202000 7.123153e+00 9.802687e-06 2.885040e-06 0.294311
23.203000 7.123497e+00 9.799117e-06 2.873530e-06 0.293244
23.204000 7.123841e+00 9.795549e-06 2.872513e-06 0.293247
23.205000 7.124186e+00 9.791982e-06 2.881980e-06 0.294320
23.206000 7.124530e+00 9.788416e-06 2.885985e-06 0.294837
23.207000 7.124874e+00 9.784853e-06 2.858357e-06 0.292121
23.208000 7.125219e+00 9.781290e-06 2.873761e-06 0.293802
23.209000 7.125563e+00 9.777729e-06 2.872745e-06 0.293805
23.210000 7.125907e+00 9.774170e-06 2.869944e-06 0.293625
23.211000 7.126251e+00 9.770612e-06 2.875870e-06 0.294339
23.212000 7.126596e+00 9.767056e-06 2.858933e-06 0.292712
23.213000 7.126940e+00 9.763501e-06 2.873837e-06 0.294345
23.214000 7.127284e+00 9.759947e-06 2.872821e-06 0.294348
23.215000 7.127628e+00 9.756395e-06 2.861357e-06 0.293280
23.216000 7.127973e+00 9.752845e-06 2.860345e-06 0.293283
23.217000 7.128317e+00 9.749296e-06 2.869776e-06 0.294357
23.218000 7.128661e+00 9.745749e-06 2.873766e-06 0.294874
23.219000 7.129005e+00 9.742203e-06 2.877621e-06 0.295377
23.220000 7.129349e+00 9.738658e-06 2.861593e-06 0.293839
23.221000 7.129694e+00 9.735115e-06 2.865722e-06 0.294370
23.222000 7.130038e+00 9.731574e-06 2.864709e-06 0.294373
23.223000 7.130382e+00 9.728034e-06 2.853275e-06 0.293304
23.224000 7.130726e+00 9.724495e-06 2.846826e-06 0.292748
23.225000 7.131070e+00 9.720958e-06 2.856541e-06 0.293854
23.226000 7.131414e+00 9.717423e-06 2.855531e-06 0.293857
23.227000 7.131758e+00 9.713889e-06 2.859653e-06 0.294388
23.228000 7.132102e+00 9.710356e-06 2.846464e-06 0.293137
23.229000 7.132447e+00 9.706825e-06 2.862620e-06 0.294908
23.230000 7.132791e+00 9.703296e-06 2.856624e-06 0.294397
23.231000 7.133135e+00 9.699768e-06 2.850492e-06 0.293872
23.232000 7.133479e+00 9.696241e-06 2.854607e-06 0.294403
23.233000 7.133823e+00 9.692716e-06 2.837786e-06 0.292775
23.234000 7.134167e+00 9.689192e-06 2.850822e-06 0.294227
23.235000 7.134511e+00 9.685670e-06 2.846467e-06 0.293884
23.236000 7.134855e+00 9.682149e-06 2.855553e-06 0.294930
23.237000 7.135199e+00 9.678630e-06 2.844458e-06 0.293891
23.238000 7.135543e+00 9.675113e-06 2.848565e-06 0.294422
23.239000 7.135887e+00 9.671596e-06 2.837192e-06 0.293353
23.240000 7.136231e+00 9.668082e-06 2.836190e-06 0.293356
23.241000 7.136575e+00 9.664568e-06 2.835189e-06 0.293359
23.242000 7.136918e+00 9.661056e-06 2.823205e-06 0.292225
23.243000 7.137262e+00 9.657546e-06 2.843542e-06 0.294437
23.244000 7.137606e+00 9.654037e-06 2.832188e-06 0.293368
23.245000 7.137950e+00 9.650530e-06 2.829426e-06 0.293189
23.246000 7.138294e+00 9.647024e-06 2.845492e-06 0.294961
23.247000 7.138638e+00 9.643520e-06 2.829190e-06 0.293377
23.248000 7.138982e+00 9.640017e-06 2.828192e-06 0.293380
23.249000 7.139326e+00 9.636515e-06 2.837528e-06 0.294456
23.250000 7.139670e+00 9.633015e-06 2.826196e-06 0.293386
23.251000 7.140013e+00 9.629517e-06 2.835527e-06 0.294462
23.252000 7.140357e+00 9.626020e-06 2.829438e-06 0.293936
23.253000 7.140701e+00 9.622524e-06 2.833527e-06 0.294468
23.254000 7.141045e+00 9.619030e-06 2.832528e-06 0.294471
23.255000 7.141389e+00 9.615537e-06 2.815829e-06 0.292842
23.256000 7.141732e+00 9.612046e-06 2.820220e-06 0.293405
23.257000 7.142076e+00 9.608556e-06 2.824452e-06 0.293952
23.258000 7.142420e+00 9.605068e-06 2.833475e-06 0.294998
23.259000 7.142764e+00 9.601581e-06 2.815484e-06 0.293231
23.260000 7.143107e+00 9.598096e-06 2.821466e-06 0.293961
23.261000 7.143451e+00 9.594612e-06 2.815251e-06 0.293420
23.262000 7.143795e+00 9.591130e-06 2.814258e-06 0.293423
23.263000 7.144138e+00 9.587649e-06 2.813266e-06 0.293426
23.264000 7.144482e+00 9.584169e-06 2.817490e-06 0.293973
23.265000 7.144826e+00 9.580691e-06 2.821564e-06 0.294505
23.266000 7.145169e+00 9.577215e-06 2.810292e-06 0.293435
23.267000 7.145513e+00 9.573740e-06 2.819575e-06 0.294511
23.268000 7.145857e+00 9.570266e-06 2.797419e-06 0.292303
23.269000 7.146200e+00 9.566794e-06 2.805575e-06 0.293262
23.270000 7.146544e+00 9.563323e-06 2.806332e-06 0.293447
23.271000 7.146888e+00 9.559854e-06 2.813859e-06 0.294341
23.272000 7.147231e+00 9.556386e-06 2.798998e-06 0.292893
23.273000 7.147575e+00 9.552920e-06 2.803366e-06 0.293457
23.274000 7.147918e+00 9.549455e-06 2.815801e-06 0.294865
23.275000 7.148262e+00 9.545991e-06 2.804846e-06 0.293825
23.276000 7.148605e+00 9.542529e-06 2.800405e-06 0.293466
23.277000 7.148949e+00 9.539069e-06 2.807918e-06 0.294360
23.278000 7.149292e+00 9.535610e-06 2.811837e-06 0.294878
23.279000 7.149636e+00 9.532152e-06 2.802637e-06 0.294019
23.280000 7.149979e+00 9.528696e-06 2.791118e-06 0.292917
23.281000 7.150323e+00 9.525241e-06 2.790135e-06 0.292920
23.282000 7.150666e+00 9.521788e-06 2.799677e-06 0.294029
23.283000 7.151010e+00 9.518336e-06 2.798692e-06 0.294032
23.284000 7.151353e+00 9.514886e-06 2.802742e-06 0.294564
23.285000 7.151697e+00 9.511437e-06 2.796721e-06 0.294038
23.286000 7.152040e+00 9.507989e-06 2.790558e-06 0.293496
23.287000 7.152384e+00 9.504543e-06 2.793019e-06 0.293861
23.288000 7.152727e+00 9.501098e-06 2.793769e-06 0.294047
23.289000 7.153070e+00 9.497655e-06 2.775061e-06 0.292184
23.290000 7.153414e+00 9.494214e-06 2.786631e-06 0.293508
23.291000 7.153757e+00 9.490773e-06 2.783919e-06 0.293329
23.292000 7.154101e+00 9.487334e-06 2.794862e-06 0.294589
23.293000 7.154444e+00 9.483897e-06 2.776639e-06 0.292774
23.294000 7.154787e+00 9.480461e-06 2.782711e-06 0.293521
23.295000 7.155131e+00 9.477027e-06 2.786895e-06 0.294068
23.296000 7.155474e+00 9.473594e-06 2.790931e-06 0.294601
23.297000 7.155817e+00 9.470162e-06 2.789949e-06 0.294604
23.298000 7.156161e+00 9.466732e-06 2.768009e-06 0.292393
23.299000 7.156504e+00 9.463303e-06 2.772508e-06 0.292975
23.300000 7.156847e+00 9.459876e-06 2.775116e-06 0.293356
23.301000 7.157190e+00 9.456450e-06 2.774140e-06 0.293360
23.302000 7.157534e+00 9.453025e-06 2.783323e-06 0.294437
23.303000 7.157877e+00 9.449602e-06 2.768609e-06 0.292987
23.304000 7.158220e+00 9.446181e-06 2.765912e-06 0.292807
23.305000 7.158563e+00 9.442761e-06 2.759477e-06 0.292232
23.306000 7.158906e+00 9.439342e-06 2.776133e-06 0.294102
23.307000 7.159250e+00 9.435925e-06 2.785017e-06 0.295150
23.308000 7.159593e+00 9.432509e-06 2.779178e-06 0.294638
23.309000 7.159936e+00 9.429094e-06 2.766346e-06 0.293384
23.310000 7.160279e+00 9.425681e-06 2.760082e-06 0.292826
23.311000 7.160622e+00 9.422270e-06 2.776249e-06 0.294648
23.312000 7.160966e+00 9.418860e-06 2.763430e-06 0.293393
23.313000 7.161309e+00 9.415451e-06 2.762458e-06 0.293396
23.314000 7.161652e+00 9.412044e-06 2.763204e-06 0.293582
23.315000 7.161995e+00 9.408638e-06 2.756950e-06 0.293023
23.316000 7.162338e+00 9.405233e-06 2.750537e-06 0.292448
23.317000 7.162681e+00 9.401830e-06 2.765419e-06 0.294136
23.318000 7.163024e+00 9.398429e-06 2.754044e-06 0.293032
23.319000 7.163367e+00 9.395029e-06 2.763476e-06 0.294142
23.320000 7.163710e+00 9.391630e-06 2.762505e-06 0.294145
23.321000 7.164053e+00 9.388233e-06 2.751142e-06 0.293041
23.322000 7.164396e+00 9.384837e-06 2.760565e-06 0.294152
23.323000 7.164739e+00 9.381442e-06 2.757885e-06 0.293972
23.324000 7.165082e+00 9.378049e-06 2.753511e-06 0.293612
23.325000 7.165425e+00 9.374658e-06 2.745568e-06 0.292871
23.326000 7.165768e+00 9.371268e-06 2.756689e-06 0.294164
23.327000 7.166111e+00 9.367879e-06 2.750611e-06 0.293622
23.328000 7.166454e+00 9.364491e-06 2.754754e-06 0.294170
23.329000 7.166797e+00 9.361106e-06 2.761870e-06 0.295037
23.330000 7.167140e+00 9.357721e-06 2.746008e-06 0.293448
23.331000 7.167483e+00 9.354338e-06 2.745044e-06 0.293451
23.332000 7.167826e+00 9.350956e-06 2.755846e-06 0.294713
23.333000 7.168169e+00 9.347576e-06 2.754879e-06 0.294716
23.334000 7.168512e+00 9.344197e-06 2.752208e-06 0.294537
23.335000 7.168855e+00 9.340820e-06 2.747992e-06 0.294192
23.336000 7.169197e+00 9.337444e-06 2.741932e-06 0.293649
23.337000 7.169540e+00 9.334069e-06 2.746064e-06 0.294198
23.338000 7.169883e+00 9.330696e-06 2.740008e-06 0.293655
23.339000 7.170226e+00 9.327324e-06 2.737346e-06 0.293476
23.340000 7.170569e+00 9.323954e-06 2.743174e-06 0.294207
23.341000 7.170912e+00 9.320585e-06 2.745456e-06 0.294558
23.342000 7.171254e+00 9.317217e-06 2.741250e-06 0.294213
23.343000 7.171597e+00 9.313851e-06 2.735204e-06 0.293671
23.344000 7.171940e+00 9.310486e-06 2.739327e-06 0.294220
23.345000 7.172283e+00 9.307123e-06 2.728053e-06 0.293114
23.346000 7.172626e+00 9.303761e-06 2.725399e-06 0.292935
23.347000 7.172968e+00 9.300400e-06 2.741380e-06 0.294759
23.348000 7.173311e+00 9.297041e-06 2.735486e-06 0.294232
23.349000 7.173654e+00 9.293683e-06 2.727758e-06 0.293507
23.350000 7.173996e+00 9.290327e-06 2.723271e-06 0.293130
23.351000 7.174339e+00 9.286972e-06 2.727538e-06 0.293695
23.352000 7.174682e+00 9.283619e-06 2.724890e-06 0.293516
23.353000 7.175025e+00 9.280267e-06 2.730694e-06 0.294247
23.354000 7.175367e+00 9.276916e-06 2.734660e-06 0.294781
23.355000 7.175710e+00 9.273567e-06 2.711433e-06 0.292383
23.356000 7.176052e+00 9.270219e-06 2.722760e-06 0.293710
23.357000 7.176395e+00 9.266872e-06 2.731785e-06 0.294790
23.358000 7.176738e+00 9.263527e-06 2.719163e-06 0.293534
23.359000 7.177080e+00 9.260183e-06 2.719898e-06 0.293720
23.360000 7.177423e+00 9.256841e-06 2.713737e-06 0.293160
23.361000 7.177766e+00 9.253500e-06 2.726272e-06 0.294621
23.362000 7.178108e+00 9.250161e-06 2.731779e-06 0.295322
23.363000 7.178451e+00 9.246822e-06 2.714402e-06 0.293550
23.364000 7.178793e+00 9.243486e-06 2.713451e-06 0.293553
23.365000 7.179136e+00 9.240150e-06 2.707301e-06 0.292993
23.366000 7.179478e+00 9.236816e-06 2.718280e-06 0.294288
23.367000 7.179821e+00 9.233484e-06 2.722230e-06 0.294822
23.368000 7.180163e+00 9.230153e-06 2.706138e-06 0.293185
23.369000 7.180506e+00 9.226823e-06 2.710383e-06 0.293750
23.370000 7.180848e+00 9.223494e-06 2.712793e-06 0.294118
23.371000 7.181191e+00 9.220167e-06 2.708484e-06 0.293757
23.372000 7.181533e+00 9.216842e-06 2.707536e-06 0.293760
23.373000 7.181876e+00 9.213518e-06 2.704909e-06 0.293580
23.374000 7.182218e+00 9.210195e-06 2.710674e-06 0.294312
23.375000 7.182561e+00 9.206873e-06 2.709725e-06 0.294315
23.376000 7.182903e+00 9.203553e-06 2.718418e-06 0.295366
23.377000 7.183245e+00 9.200235e-06 2.712715e-06 0.294853
23.378000 7.183588e+00 9.196917e-06 2.706880e-06 0.294325
23.379000 7.183930e+00 9.193601e-06 2.699232e-06 0.293599
23.380000 7.184273e+00 9.190287e-06 2.703311e-06 0.294149
23.381000 7.184615e+00 9.186974e-06 2.692170e-06 0.293042
23.382000 7.184957e+00 9.183662e-06 2.717334e-06 0.295888
23.383000 7.185300e+00 9.180352e-06 2.691958e-06 0.293230
23.384000 7.185642e+00 9.177043e-06 2.706077e-06 0.294875
23.385000 7.185984e+00 9.173735e-06 2.693568e-06 0.293617
23.386000 7.186327e+00 9.170429e-06 2.702513e-06 0.294699
23.387000 7.186669e+00 9.167124e-06 2.691684e-06 0.293624
23.388000 7.187011e+00 9.163821e-06 2.692411e-06 0.293809
23.389000 7.187353e+00 9.160518e-06 2.684641e-06 0.293067
23.390000 7.187696e+00 9.157218e-06 2.705135e-06 0.295410
23.391000 7.188038e+00 9.153918e-06 2.692925e-06 0.294183
23.392000 7.188380e+00 9.150620e-06 2.691984e-06 0.294186
23.393000 7.188722e+00 9.147324e-06 2.692708e-06 0.294371
23.394000 7.189065e+00 9.144029e-06 2.691767e-06 0.294374
23.395000 7.189407e+00 9.140735e-06 2.680676e-06 0.293267
23.396000 7.189749e+00 9.137442e-06 2.679739e-06 0.293270
23.397000 7.190091e+00 9.134151e-06 2.678801e-06 0.293273
23.398000 7.190433e+00 9.130862e-06 2.681346e-06 0.293657
23.399000 7.190775e+00 9.127573e-06 2.687064e-06 0.294390
23.400000 7.191118e+00 9.124286e-06 2.690976e-06 0.294925
23.401000 7.191460e+00 9.121001e-06 2.685186e-06 0.294396
23.402000 7.191802e+00 9.117716e-06 2.684247e-06 0.294399
23.403000 7.192144e+00 9.114434e-06 2.676662e-06 0.293673
23.404000 7.192486e+00 9.111152e-06 2.682371e-06 0.294405
23.405000 7.192828e+00 9.107872e-06 2.684618e-06 0.294758
23.406000 7.193170e+00 9.104593e-06 2.685338e-06 0.294943
23.407000 7.193512e+00 9.101316e-06 2.669450e-06 0.293304
23.408000 7.193854e+00 9.098040e-06 2.666860e-06 0.293125
23.409000 7.194196e+00 9.094765e-06 2.677688e-06 0.294421
23.410000 7.194538e+00 9.091492e-06 2.671777e-06 0.293877
23.411000 7.194880e+00 9.088220e-06 2.680651e-06 0.294959
23.412000 7.195222e+00 9.084949e-06 2.678061e-06 0.294780
23.413000 7.195564e+00 9.081680e-06 2.656927e-06 0.292559
23.414000 7.195906e+00 9.078412e-06 2.677844e-06 0.294968
23.415000 7.196248e+00 9.075146e-06 2.670428e-06 0.294257
23.416000 7.196590e+00 9.071881e-06 2.654142e-06 0.292568
23.417000 7.196932e+00 9.068617e-06 2.658486e-06 0.293152
23.418000 7.197274e+00 9.065355e-06 2.662669e-06 0.293719
23.419000 7.197616e+00 9.062093e-06 2.661739e-06 0.293722
23.420000 7.197958e+00 9.058834e-06 2.665769e-06 0.294273
23.421000 7.198300e+00 9.055575e-06 2.659880e-06 0.293728
23.422000 7.198642e+00 9.052318e-06 2.675057e-06 0.295511
23.423000 7.198984e+00 9.049063e-06 2.662979e-06 0.294282
23.424000 7.199326e+00 9.045809e-06 2.653641e-06 0.293356
23.425000 7.199668e+00 9.042556e-06 2.662766e-06 0.294471
23.426000 7.200009e+00 9.039304e-06 2.665002e-06 0.294824
23.427000 7.200351e+00 9.036054e-06 2.665717e-06 0.295009
23.428000 7.200693e+00 9.032805e-06 2.653388e-06 0.293750
23.429000 7.201035e+00 9.029558e-06 2.659051e-06 0.294483
23.430000 7.201377e+00 9.026312e-06 2.653179e-06 0.293938
23.431000 7.201719e+00 9.023067e-06 2.661998e-06 0.295021
23.432000 7.202060e+00 9.019823e-06 2.654627e-06 0.294310
23.433000 7.202402e+00 9.016581e-06 2.664809e-06 0.295545
23.434000 7.202744e+00 9.013340e-06 2.644392e-06 0.293386
23.435000 7.203086e+00 9.010101e-06 2.646913e-06 0.293772
23.436000 7.203427e+00 9.006863e-06 2.647629e-06 0.293957
23.437000 7.203769e+00 9.003626e-06 2.651639e-06 0.294508
23.438000 7.204111e+00 9.000391e-06 2.644144e-06 0.293781
23.439000 7.204452e+00 8.997157e-06 2.654580e-06 0.295047
23.440000 7.204794e+00 8.993924e-06 2.648865e-06 0.294517
23.441000 7.205136e+00 8.990693e-06 2.651093e-06 0.294871
23.442000 7.205478e+00 8.987463e-06 2.651804e-06 0.295056
23.443000 7.205819e+00 8.984235e-06 2.641172e-06 0.293979
23.444000 7.206161e+00 8.981007e-06 2.643538e-06 0.294348
23.445000 7.206502e+00 8.977781e-06 2.634263e-06 0.293420
23.446000 7.206844e+00 8.974557e-06 2.638410e-06 0.293988
23.447000 7.207186e+00 8.971333e-06 2.635858e-06 0.293809
23.448000 7.207527e+00 8.968112e-06 2.650908e-06 0.295593
23.449000 7.207869e+00 8.964891e-06 2.648353e-06 0.295414
23.450000 7.208210e+00 8.961672e-06 2.638015e-06 0.294366
23.451000 7.208552e+00 8.958454e-06 2.641867e-06 0.294902
23.452000 7.208894e+00 8.955237e-06 2.642577e-06 0.295087
23.453000 7.209235e+00 8.952022e-06 2.635258e-06 0.294376
23.454000 7.209577e+00 8.948808e-06 2.626009e-06 0.293448
23.455000 7.209918e+00 8.945596e-06 2.635050e-06 0.294564
23.456000 7.210260e+00 8.942385e-06 2.637269e-06 0.294918
23.457000 7.210601e+00 8.939175e-06 2.637977e-06 0.295103
23.458000 7.210943e+00 8.935966e-06 2.637058e-06 0.295106
23.459000 7.211284e+00 8.932759e-06 2.634514e-06 0.294927
23.460000 7.211626e+00 8.929553e-06 2.625567e-06 0.294031
23.461000 7.211967e+00 8.926348e-06 2.624652e-06 0.294034
23.462000 7.212309e+00 8.923145e-06 2.622114e-06 0.293855
23.463000 7.212650e+00 8.919943e-06 2.632470e-06 0.295122
23.464000 7.212991e+00 8.916743e-06 2.626801e-06 0.294592
23.465000 7.213333e+00 8.913544e-06 2.624265e-06 0.294413
23.466000 7.213674e+00 8.910346e-06 2.629721e-06 0.295131
23.467000 7.214016e+00 8.907149e-06 2.614140e-06 0.293488
23.468000 7.214357e+00 8.903954e-06 2.621525e-06 0.294423
23.469000 7.214698e+00 8.900760e-06 2.620612e-06 0.294426
23.470000 7.215040e+00 8.897568e-06 2.619700e-06 0.294429
23.471000 7.215381e+00 8.894376e-06 2.608883e-06 0.293318
23.472000 7.215722e+00 8.891186e-06 2.624234e-06 0.295150
23.473000 7.216064e+00 8.887998e-06 2.612089e-06 0.293889
23.474000 7.216405e+00 8.884811e-06 2.611180e-06 0.293893
23.475000 7.216746e+00 8.881625e-06 2.605252e-06 0.293331
23.476000 7.217088e+00 8.878440e-06 2.609363e-06 0.293899
23.477000 7.217429e+00 8.875257e-06 2.614940e-06 0.294633
23.478000 7.217770e+00 8.872075e-06 2.602533e-06 0.293340
23.479000 7.218111e+00 8.868894e-06 2.601627e-06 0.293343
23.480000 7.218453e+00 8.865715e-06 2.607346e-06 0.294093
23.481000 7.218794e+00 8.862537e-06 2.604827e-06 0.293914
23.482000 7.219135e+00 8.859360e-06 2.598912e-06 0.293352
23.483000 7.219476e+00 8.856185e-06 2.598008e-06 0.293355
23.484000 7.219817e+00 8.853011e-06 2.606968e-06 0.294473
23.485000 7.220159e+00 8.849838e-06 2.610782e-06 0.295009
23.486000 7.220500e+00 8.846666e-06 2.590141e-06 0.292782
23.487000 7.220841e+00 8.843496e-06 2.608967e-06 0.295015
23.488000 7.221182e+00 8.840327e-06 2.598491e-06 0.293936
23.489000 7.221523e+00 8.837160e-06 2.587439e-06 0.292791
23.490000 7.221864e+00 8.833994e-06 2.601534e-06 0.294491
23.491000 7.222205e+00 8.830829e-06 2.600630e-06 0.294494
23.492000 7.222547e+00 8.827665e-06 2.596485e-06 0.294130
23.493000 7.222888e+00 8.824503e-06 2.593977e-06 0.293952
23.494000 7.223229e+00 8.821342e-06 2.588086e-06 0.293389
23.495000 7.223570e+00 8.818183e-06 2.592174e-06 0.293958
23.496000 7.223911e+00 8.815024e-06 2.586287e-06 0.293395
23.497000 7.224252e+00 8.811868e-06 2.595211e-06 0.294513
23.498000 7.224593e+00 8.808712e-06 2.589472e-06 0.293967
23.499000 7.224934e+00 8.805557e-06 2.583591e-06 0.293405
23.500000 7.225275e+00 8.802404e-06 2.587673e-06 0.293973
23.501000 7.225616e+00 8.799253e-06 2.591606e-06 0.294526
23.502000 7.225957e+00 8.796102e-06 2.590706e-06 0.294529
23.503000 7.226298e+00 8.792953e-06 2.600662e-06 0.295767
23.504000 7.226639e+00 8.789805e-06 2.579105e-06 0.293420
23.505000 7.226980e+00 8.786659e-06 2.603294e-06 0.296278
23.506000 7.227321e+00 8.783514e-06 2.593394e-06 0.295257
23.507000 7.227662e+00 8.780370e-06 2.566010e-06 0.292244
23.508000 7.228003e+00 8.777227e-06 2.591593e-06 0.295263
23.509000 7.228344e+00 8.774086e-06 2.569509e-06 0.292852
23.510000 7.228684e+00 8.770946e-06 2.568616e-06 0.292855
23.511000 7.229025e+00 8.767807e-06 2.577802e-06 0.294008
23.512000 7.229366e+00 8.764670e-06 2.568426e-06 0.293043
23.513000 7.229707e+00 8.761534e-06 2.577605e-06 0.294196
23.514000 7.230048e+00 8.758399e-06 2.575118e-06 0.294017
23.515000 7.230389e+00 8.755265e-06 2.569268e-06 0.293454
23.516000 7.230730e+00 8.752133e-06 2.584405e-06 0.295289
23.517000 7.231070e+00 8.749002e-06 2.567484e-06 0.293460
23.518000 7.231411e+00 8.745873e-06 2.571544e-06 0.294029
23.519000 7.231752e+00 8.742744e-06 2.575456e-06 0.294582
23.520000 7.232093e+00 8.739617e-06 2.564811e-06 0.293469
23.521000 7.232434e+00 8.736492e-06 2.568867e-06 0.294039
23.522000 7.232774e+00 8.733367e-06 2.563031e-06 0.293476
23.523000 7.233115e+00 8.730244e-06 2.578134e-06 0.295311
23.524000 7.233456e+00 8.727122e-06 2.572578e-06 0.294780
23.525000 7.233797e+00 8.724002e-06 2.565303e-06 0.294051
23.526000 7.234137e+00 8.720883e-06 2.564413e-06 0.294054
23.527000 7.234478e+00 8.717765e-06 2.574558e-06 0.295323
23.528000 7.234819e+00 8.714648e-06 2.559283e-06 0.293676
23.529000 7.235159e+00 8.711533e-06 2.572773e-06 0.295330
23.530000 7.235500e+00 8.708418e-06 2.555924e-06 0.293500
23.531000 7.235841e+00 8.705306e-06 2.555038e-06 0.293503
23.532000 7.236181e+00 8.702194e-06 2.549070e-06 0.292923
23.533000 7.236522e+00 8.699084e-06 2.558193e-06 0.294076
23.534000 7.236863e+00 8.695975e-06 2.552380e-06 0.293513
23.535000 7.237203e+00 8.692867e-06 2.553075e-06 0.293698
23.536000 7.237544e+00 8.689761e-06 2.557112e-06 0.294267
23.537000 7.237884e+00 8.686656e-06 2.561003e-06 0.294820
23.538000 7.238225e+00 8.683552e-06 2.564756e-06 0.295358
23.539000 7.238566e+00 8.680450e-06 2.557650e-06 0.294645
23.540000 7.238906e+00 8.677349e-06 2.553568e-06 0.294280
23.541000 7.239247e+00 8.674249e-06 2.551106e-06 0.294101
23.542000 7.239587e+00 8.671150e-06 2.551798e-06 0.294286
23.543000 7.239928e+00 8.668053e-06 2.549338e-06 0.294107
23.544000 7.240268e+00 8.664957e-06 2.554796e-06 0.294842
23.545000 7.240609e+00 8.661862e-06 2.544236e-06 0.293729
23.546000 7.240949e+00 8.658768e-06 2.553026e-06 0.294849
23.547000 7.241290e+00 8.655676e-06 2.540900e-06 0.293553
23.548000 7.241630e+00 8.652585e-06 2.551257e-06 0.294855
23.549000 7.241971e+00 8.649495e-06 2.539139e-06 0.293559
23.550000 7.242311e+00 8.646407e-06 2.544732e-06 0.294311
23.551000 7.242652e+00 8.643320e-06 2.548607e-06 0.294864
23.552000 7.242992e+00 8.640234e-06 2.546154e-06 0.294686
23.553000 7.243332e+00 8.637150e-06 2.546842e-06 0.294871
23.554000 7.243673e+00 8.634066e-06 2.539639e-06 0.294142
23.555000 7.244013e+00 8.630984e-06 2.549694e-06 0.295412
23.556000 7.244354e+00 8.627904e-06 2.527945e-06 0.292996
23.557000 7.244694e+00 8.624824e-06 2.537001e-06 0.294151
23.558000 7.245034e+00 8.621746e-06 2.537689e-06 0.294336
23.559000 7.245375e+00 8.618669e-06 2.531923e-06 0.293772
23.560000 7.245715e+00 8.615593e-06 2.539110e-06 0.294711
23.561000 7.246055e+00 8.612519e-06 2.523570e-06 0.293012
23.562000 7.246396e+00 8.609446e-06 2.532612e-06 0.294167
23.563000 7.246736e+00 8.606374e-06 2.538037e-06 0.294902
23.564000 7.247076e+00 8.603303e-06 2.530859e-06 0.294173
23.565000 7.247416e+00 8.600234e-06 2.529983e-06 0.294176
23.566000 7.247757e+00 8.597166e-06 2.524231e-06 0.293612
23.567000 7.248097e+00 8.594099e-06 2.518332e-06 0.293030
23.568000 7.248437e+00 8.591034e-06 2.522484e-06 0.293618
23.569000 7.248777e+00 8.587970e-06 2.521611e-06 0.293621
23.570000 7.249118e+00 8.584907e-06 2.515717e-06 0.293040
23.571000 7.249458e+00 8.581845e-06 2.529461e-06 0.294746
23.572000 7.249798e+00 8.578785e-06 2.520552e-06 0.293812
23.573000 7.250138e+00 8.575726e-06 2.522988e-06 0.294201
23.574000 7.250478e+00 8.572668e-06 2.528394e-06 0.294937
23.575000 7.250819e+00 8.569611e-06 2.536565e-06 0.295995
23.576000 7.251159e+00 8.566556e-06 2.515509e-06 0.293643
23.577000 7.251499e+00 8.563502e-06 2.525771e-06 0.294946
23.578000 7.251839e+00 8.560449e-06 2.520182e-06 0.294398
23.579000 7.252179e+00 8.557397e-06 2.522471e-06 0.294771
23.580000 7.252519e+00 8.554347e-06 2.527731e-06 0.295491
23.581000 7.252859e+00 8.551298e-06 2.520726e-06 0.294777
23.582000 7.253199e+00 8.548250e-06 2.500130e-06 0.292473
23.583000 7.253539e+00 8.545203e-06 2.525110e-06 0.295500
23.584000 7.253879e+00 8.542158e-06 2.503559e-06 0.293083
23.585000 7.254220e+00 8.539114e-06 2.512537e-06 0.294239
23.586000 7.254560e+00 8.536071e-06 2.511669e-06 0.294242
23.587000 7.254900e+00 8.533030e-06 2.505957e-06 0.293677
23.588000 7.255240e+00 8.529990e-06 2.509933e-06 0.294248
23.589000 7.255580e+00 8.526951e-06 2.504224e-06 0.293683
23.590000 7.255920e+00 8.523913e-06 2.512896e-06 0.294805
23.591000 7.256260e+00 8.520876e-06 2.518138e-06 0.295526
23.592000 7.256600e+00 8.517841e-06 2.515721e-06 0.295347
23.593000 7.256940e+00 8.514807e-06 2.507145e-06 0.294445
23.594000 7.257279e+00 8.511774e-06 2.510970e-06 0.295000
23.595000 7.257619e+00 8.508743e-06 2.494054e-06 0.293117
23.596000 7.257959e+00 8.505713e-06 2.503002e-06 0.294273
23.597000 7.258299e+00 8.502684e-06 2.506825e-06 0.294828
23.598000 7.258639e+00 8.499656e-06 2.501273e-06 0.294279
23.599000 7.258979e+00 8.496630e-06 2.500409e-06 0.294283
23.600000 7.259319e+00 8.493604e-06 2.504229e-06 0.294837
23.601000 7.259659e+00 8.490580e-06 2.498682e-06 0.294289
23.602000 7.259999e+00 8.487558e-06 2.504041e-06 0.295025
23.603000 7.260338e+00 8.484536e-06 2.501636e-06 0.294846
23.604000 7.260678e+00 8.481516e-06 2.506856e-06 0.295567
23.605000 7.261018e+00 8.478497e-06 2.490416e-06 0.293733
23.606000 7.261358e+00 8.475479e-06 2.494371e-06 0.294304
23.607000 7.261698e+00 8.472463e-06 2.493510e-06 0.294308
23.608000 7.262037e+00 8.469447e-06 2.494187e-06 0.294492
23.609000 7.262377e+00 8.466433e-06 2.502532e-06 0.295583
23.610000 7.262717e+00 8.463421e-06 2.481162e-06 0.293163
23.611000 7.263057e+00 8.460409e-06 2.490069e-06 0.294320
23.612000 7.263396e+00 8.457399e-06 2.490745e-06 0.294505
23.613000 7.263736e+00 8.454390e-06 2.485081e-06 0.293940
23.614000 7.264076e+00 8.451382e-06 2.487492e-06 0.294330
23.615000 7.264416e+00 8.448376e-06 2.491294e-06 0.294884
23.616000 7.264755e+00 8.445370e-06 2.485775e-06 0.294336
23.617000 7.265095e+00 8.442366e-06 2.489575e-06 0.294891
23.618000 7.265435e+00 8.439363e-06 2.479263e-06 0.293774
23.619000 7.265774e+00 8.436362e-06 2.487858e-06 0.294897
23.620000 7.266114e+00 8.433361e-06 2.477553e-06 0.293780
23.621000 7.266454e+00 8.430362e-06 2.476698e-06 0.293783
23.622000 7.266793e+00 8.427364e-06 2.480634e-06 0.294355
23.623000 7.267133e+00 8.424368e-06 2.490473e-06 0.295627
23.624000 7.267472e+00 8.421372e-06 2.469199e-06 0.293206
23.625000 7.267812e+00 8.418378e-06 2.478068e-06 0.294364
23.626000 7.268152e+00 8.415385e-06 2.477214e-06 0.294367
23.627000 7.268491e+00 8.412393e-06 2.487040e-06 0.295640
23.628000 7.268831e+00 8.409403e-06 2.480147e-06 0.294925
23.629000 7.269170e+00 8.406414e-06 2.476178e-06 0.294558
23.630000 7.269510e+00 8.403426e-06 2.464094e-06 0.293225
23.631000 7.269849e+00 8.400439e-06 2.477583e-06 0.294935
23.632000 7.270189e+00 8.397453e-06 2.476729e-06 0.294938
23.633000 7.270528e+00 8.394469e-06 2.471241e-06 0.294389
23.634000 7.270868e+00 8.391486e-06 2.465617e-06 0.293824
23.635000 7.271207e+00 8.388504e-06 2.474169e-06 0.294948
23.636000 7.271547e+00 8.385523e-06 2.465439e-06 0.294011
23.637000 7.271886e+00 8.382544e-06 2.469357e-06 0.294583
23.638000 7.272226e+00 8.379566e-06 2.471613e-06 0.294957
23.639000 7.272565e+00 8.376589e-06 2.461371e-06 0.293839
23.640000 7.272905e+00 8.373613e-06 2.455611e-06 0.293256
23.641000 7.273244e+00 8.370639e-06 2.470578e-06 0.295148
23.642000 7.273583e+00 8.367665e-06 2.468209e-06 0.294970
23.643000 7.273923e+00 8.364693e-06 2.462739e-06 0.294421
23.644000 7.274262e+00 8.361722e-06 2.461890e-06 0.294424
23.645000 7.274601e+00 8.358753e-06 2.456286e-06 0.293858
23.646000 7.274941e+00 8.355784e-06 2.450538e-06 0.293274
23.647000 7.275280e+00 8.352817e-06 2.454594e-06 0.293864
23.648000 7.275620e+00 8.349851e-06 2.443794e-06 0.292675
23.649000 7.275959e+00 8.346887e-06 2.459168e-06 0.294621
23.650000 7.276298e+00 8.343923e-06 2.456807e-06 0.294443
23.651000 7.276637e+00 8.340961e-06 2.451214e-06 0.293877
23.652000 7.276977e+00 8.338000e-06 2.455116e-06 0.294449
23.653000 7.277316e+00 8.335040e-06 2.454270e-06 0.294452
23.654000 7.277655e+00 8.332081e-06 2.458029e-06 0.295008
23.655000 7.277994e+00 8.329124e-06 2.452581e-06 0.294458
23.656000 7.278334e+00 8.326168e-06 2.457848e-06 0.295196
23.657000 7.278673e+00 8.323213e-06 2.446155e-06 0.293896
23.658000 7.279012e+00 8.320259e-06 2.456156e-06 0.295202
23.659000 7.279351e+00 8.317306e-06 2.450715e-06 0.294652
23.660000 7.279691e+00 8.314355e-06 2.458930e-06 0.295745
23.661000 7.280030e+00 8.311405e-06 2.452114e-06 0.295030
23.662000 7.280369e+00 8.308456e-06 2.451270e-06 0.295033
23.663000 7.280708e+00 8.305508e-06 2.451933e-06 0.295218
23.664000 7.281047e+00 8.302562e-06 2.459883e-06 0.296280
23.665000 7.281386e+00 8.299617e-06 2.448741e-06 0.295043
23.666000 7.281725e+00 8.296673e-06 2.433717e-06 0.293337
23.667000 7.282065e+00 8.293730e-06 2.442472e-06 0.294496
23.668000 7.282404e+00 8.290788e-06 2.441632e-06 0.294499
23.669000 7.282743e+00 8.287848e-06 2.431206e-06 0.293346
23.670000 7.283082e+00 8.284908e-06 2.444533e-06 0.295059
23.671000 7.283421e+00 8.281970e-06 2.439114e-06 0.294509
23.672000 7.283760e+00 8.279034e-06 2.438275e-06 0.294512
23.673000 7.284099e+00 8.276098e-06 2.438937e-06 0.294697
23.674000 7.284438e+00 8.273164e-06 2.442673e-06 0.295253
23.675000 7.284777e+00 8.270231e-06 2.432549e-06 0.294133
23.676000 7.285116e+00 8.267299e-06 2.443936e-06 0.295615
23.677000 7.285455e+00 8.264368e-06 2.429378e-06 0.293958
23.678000 7.285794e+00 8.261438e-06 2.433249e-06 0.294531
23.679000 7.286133e+00 8.258510e-06 2.442915e-06 0.295806
23.680000 7.286472e+00 8.255583e-06 2.440578e-06 0.295628
23.681000 7.286811e+00 8.252657e-06 2.436802e-06 0.295275
23.682000 7.287150e+00 8.249732e-06 2.420358e-06 0.293386
23.683000 7.287489e+00 8.246808e-06 2.429070e-06 0.294547
23.684000 7.287828e+00 8.243886e-06 2.428236e-06 0.294550
23.685000 7.288167e+00 8.240965e-06 2.436389e-06 0.295644
23.686000 7.288506e+00 8.238045e-06 2.426567e-06 0.294556
23.687000 7.288844e+00 8.235126e-06 2.421040e-06 0.293989
23.688000 7.289183e+00 8.232209e-06 2.420208e-06 0.293993
23.689000 7.289522e+00 8.229292e-06 2.424067e-06 0.294566
23.690000 7.289861e+00 8.226377e-06 2.427786e-06 0.295122
23.691000 7.290200e+00 8.223463e-06 2.419205e-06 0.294183
23.692000 7.290539e+00 8.220551e-06 2.416884e-06 0.294005
23.693000 7.290877e+00 8.217639e-06 2.425285e-06 0.295132
23.694000 7.291216e+00 8.214729e-06 2.421396e-06 0.294763
23.695000 7.291555e+00 8.211820e-06 2.419076e-06 0.294585
23.696000 7.291894e+00 8.208912e-06 2.413565e-06 0.294018
23.697000 7.292233e+00 8.206005e-06 2.423444e-06 0.295326
23.698000 7.292571e+00 8.203099e-06 2.411907e-06 0.294024
23.699000 7.292910e+00 8.200195e-06 2.415755e-06 0.294597
23.700000 7.293249e+00 8.197292e-06 2.414926e-06 0.294600
23.701000 7.293588e+00 8.194390e-06 2.415582e-06 0.294785
23.702000 7.293926e+00 8.191489e-06 2.413268e-06 0.294607
23.703000 7.294265e+00 8.188589e-06 2.422860e-06 0.295882
23.704000 7.294604e+00 8.185691e-06 2.411611e-06 0.294613
23.705000 7.294942e+00 8.182794e-06 2.406117e-06 0.294046
23.706000 7.295281e+00 8.179897e-06 2.405291e-06 0.294049
23.707000 7.295620e+00 8.177003e-06 2.415139e-06 0.295357
23.708000 7.295958e+00 8.174109e-06 2.414310e-06 0.295361
23.709000 7.296297e+00 8.171216e-06 2.417877e-06 0.295902
23.710000 7.296636e+00 8.168325e-06 2.401991e-06 0.294062
23.711000 7.296974e+00 8.165435e-06 2.405825e-06 0.294635
23.712000 7.297313e+00 8.162546e-06 2.413910e-06 0.295730
23.713000 7.297651e+00 8.159658e-06 2.404174e-06 0.294642
23.714000 7.297990e+00 8.156772e-06 2.398696e-06 0.294074
23.715000 7.298329e+00 8.153886e-06 2.407041e-06 0.295202
23.716000 7.298667e+00 8.151002e-06 2.412078e-06 0.295924
23.717000 7.299006e+00 8.148119e-06 2.414036e-06 0.296269
23.718000 7.299344e+00 8.145237e-06 2.404565e-06 0.295211
23.719000 7.299683e+00 8.142357e-06 2.408122e-06 0.295752
23.720000 7.300021e+00 8.139477e-06 2.393763e-06 0.294093
23.721000 7.300360e+00 8.136599e-06 2.392942e-06 0.294096
23.722000 7.300698e+00 8.133722e-06 2.392122e-06 0.294099
23.723000 7.301037e+00 8.130846e-06 2.395942e-06 0.294673
23.724000 7.301375e+00 8.127971e-06 2.399624e-06 0.295230
23.725000 7.301714e+00 8.125098e-06 2.384880e-06 0.293520
23.726000 7.302052e+00 8.122225e-06 2.384062e-06 0.293523
23.727000 7.302390e+00 8.119354e-06 2.402999e-06 0.295959
23.728000 7.302729e+00 8.116484e-06 2.396336e-06 0.295243
23.729000 7.303067e+00 8.113615e-06 2.395515e-06 0.295246
23.730000 7.303406e+00 8.110748e-06 2.394694e-06 0.295249
23.731000 7.303744e+00 8.107881e-06 2.395343e-06 0.295434
23.732000 7.304082e+00 8.105016e-06 2.388562e-06 0.294702
23.733000 7.304421e+00 8.102152e-06 2.396595e-06 0.295797
23.734000 7.304759e+00 8.099289e-06 2.382301e-06 0.294137
23.735000 7.305097e+00 8.096427e-06 2.386107e-06 0.294711
23.736000 7.305436e+00 8.093566e-06 2.380668e-06 0.294143
23.737000 7.305774e+00 8.090707e-06 2.375089e-06 0.293558
23.738000 7.306112e+00 8.087849e-06 2.388139e-06 0.295275
23.739000 7.306451e+00 8.084991e-06 2.373462e-06 0.293564
23.740000 7.306789e+00 8.082136e-06 2.382024e-06 0.294727
23.741000 7.307127e+00 8.079281e-06 2.390038e-06 0.295823
23.742000 7.307465e+00 8.076427e-06 2.380393e-06 0.294733
23.743000 7.307804e+00 8.073575e-06 2.379577e-06 0.294737
23.744000 7.308142e+00 8.070723e-06 2.378763e-06 0.294740
23.745000 7.308480e+00 8.067873e-06 2.379410e-06 0.294924
23.746000 7.308818e+00 8.065024e-06 2.367776e-06 0.293586
23.747000 7.309157e+00 8.062177e-06 2.376320e-06 0.294749
23.748000 7.309495e+00 8.059330e-06 2.370903e-06 0.294181
23.749000 7.309833e+00 8.056485e-06 2.374694e-06 0.294756
23.750000 7.310171e+00 8.053640e-06 2.364535e-06 0.293598
23.751000 7.310509e+00 8.050797e-06 2.377533e-06 0.295316
23.752000 7.310847e+00 8.047955e-06 2.376720e-06 0.295320
23.753000 7.311186e+00 8.045115e-06 2.380241e-06 0.295862
23.754000 7.311524e+00 8.042275e-06 2.376550e-06 0.295507
23.755000 7.311862e+00 8.039437e-06 2.374281e-06 0.295329
23.756000 7.312200e+00 8.036599e-06 2.369011e-06 0.294778
23.757000 7.312538e+00 8.033763e-06 2.358875e-06 0.293620
23.758000 7.312876e+00 8.030928e-06 2.367390e-06 0.294784
23.759000 7.313214e+00 8.028094e-06 2.366580e-06 0.294787
23.760000 7.313552e+00 8.025262e-06 2.362637e-06 0.294400
23.761000 7.313890e+00 8.022430e-06 2.355648e-06 0.293633
23.762000 7.314228e+00 8.019600e-06 2.372924e-06 0.295891
23.763000 7.314566e+00 8.016771e-06 2.364796e-06 0.294981
23.764000 7.314904e+00 8.013943e-06 2.353231e-06 0.293642
23.765000 7.315242e+00 8.011116e-06 2.357148e-06 0.294235
23.766000 7.315580e+00 8.008290e-06 2.371131e-06 0.296085
23.767000 7.315918e+00 8.005466e-06 2.360113e-06 0.294813
23.768000 7.316256e+00 8.002642e-06 2.363747e-06 0.295371
23.769000 7.316594e+00 7.999820e-06 2.349209e-06 0.293658
23.770000 7.316932e+00 7.996999e-06 2.357693e-06 0.294822
23.771000 7.317270e+00 7.994179e-06 2.356887e-06 0.294825
23.772000 7.317608e+00 7.991360e-06 2.356082e-06 0.294829
23.773000 7.317946e+00 7.988543e-06 2.355276e-06 0.294832
23.774000 7.318284e+00 7.985726e-06 2.349904e-06 0.294263
23.775000 7.318621e+00 7.982911e-06 2.358098e-06 0.295393
23.776000 7.318959e+00 7.980097e-06 2.352862e-06 0.294841
23.777000 7.319297e+00 7.977284e-06 2.369039e-06 0.296973
23.778000 7.319635e+00 7.974472e-06 2.346693e-06 0.294276
23.779000 7.319973e+00 7.971661e-06 2.345891e-06 0.294279
23.780000 7.320311e+00 7.968852e-06 2.354072e-06 0.295409
23.781000 7.320648e+00 7.966043e-06 2.348845e-06 0.294857
23.782000 7.320986e+00 7.963236e-06 2.343488e-06 0.294288
23.783000 7.321324e+00 7.960430e-06 2.355954e-06 0.295958
23.784000 7.321662e+00 7.957625e-06 2.346439e-06 0.294867
23.785000 7.322000e+00 7.954821e-06 2.345638e-06 0.294870
23.786000 7.322337e+00 7.952019e-06 2.349252e-06 0.295428
23.787000 7.322675e+00 7.949217e-06 2.344036e-06 0.294876
23.788000 7.323013e+00 7.946417e-06 2.343235e-06 0.294879
23.789000 7.323351e+00 7.943618e-06 2.337890e-06 0.294310
23.790000 7.323688e+00 7.940819e-06 2.337091e-06 0.294314
23.791000 7.324026e+00 7.938023e-06 2.350964e-06 0.296165
23.792000 7.324364e+00 7.935227e-06 2.330813e-06 0.293730
23.793000 7.324701e+00 7.932432e-06 2.343644e-06 0.295451
23.794000 7.325039e+00 7.929639e-06 2.338439e-06 0.294899
23.795000 7.325377e+00 7.926846e-06 2.347757e-06 0.296178
23.796000 7.325714e+00 7.924055e-06 2.342679e-06 0.295641
23.797000 7.326052e+00 7.921265e-06 2.340446e-06 0.295464
23.798000 7.326390e+00 7.918476e-06 2.335248e-06 0.294911
23.799000 7.326727e+00 7.915688e-06 2.325247e-06 0.293752
23.800000 7.327065e+00 7.912901e-06 2.333655e-06 0.294918
23.801000 7.327402e+00 7.910116e-06 2.338685e-06 0.295657
23.802000 7.327740e+00 7.907332e-06 2.336456e-06 0.295480
23.803000 7.328077e+00 7.904548e-06 2.331267e-06 0.294927
23.804000 7.328415e+00 7.901766e-06 2.334862e-06 0.295486
23.805000 7.328752e+00 7.898985e-06 2.338330e-06 0.296029
23.806000 7.329090e+00 7.896205e-06 2.328881e-06 0.294937
23.807000 7.329428e+00 7.893427e-06 2.336735e-06 0.296036
23.808000 7.329765e+00 7.890649e-06 2.331678e-06 0.295499
23.809000 7.330103e+00 7.887873e-06 2.327927e-06 0.295127
23.810000 7.330440e+00 7.885097e-06 2.321190e-06 0.294377
23.811000 7.330777e+00 7.882323e-06 2.333550e-06 0.296049
23.812000 7.331115e+00 7.879550e-06 2.336890e-06 0.296577
23.813000 7.331452e+00 7.876778e-06 2.323327e-06 0.294959
23.814000 7.331790e+00 7.874007e-06 2.313374e-06 0.293799
23.815000 7.332127e+00 7.871238e-06 2.326119e-06 0.295521
23.816000 7.332465e+00 7.868469e-06 2.320952e-06 0.294969
23.817000 7.332802e+00 7.865702e-06 2.311008e-06 0.293808
23.818000 7.333139e+00 7.862936e-06 2.320793e-06 0.295156
23.819000 7.333477e+00 7.860170e-06 2.327195e-06 0.296074
23.820000 7.333814e+00 7.857406e-06 2.317789e-06 0.294981
23.821000 7.334151e+00 7.854644e-06 2.321367e-06 0.295541
23.822000 7.334489e+00 7.851882e-06 2.311711e-06 0.294415
23.823000 7.334826e+00 7.849121e-06 2.315420e-06 0.294991
23.824000 7.335163e+00 7.846362e-06 2.323233e-06 0.296090
23.825000 7.335501e+00 7.843603e-06 2.304713e-06 0.293833
23.826000 7.335838e+00 7.840846e-06 2.313054e-06 0.295001
23.827000 7.336175e+00 7.838090e-06 2.316625e-06 0.295560
23.828000 7.336513e+00 7.835335e-06 2.306988e-06 0.294434
23.829000 7.336850e+00 7.832581e-06 2.310691e-06 0.295010
23.830000 7.337187e+00 7.829828e-06 2.300789e-06 0.293849
23.831000 7.337524e+00 7.827077e-06 2.313471e-06 0.295573
23.832000 7.337862e+00 7.824326e-06 2.308331e-06 0.295020
23.833000 7.338199e+00 7.821577e-06 2.313311e-06 0.295760
23.834000 7.338536e+00 7.818829e-06 2.297655e-06 0.293862
23.835000 7.338873e+00 7.816081e-06 2.305973e-06 0.295029
23.836000 7.339210e+00 7.813335e-06 2.305188e-06 0.295033
23.837000 7.339548e+00 7.810591e-06 2.295308e-06 0.293871
23.838000 7.339885e+00 7.807847e-06 2.303618e-06 0.295039
23.839000 7.340222e+00 7.805104e-06 2.293745e-06 0.293878
23.840000 7.340559e+00 7.802363e-06 2.306392e-06 0.295602
23.841000 7.340896e+00 7.799622e-06 2.309823e-06 0.296145
23.842000 7.341233e+00 7.796883e-06 2.304822e-06 0.295608
23.843000 7.341570e+00 7.794145e-06 2.304038e-06 0.295611
23.844000 7.341907e+00 7.791408e-06 2.307466e-06 0.296155
23.845000 7.342244e+00 7.788672e-06 2.298135e-06 0.295061
23.846000 7.342582e+00 7.785937e-06 2.292888e-06 0.294491
23.847000 7.342919e+00 7.783203e-06 2.300904e-06 0.295624
23.848000 7.343256e+00 7.780470e-06 2.295790e-06 0.295071
23.849000 7.343593e+00 7.777739e-06 2.299338e-06 0.295631
23.850000 7.343930e+00 7.775008e-06 2.289769e-06 0.294504
23.851000 7.344267e+00 7.772279e-06 2.288989e-06 0.294507
23.852000 7.344604e+00 7.769551e-06 2.296993e-06 0.295640
23.853000 7.344941e+00 7.766824e-06 2.291887e-06 0.295087
23.854000 7.345278e+00 7.764098e-06 2.291108e-06 0.295090
23.855000 7.345615e+00 7.761373e-06 2.298847e-06 0.296191
23.856000 7.345952e+00 7.758650e-06 2.280508e-06 0.293931
23.857000 7.346288e+00 7.755927e-06 2.288771e-06 0.295100
23.858000 7.346625e+00 7.753205e-06 2.284947e-06 0.294710
23.859000 7.346962e+00 7.750485e-06 2.282768e-06 0.294532
23.860000 7.347299e+00 7.747766e-06 2.294943e-06 0.296207
23.861000 7.347636e+00 7.745048e-06 2.289973e-06 0.295669
23.862000 7.347973e+00 7.742330e-06 2.284883e-06 0.295116
23.863000 7.348310e+00 7.739615e-06 2.284106e-06 0.295119
23.864000 7.348647e+00 7.736900e-06 2.283329e-06 0.295122
23.865000 7.348984e+00 7.734186e-06 2.282553e-06 0.295125
23.866000 7.349320e+00 7.731473e-06 2.286084e-06 0.295685
23.867000 7.349657e+00 7.728762e-06 2.293554e-06 0.296756
23.868000 7.349994e+00 7.726051e-06 2.284531e-06 0.295692
23.869000 7.350331e+00 7.723342e-06 2.275019e-06 0.294564
23.870000 7.350668e+00 7.720634e-06 2.282978e-06 0.295698
23.871000 7.351004e+00 7.717927e-06 2.290439e-06 0.296769
23.872000 7.351341e+00 7.715221e-06 2.268132e-06 0.293982
23.873000 7.351678e+00 7.712516e-06 2.276355e-06 0.295151
23.874000 7.352015e+00 7.709812e-06 2.279878e-06 0.295711
23.875000 7.352351e+00 7.707109e-06 2.279103e-06 0.295714
23.876000 7.352688e+00 7.704407e-06 2.282499e-06 0.296259
23.877000 7.353025e+00 7.701707e-06 2.281724e-06 0.296262
23.878000 7.353362e+00 7.699007e-06 2.263512e-06 0.294000
23.879000 7.353698e+00 7.696309e-06 2.267301e-06 0.294596
23.880000 7.354035e+00 7.693612e-06 2.261974e-06 0.294007
23.881000 7.354372e+00 7.690916e-06 2.274464e-06 0.295734
23.882000 7.354708e+00 7.688221e-06 2.277854e-06 0.296278
23.883000 7.355045e+00 7.685527e-06 2.264222e-06 0.294609
23.884000 7.355381e+00 7.682834e-06 2.263453e-06 0.294612
23.885000 7.355718e+00 7.680142e-06 2.262685e-06 0.294615
23.886000 7.356055e+00 7.677452e-06 2.270606e-06 0.295750
23.887000 7.356391e+00 7.674762e-06 2.265557e-06 0.295196
23.888000 7.356728e+00 7.672073e-06 2.260381e-06 0.294624
23.889000 7.357064e+00 7.669386e-06 2.272448e-06 0.296301
23.890000 7.357401e+00 7.666700e-06 2.267525e-06 0.295763
23.891000 7.357738e+00 7.664015e-06 2.262483e-06 0.295209
23.892000 7.358074e+00 7.661331e-06 2.265986e-06 0.295769
23.893000 7.358411e+00 7.658648e-06 2.265218e-06 0.295773
23.894000 7.358747e+00 7.655966e-06 2.255781e-06 0.294644
23.895000 7.359084e+00 7.653285e-06 2.259413e-06 0.295221
23.896000 7.359420e+00 7.650605e-06 2.258647e-06 0.295225
23.897000 7.359757e+00 7.647926e-06 2.248953e-06 0.294061
23.898000 7.360093e+00 7.645249e-06 2.261378e-06 0.295789
23.899000 7.360430e+00 7.642572e-06 2.260611e-06 0.295792
23.900000 7.360766e+00 7.639897e-06 2.263983e-06 0.296337
23.901000 7.361102e+00 7.637223e-06 2.245902e-06 0.294073
23.902000 7.361439e+00 7.634550e-06 2.240469e-06 0.293464
23.903000 7.361775e+00 7.631877e-06 2.253289e-06 0.295247
23.904000 7.362112e+00 7.629206e-06 2.252525e-06 0.295250
23.905000 7.362448e+00 7.626536e-06 2.247378e-06 0.294679
23.906000 7.362784e+00 7.623868e-06 2.246615e-06 0.294682
23.907000 7.363121e+00 7.621200e-06 2.245854e-06 0.294685
23.908000 7.363457e+00 7.618533e-06 2.249472e-06 0.295263
23.909000 7.363793e+00 7.615867e-06 2.248709e-06 0.295266
23.910000 7.364130e+00 7.613203e-06 2.247947e-06 0.295270
23.911000 7.364466e+00 7.610539e-06 2.242809e-06 0.294698
23.912000 7.364802e+00 7.607877e-06 2.250668e-06 0.295834
23.913000 7.365139e+00 7.605216e-06 2.245662e-06 0.295279
23.914000 7.365475e+00 7.602556e-06 2.244901e-06 0.295282
23.915000 7.365811e+00 7.599896e-06 2.239770e-06 0.294711
23.916000 7.366148e+00 7.597238e-06 2.243379e-06 0.295289
23.917000 7.366484e+00 7.594581e-06 2.242619e-06 0.295292
23.918000 7.366820e+00 7.591926e-06 2.246096e-06 0.295853
23.919000 7.367156e+00 7.589271e-06 2.245336e-06 0.295857
23.920000 7.367492e+00 7.586617e-06 2.240341e-06 0.295302
23.921000 7.367829e+00 7.583964e-06 2.243815e-06 0.295863
23.922000 7.368165e+00 7.581313e-06 2.238823e-06 0.295308
23.923000 7.368501e+00 7.578662e-06 2.224568e-06 0.293530
23.924000 7.368837e+00 7.576013e-06 2.228454e-06 0.294146
23.925000 7.369173e+00 7.573365e-06 2.227699e-06 0.294149
23.926000 7.369510e+00 7.570717e-06 2.231436e-06 0.294746
23.927000 7.369846e+00 7.568071e-06 2.230680e-06 0.294749
23.928000 7.370182e+00 7.565426e-06 2.225436e-06 0.294159
23.929000 7.370518e+00 7.562782e-06 2.241845e-06 0.296431
23.930000 7.370854e+00 7.560139e-06 2.232765e-06 0.295334
23.931000 7.371190e+00 7.557497e-06 2.232009e-06 0.295337
23.932000 7.371526e+00 7.554856e-06 2.235472e-06 0.295899
23.933000 7.371862e+00 7.552216e-06 2.234715e-06 0.295902
23.934000 7.372198e+00 7.549578e-06 2.225398e-06 0.294771
23.935000 7.372534e+00 7.546940e-06 2.224645e-06 0.294774
23.936000 7.372870e+00 7.544304e-06 2.232447e-06 0.295912
23.937000 7.373206e+00 7.541668e-06 2.227479e-06 0.295356
23.938000 7.373542e+00 7.539034e-06 2.230936e-06 0.295918
23.939000 7.373878e+00 7.536400e-06 2.230182e-06 0.295921
23.940000 7.374214e+00 7.533768e-06 2.229427e-06 0.295925
23.941000 7.374550e+00 7.531137e-06 2.220131e-06 0.294794
23.942000 7.374886e+00 7.528507e-06 2.223713e-06 0.295372
23.943000 7.375222e+00 7.525878e-06 2.227165e-06 0.295934
23.944000 7.375558e+00 7.523250e-06 2.217878e-06 0.294803
23.945000 7.375894e+00 7.520623e-06 2.229740e-06 0.296483
23.946000 7.376230e+00 7.517997e-06 2.224906e-06 0.295944
23.947000 7.376566e+00 7.515372e-06 2.228232e-06 0.296490
23.948000 7.376902e+00 7.512748e-06 2.219204e-06 0.295392
23.949000 7.377238e+00 7.510126e-06 2.214129e-06 0.294819
23.950000 7.377574e+00 7.507504e-06 2.217703e-06 0.295398
23.951000 7.377909e+00 7.504883e-06 2.216953e-06 0.295401
23.952000 7.378245e+00 7.502264e-06 2.220396e-06 0.295963
23.953000 7.378581e+00 7.499646e-06 2.211135e-06 0.294832
23.954000 7.378917e+00 7.497028e-06 2.210388e-06 0.294835
23.955000 7.379253e+00 7.494412e-06 2.205189e-06 0.294244
23.956000 7.379589e+00 7.491797e-06 2.217395e-06 0.295976
23.957000 7.379924e+00 7.489182e-06 2.212460e-06 0.295421
23.958000 7.380260e+00 7.486569e-06 2.207400e-06 0.294848
23.959000 7.380596e+00 7.483957e-06 2.215148e-06 0.295986
23.960000 7.380932e+00 7.481346e-06 2.205908e-06 0.294854
23.961000 7.381267e+00 7.478736e-06 2.213651e-06 0.295993
23.962000 7.381603e+00 7.476127e-06 2.199975e-06 0.294267
23.963000 7.381939e+00 7.473519e-06 2.207977e-06 0.295440
23.964000 7.382275e+00 7.470913e-06 2.198488e-06 0.294273
23.965000 7.382610e+00 7.468307e-06 2.210661e-06 0.296006
23.966000 7.382946e+00 7.465702e-06 2.209914e-06 0.296009
23.967000 7.383282e+00 7.463099e-06 2.200695e-06 0.294877
23.968000 7.383617e+00 7.460496e-06 2.208422e-06 0.296015
23.969000 7.383953e+00 7.457895e-06 2.207676e-06 0.296019
23.970000 7.384289e+00 7.455294e-06 2.184732e-06 0.293044
23.971000 7.384624e+00 7.452695e-06 2.206185e-06 0.296025
23.972000 7.384960e+00 7.450096e-06 2.209486e-06 0.296572
23.973000 7.385295e+00 7.447499e-06 2.204695e-06 0.296032
23.974000 7.385631e+00 7.444903e-06 2.199787e-06 0.295476
23.975000 7.385967e+00 7.442308e-06 2.190331e-06 0.294308
23.976000 7.386302e+00 7.439714e-06 2.202463e-06 0.296041
23.977000 7.386638e+00 7.437120e-06 2.197560e-06 0.295485
23.978000 7.386973e+00 7.434528e-06 2.192532e-06 0.294912
23.979000 7.387309e+00 7.431937e-06 2.196076e-06 0.295492
23.980000 7.387644e+00 7.429347e-06 2.199491e-06 0.296054
23.981000 7.387980e+00 7.426759e-06 2.194594e-06 0.295498
23.982000 7.388315e+00 7.424171e-06 2.193853e-06 0.295501
23.983000 7.388651e+00 7.421584e-06 2.188834e-06 0.294928
23.984000 7.388986e+00 7.418998e-06 2.188095e-06 0.294931
23.985000 7.389322e+00 7.416413e-06 2.191632e-06 0.295511
23.986000 7.389657e+00 7.413830e-06 2.189490e-06 0.295325
23.987000 7.389993e+00 7.411247e-06 2.181472e-06 0.294346
23.988000 7.390328e+00 7.408666e-06 2.185142e-06 0.294944
23.989000 7.390664e+00 7.406085e-06 2.184405e-06 0.294947
23.990000 7.390999e+00 7.403506e-06 2.183668e-06 0.294951
23.991000 7.391334e+00 7.400927e-06 2.187200e-06 0.295530
23.992000 7.391670e+00 7.398350e-06 2.182195e-06 0.294957
23.993000 7.392005e+00 7.395773e-06 2.167823e-06 0.293116
23.994000 7.392341e+00 7.393198e-06 2.174925e-06 0.294179
23.995000 7.392676e+00 7.390624e-06 2.184250e-06 0.295543
23.996000 7.393011e+00 7.388051e-06 2.183514e-06 0.295547
23.997000 7.393347e+00 7.385478e-06 2.182777e-06 0.295550
23.998000 7.393682e+00 7.382907e-06 2.182041e-06 0.295553
23.999000 7.394017e+00 7.380337e-06 2.177048e-06 0.294979
24.000000 7.394352e+00 7.377768e-06 2.180570e-06 0.295560
