0.500000 3.731432e-05 2.918016e+07 2.837642e+07 0.972456
0.506000 3.821520e-05 2.782040e+07 2.704984e+07 0.972302
0.512000 3.912683e-05 2.653893e+07 2.579982e+07 0.972150
0.518000 4.004921e-05 2.533040e+07 2.462114e+07 0.972000
0.524000 4.098232e-05 2.418987e+07 2.350896e+07 0.971851
0.530000 4.192619e-05 2.311282e+07 2.245883e+07 0.971704
0.536000 4.288079e-05 2.209505e+07 2.146664e+07 0.971559
0.542000 4.384615e-05 2.113268e+07 2.052861e+07 0.971415
0.548000 4.482224e-05 2.022214e+07 1.964122e+07 0.971273
0.554000 4.580908e-05 1.936012e+07 1.880124e+07 0.971133
0.560000 4.680667e-05 1.854353e+07 1.800565e+07 0.970993
0.566000 4.781499e-05 1.776955e+07 1.725167e+07 0.970856
0.572000 4.883407e-05 1.703553e+07 1.653672e+07 0.970720
0.578000 4.986388e-05 1.633901e+07 1.585840e+07 0.970585
0.584000 5.090444e-05 1.567773e+07 1.521448e+07 0.970452
0.590000 5.195575e-05 1.504957e+07 1.460289e+07 0.970320
0.596000 5.301779e-05 1.445255e+07 1.402171e+07 0.970189
0.602000 5.409059e-05 1.388484e+07 1.346913e+07 0.970060
0.608000 5.517412e-05 1.334474e+07 1.294348e+07 0.969932
0.614000 5.626840e-05 1.283064e+07 1.244321e+07 0.969805
0.620000 5.737342e-05 1.234105e+07 1.196686e+07 0.969679
0.626000 5.848919e-05 1.187460e+07 1.151308e+07 0.969555
0.632000 5.961570e-05 1.142997e+07 1.108058e+07 0.969432
0.638000 6.075295e-05 1.100596e+07 1.066819e+07 0.969310
0.644000 6.190095e-05 1.060143e+07 1.027479e+07 0.969189
0.650000 6.305968e-05 1.021531e+07 9.899346e+06 0.969069
0.656000 6.422917e-05 9.846615e+06 9.540883e+06 0.968951
0.662000 6.540939e-05 9.494399e+06 9.198487e+06 0.968833
0.668000 6.660036e-05 9.157790e+06 8.871303e+06 0.968717
0.674000 6.780207e-05 8.835966e+06 8.558526e+06 0.968601
0.680000 6.901452e-05 8.528154e+06 8.259403e+06 0.968487
0.686000 7.023772e-05 8.233628e+06 7.973224e+06 0.968373
0.692000 7.147166e-05 7.951706e+06 7.699325e+06 0.968261
0.698000 7.271634e-05 7.681747e+06 7.437077e+06 0.968149
0.704000 7.397176e-05 7.423146e+06 7.185893e+06 0.968039
0.710000 7.523793e-05 7.175335e+06 6.945215e+06 0.967929
0.716000 7.651484e-05 6.937778e+06 6.714523e+06 0.967820
0.722000 7.780249e-05 6.709969e+06 6.493323e+06 0.967713
0.728000 7.910089e-05 6.491434e+06 6.281150e+06 0.967606
0.734000 8.041002e-05 6.281723e+06 6.077566e+06 0.967500
0.740000 8.172990e-05 6.080411e+06 5.882157e+06 0.967395
0.746000 8.306052e-05 5.887098e+06 5.694533e+06 0.967290
0.752000 8.440188e-05 5.701406e+06 5.514325e+06 0.967187
0.758000 8.575398e-05 5.522977e+06 5.341184e+06 0.967084
0.764000 8.711683e-05 5.351472e+06 5.174780e+06 0.966983
0.770000 8.849042e-05 5.186573e+06 5.014801e+06 0.966882
0.776000 8.987475e-05 5.027975e+06 4.860952e+06 0.966781
0.782000 9.126982e-05 4.875393e+06 4.712954e+06 0.966682
0.788000 9.267563e-05 4.728554e+06 4.570540e+06 0.966583
0.794000 9.409218e-05 4.587201e+06 4.433462e+06 0.966485
0.800000 9.551947e-05 4.451090e+06 4.301480e+06 0.966388
0.806000 9.695751e-05 4.319989e+06 4.174369e+06 0.966292
0.812000 9.840629e-05 4.193679e+06 4.051915e+06 0.966196
0.818000 9.986580e-05 4.071951e+06 3.933915e+06 0.966101
0.824000 1.013361e-04 3.954607e+06 3.820175e+06 0.966006
0.830000 1.028171e-04 3.841459e+06 3.710514e+06 0.965913
0.836000 1.043088e-04 3.732328e+06 3.604756e+06 0.965820
0.842000 1.058113e-04 3.627045e+06 3.502736e+06 0.965727
0.848000 1.073245e-04 3.525447e+06 3.404298e+06 0.965636
0.854000 1.088485e-04 3.427382e+06 3.309290e+06 0.965545
0.860000 1.103832e-04 3.332701e+06 3.217571e+06 0.965454
0.866000 1.119286e-04 3.241268e+06 3.129004e+06 0.965364
0.872000 1.134848e-04 3.152947e+06 3.043462e+06 0.965275
0.878000 1.150517e-04 3.067615e+06 2.960821e+06 0.965187
0.884000 1.166294e-04 2.985149e+06 2.880964e+06 0.965099
0.890000 1.182178e-04 2.905435e+06 2.803778e+06 0.965011
0.896000 1.198169e-04 2.828364e+06 2.729158e+06 0.964925
0.902000 1.214268e-04 2.753831e+06 2.657002e+06 0.964839
0.908000 1.230474e-04 2.681736e+06 2.587213e+06 0.964753
0.914000 1.246788e-04 2.611985e+06 2.519698e+06 0.964668
0.920000 1.263209e-04 2.544487e+06 2.454370e+06 0.964583
0.926000 1.279737e-04 2.479154e+06 2.391143e+06 0.964500
0.932000 1.296373e-04 2.415905e+06 2.329938e+06 0.964416
0.938000 1.313116e-04 2.354659e+06 2.270676e+06 0.964333
0.944000 1.329967e-04 2.295342e+06 2.213285e+06 0.964251
0.950000 1.346925e-04 2.237880e+06 2.157695e+06 0.964169
0.956000 1.363990e-04 2.182205e+06 2.103837e+06 0.964088
0.962000 1.381163e-04 2.128250e+06 2.051648e+06 0.964007
0.968000 1.398443e-04 2.075952e+06 2.001066e+06 0.963927
0.974000 1.415830e-04 2.025250e+06 1.952031e+06 0.963847
0.980000 1.433325e-04 1.976086e+06 1.904489e+06 0.963768
0.986000 1.450928e-04 1.928405e+06 1.858383e+06 0.963689
0.992000 1.468637e-04 1.882153e+06 1.813663e+06 0.963611
0.998000 1.486454e-04 1.837279e+06 1.770279e+06 0.963533
1.004000 1.504379e-04 1.793734e+06 1.728183e+06 0.963456
1.010000 1.522410e-04 1.751471e+06 1.687330e+06 0.963379
1.016000 1.540550e-04 1.710446e+06 1.647676e+06 0.963302
1.022000 1.558796e-04 1.670614e+06 1.609179e+06 0.963226
1.028000 1.577150e-04 1.631935e+06 1.571799e+06 0.963151
1.034000 1.595611e-04 1.594368e+06 1.535497e+06 0.963076
1.040000 1.614180e-04 1.557876e+06 1.500236e+06 0.963001
1.046000 1.632856e-04 1.522422e+06 1.465981e+06 0.962927
1.052000 1.651639e-04 1.487970e+06 1.432696e+06 0.962853
1.058000 1.670530e-04 1.454487e+06 1.400351e+06 0.962779
1.064000 1.689528e-04 1.421941e+06 1.368912e+06 0.962706
1.070000 1.708634e-04 1.390299e+06 1.338349e+06 0.962634
1.076000 1.727847e-04 1.359533e+06 1.308634e+06 0.962562
1.082000 1.747167e-04 1.329612e+06 1.279738e+06 0.962490
1.088000 1.766595e-04 1.300510e+06 1.251635e+06 0.962419
1.094000 1.786130e-04 1.272200e+06 1.224298e+06 0.962348
1.100000 1.805772e-04 1.244655e+06 1.197703e+06 0.962277
1.106000 1.825522e-04 1.217852e+06 1.171825e+06 0.962207
1.112000 1.845379e-04 1.191766e+06 1.146642e+06 0.962137
1.118000 1.865343e-04 1.166375e+06 1.122131e+06 0.962068
1.124000 1.885415e-04 1.141656e+06 1.098271e+06 0.961999
1.130000 1.905594e-04 1.117588e+06 1.075041e+06 0.961930
1.136000 1.925881e-04 1.094151e+06 1.052422e+06 0.961862
1.142000 1.946274e-04 1.071325e+06 1.030394e+06 0.961794
1.148000 1.966776e-04 1.049091e+06 1.008938e+06 0.961726
1.154000 1.987384e-04 1.027430e+06 9.880375e+05 0.961659
1.160000 2.008100e-04 1.006326e+06 9.676748e+05 0.961592
1.166000 2.028923e-04 9.857604e+05 9.478336e+05 0.961525
1.172000 2.049854e-04 9.657174e+05 9.284977e+05 0.961459
1.178000 2.070892e-04 9.461810e+05 9.096520e+05 0.961393
1.184000 2.092037e-04 9.271360e+05 8.912815e+05 0.961328
1.190000 2.113290e-04 9.085676e+05 8.733719e+05 0.961262
1.196000 2.134650e-04 8.904616e+05 8.559095e+05 0.961198
1.202000 2.156117e-04 8.728042e+05 8.388809e+05 0.961133
1.208000 2.177692e-04 8.555822e+05 8.222733e+05 0.961069
1.214000 2.199373e-04 8.387827e+05 8.060742e+05 0.961005
1.220000 2.221163e-04 8.223934e+05 7.902717e+05 0.960941
1.226000 2.243059e-04 8.064022e+05 7.748541e+05 0.960878
1.232000 2.265063e-04 7.907978e+05 7.598103e+05 0.960815
1.238000 2.287175e-04 7.755688e+05 7.451295e+05 0.960752
1.244000 2.309393e-04 7.607045e+05 7.308012e+05 0.960690
1.250000 2.331719e-04 7.461945e+05 7.168152e+05 0.960628
1.256000 2.354153e-04 7.320287e+05 7.031619e+05 0.960566
1.262000 2.376693e-04 7.181973e+05 6.898318e+05 0.960505
1.268000 2.399341e-04 7.046909e+05 6.768158e+05 0.960443
1.274000 2.422097e-04 6.915004e+05 6.641049e+05 0.960383
1.280000 2.444959e-04 6.786170e+05 6.516908e+05 0.960322
1.286000 2.467929e-04 6.660321e+05 6.395651e+05 0.960262
1.292000 2.491006e-04 6.537375e+05 6.277198e+05 0.960202
1.298000 2.514191e-04 6.417251e+05 6.161472e+05 0.960142
1.304000 2.537483e-04 6.299873e+05 6.048397e+05 0.960082
1.310000 2.560882e-04 6.185165e+05 5.937902e+05 0.960023
1.316000 2.584389e-04 6.073055e+05 5.829916e+05 0.959964
1.322000 2.608002e-04 5.963472e+05 5.724371e+05 0.959906
1.328000 2.631724e-04 5.856349e+05 5.621201e+05 0.959847
1.334000 2.655552e-04 5.751620e+05 5.520342e+05 0.959789
1.340000 2.679488e-04 5.649220e+05 5.421733e+05 0.959731
1.346000 2.703531e-04 5.549088e+05 5.325313e+05 0.959674
1.352000 2.727681e-04 5.451163e+05 5.231025e+05 0.959616
1.358000 2.751939e-04 5.355389e+05 5.138813e+05 0.959559
1.364000 2.776304e-04 5.261707e+05 5.048621e+05 0.959502
1.370000 2.800776e-04 5.170065e+05 4.960397e+05 0.959446
1.376000 2.825356e-04 5.080407e+05 4.874089e+05 0.959389
1.382000 2.850043e-04 4.992684e+05 4.789649e+05 0.959333
1.388000 2.874837e-04 4.906846e+05 4.707027e+05 0.959277
1.394000 2.899738e-04 4.822843e+05 4.626177e+05 0.959222
1.400000 2.924747e-04 4.740629e+05 4.547053e+05 0.959167
1.406000 2.949863e-04 4.660159e+05 4.469612e+05 0.959111
1.412000 2.975087e-04 4.581389e+05 4.393811e+05 0.959056
1.418000 3.000417e-04 4.504275e+05 4.319608e+05 0.959002
1.424000 3.025855e-04 4.428775e+05 4.246963e+05 0.958947
1.430000 3.051401e-04 4.354851e+05 4.175837e+05 0.958893
1.436000 3.077053e-04 4.282461e+05 4.106192e+05 0.958839
1.442000 3.102813e-04 4.211569e+05 4.037991e+05 0.958785
1.448000 3.128680e-04 4.142136e+05 3.971199e+05 0.958732
1.454000 3.154654e-04 4.074129e+05 3.905780e+05 0.958679
1.460000 3.180736e-04 4.007510e+05 3.841702e+05 0.958626
1.466000 3.206925e-04 3.942247e+05 3.778930e+05 0.958573
1.472000 3.233221e-04 3.878306e+05 3.717434e+05 0.958520
1.478000 3.259625e-04 3.815655e+05 3.657182e+05 0.958468
1.484000 3.286135e-04 3.754264e+05 3.598145e+05 0.958415
1.490000 3.312753e-04 3.694102e+05 3.540293e+05 0.958363
1.496000 3.339479e-04 3.635140e+05 3.483597e+05 0.958312
1.502000 3.366311e-04 3.577349e+05 3.428030e+05 0.958260
1.508000 3.393251e-04 3.520701e+05 3.373566e+05 0.958209
1.514000 3.420298e-04 3.465169e+05 3.320178e+05 0.958158
1.520000 3.447453e-04 3.410727e+05 3.267840e+05 0.958107
1.526000 3.474714e-04 3.357349e+05 3.216528e+05 0.958056
1.532000 3.502083e-04 3.305012e+05 3.166218e+05 0.958005
1.538000 3.529559e-04 3.253689e+05 3.116887e+05 0.957955
1.544000 3.557143e-04 3.203358e+05 3.068512e+05 0.957905
1.550000 3.584833e-04 3.153996e+05 3.021070e+05 0.957855
1.556000 3.612631e-04 3.105581e+05 2.974541e+05 0.957805
1.562000 3.640536e-04 3.058090e+05 2.928903e+05 0.957755
1.568000 3.668549e-04 3.011504e+05 2.884135e+05 0.957706
1.574000 3.696668e-04 2.965800e+05 2.840219e+05 0.957657
1.580000 3.724895e-04 2.920960e+05 2.797134e+05 0.957608
1.586000 3.753229e-04 2.876964e+05 2.754862e+05 0.957559
1.592000 3.781671e-04 2.833792e+05 2.713385e+05 0.957510
1.598000 3.810219e-04 2.791426e+05 2.672684e+05 0.957462
1.604000 3.838875e-04 2.749849e+05 2.632743e+05 0.957414
1.610000 3.867638e-04 2.709043e+05 2.593544e+05 0.957365
1.616000 3.896509e-04 2.668990e+05 2.555071e+05 0.957318
1.622000 3.925486e-04 2.629674e+05 2.517308e+05 0.957270
1.628000 3.954571e-04 2.591079e+05 2.480239e+05 0.957222
1.634000 3.983763e-04 2.553189e+05 2.443848e+05 0.957175
1.640000 4.013063e-04 2.515989e+05 2.408122e+05 0.957128
1.646000 4.042469e-04 2.479463e+05 2.373046e+05 0.957081
1.652000 4.071983e-04 2.443597e+05 2.338605e+05 0.957034
1.658000 4.101604e-04 2.408377e+05 2.304786e+05 0.956987
1.664000 4.131332e-04 2.373789e+05 2.271575e+05 0.956941
1.670000 4.161167e-04 2.339819e+05 2.238959e+05 0.956894
1.676000 4.191110e-04 2.306454e+05 2.206926e+05 0.956848
1.682000 4.221160e-04 2.273681e+05 2.175463e+05 0.956802
1.688000 4.251317e-04 2.241488e+05 2.144558e+05 0.956756
1.694000 4.281581e-04 2.209863e+05 2.114199e+05 0.956711
1.700000 4.311953e-04 2.178792e+05 2.084375e+05 0.956665
1.706000 4.342431e-04 2.148266e+05 2.055073e+05 0.956620
1.712000 4.373017e-04 2.118272e+05 2.026285e+05 0.956574
1.718000 4.403710e-04 2.088799e+05 1.997998e+05 0.956529
1.724000 4.434511e-04 2.059837e+05 1.970202e+05 0.956485
1.730000 4.465418e-04 2.031374e+05 1.942887e+05 0.956440
1.736000 4.496433e-04 2.003401e+05 1.916043e+05 0.956395
1.742000 4.527555e-04 1.975908e+05 1.889661e+05 0.956351
1.748000 4.558784e-04 1.948884e+05 1.863730e+05 0.956307
1.754000 4.590120e-04 1.922320e+05 1.838243e+05 0.956262
1.760000 4.621564e-04 1.896207e+05 1.813188e+05 0.956218
1.766000 4.653114e-04 1.870536e+05 1.788559e+05 0.956175
1.772000 4.684772e-04 1.845297e+05 1.764346e+05 0.956131
1.778000 4.716537e-04 1.820482e+05 1.740540e+05 0.956087
1.784000 4.748410e-04 1.796083e+05 1.717134e+05 0.956044
1.790000 4.780389e-04 1.772090e+05 1.694120e+05 0.956001
1.796000 4.812476e-04 1.748497e+05 1.671489e+05 0.955958
1.802000 4.844669e-04 1.725294e+05 1.649235e+05 0.955915
1.808000 4.876970e-04 1.702475e+05 1.627349e+05 0.955872
1.814000 4.909379e-04 1.680032e+05 1.605824e+05 0.955830
1.820000 4.941894e-04 1.657957e+05 1.584654e+05 0.955787
1.826000 4.974516e-04 1.636243e+05 1.563830e+05 0.955745
1.832000 5.007246e-04 1.614883e+05 1.543348e+05 0.955702
1.838000 5.040083e-04 1.593870e+05 1.523199e+05 0.955660
1.844000 5.073027e-04 1.573198e+05 1.503377e+05 0.955618
1.850000 5.106078e-04 1.552859e+05 1.483876e+05 0.955577
1.856000 5.139237e-04 1.532848e+05 1.464690e+05 0.955535
1.862000 5.172502e-04 1.513157e+05 1.445812e+05 0.955493
1.868000 5.205875e-04 1.493782e+05 1.427237e+05 0.955452
1.874000 5.239354e-04 1.474716e+05 1.408959e+05 0.955411
1.880000 5.272941e-04 1.455952e+05 1.390973e+05 0.955370
1.886000 5.306636e-04 1.437486e+05 1.373271e+05 0.955329
1.892000 5.340437e-04 1.419311e+05 1.355851e+05 0.955288
1.898000 5.374345e-04 1.401422e+05 1.338705e+05 0.955247
1.904000 5.408361e-04 1.383814e+05 1.321829e+05 0.955207
1.910000 5.442484e-04 1.366482e+05 1.305217e+05 0.955166
1.916000 5.476713e-04 1.349420e+05 1.288865e+05 0.955126
1.922000 5.511050e-04 1.332623e+05 1.272769e+05 0.955086
1.928000 5.545495e-04 1.316086e+05 1.256922e+05 0.955045
1.934000 5.580046e-04 1.299805e+05 1.241321e+05 0.955005
1.940000 5.614704e-04 1.283774e+05 1.225960e+05 0.954966
1.946000 5.649470e-04 1.267990e+05 1.210837e+05 0.954926
1.952000 5.684342e-04 1.252447e+05 1.195945e+05 0.954886
1.958000 5.719322e-04 1.237142e+05 1.181281e+05 0.954847
1.964000 5.754409e-04 1.222069e+05 1.166841e+05 0.954808
1.970000 5.789603e-04 1.207225e+05 1.152620e+05 0.954768
1.976000 5.824904e-04 1.192606e+05 1.138615e+05 0.954729
1.982000 5.860313e-04 1.178207e+05 1.124822e+05 0.954690
1.988000 5.895828e-04 1.164024e+05 1.111237e+05 0.954651
1.994000 5.931450e-04 1.150054e+05 1.097856e+05 0.954613
2.000000 5.967180e-04 1.136293e+05 1.084675e+05 0.954574
2.006000 6.003017e-04 1.122736e+05 1.071692e+05 0.954535
2.012000 6.038961e-04 1.109381e+05 1.058901e+05 0.954497
2.018000 6.075012e-04 1.096224e+05 1.046301e+05 0.954459
2.024000 6.111170e-04 1.083261e+05 1.033887e+05 0.954421
2.030000 6.147435e-04 1.070489e+05 1.021656e+05 0.954383
2.036000 6.183807e-04 1.057905e+05 1.009606e+05 0.954345
2.042000 6.220286e-04 1.045504e+05 9.977319e+04 0.954307
2.048000 6.256873e-04 1.033285e+05 9.860319e+04 0.954269
2.054000 6.293566e-04 1.021243e+05 9.745026e+04 0.954232
2.060000 6.330367e-04 1.009377e+05 9.631411e+04 0.954194
2.066000 6.367275e-04 9.976814e+04 9.519443e+04 0.954157
2.072000 6.404290e-04 9.861550e+04 9.409096e+04 0.954119
2.078000 6.441412e-04 9.747943e+04 9.300340e+04 0.954082
2.084000 6.478641e-04 9.635967e+04 9.193148e+04 0.954045
2.090000 6.515977e-04 9.525592e+04 9.087493e+04 0.954008
2.096000 6.553420e-04 9.416791e+04 8.983349e+04 0.953971
2.102000 6.590970e-04 9.309537e+04 8.880690e+04 0.953935
2.108000 6.628627e-04 9.203804e+04 8.779491e+04 0.953898
2.114000 6.666392e-04 9.099567e+04 8.679727e+04 0.953862
2.120000 6.704263e-04 8.996799e+04 8.581373e+04 0.953825
2.126000 6.742242e-04 8.895476e+04 8.484406e+04 0.953789
2.132000 6.780327e-04 8.795575e+04 8.388802e+04 0.953753
2.138000 6.818520e-04 8.697070e+04 8.294539e+04 0.953717
2.144000 6.856819e-04 8.599939e+04 8.201594e+04 0.953681
2.150000 6.895226e-04 8.504158e+04 8.109945e+04 0.953645
2.156000 6.933740e-04 8.409706e+04 8.019570e+04 0.953609
2.162000 6.972361e-04 8.316560e+04 7.930448e+04 0.953573
2.168000 7.011089e-04 8.224698e+04 7.842559e+04 0.953538
2.174000 7.049924e-04 8.134100e+04 7.755881e+04 0.953502
2.180000 7.088866e-04 8.044745e+04 7.670396e+04 0.953467
2.186000 7.127915e-04 7.956611e+04 7.586083e+04 0.953431
2.192000 7.167071e-04 7.869680e+04 7.502923e+04 0.953396
2.198000 7.206334e-04 7.783932e+04 7.420897e+04 0.953361
2.204000 7.245704e-04 7.699347e+04 7.339988e+04 0.953326
2.210000 7.285181e-04 7.615906e+04 7.260176e+04 0.953291
2.216000 7.324765e-04 7.533591e+04 7.181443e+04 0.953256
2.222000 7.364457e-04 7.452384e+04 7.103774e+04 0.953222
2.228000 7.404255e-04 7.372267e+04 7.027149e+04 0.953187
2.234000 7.444160e-04 7.293223e+04 6.951553e+04 0.953152
2.240000 7.484173e-04 7.215233e+04 6.876969e+04 0.953118
2.246000 7.524292e-04 7.138282e+04 6.803380e+04 0.953084
2.252000 7.564518e-04 7.062353e+04 6.730772e+04 0.953049
2.258000 7.604852e-04 6.987430e+04 6.659127e+04 0.953015
2.264000 7.645292e-04 6.913496e+04 6.588432e+04 0.952981
2.270000 7.685839e-04 6.840536e+04 6.518670e+04 0.952947
2.276000 7.726494e-04 6.768535e+04 6.449828e+04 0.952913
2.282000 7.767255e-04 6.697478e+04 6.381890e+04 0.952880
2.288000 7.808124e-04 6.627349e+04 6.314843e+04 0.952846
2.294000 7.849099e-04 6.558135e+04 6.248672e+04 0.952812
2.300000 7.890181e-04 6.489821e+04 6.183364e+04 0.952779
2.306000 7.931371e-04 6.422393e+04 6.118905e+04 0.952745
2.312000 7.972667e-04 6.355837e+04 6.055282e+04 0.952712
2.318000 8.014071e-04 6.290140e+04 5.992483e+04 0.952679
2.324000 8.055581e-04 6.225289e+04 5.930494e+04 0.952646
2.330000 8.097198e-04 6.161270e+04 5.869302e+04 0.952612
2.336000 8.138923e-04 6.098071e+04 5.808897e+04 0.952579
2.342000 8.180754e-04 6.035679e+04 5.749265e+04 0.952547
2.348000 8.222692e-04 5.974081e+04 5.690395e+04 0.952514
2.354000 8.264738e-04 5.913267e+04 5.632274e+04 0.952481
2.360000 8.306890e-04 5.853223e+04 5.574893e+04 0.952448
2.366000 8.349149e-04 5.793939e+04 5.518239e+04 0.952416
2.372000 8.391515e-04 5.735402e+04 5.462301e+04 0.952383
2.378000 8.433989e-04 5.677602e+04 5.407069e+04 0.952351
2.384000 8.476569e-04 5.620527e+04 5.352532e+04 0.952319
2.390000 8.519256e-04 5.564166e+04 5.298679e+04 0.952286
2.396000 8.562050e-04 5.508509e+04 5.245500e+04 0.952254
2.402000 8.604951e-04 5.453545e+04 5.192986e+04 0.952222
2.408000 8.647959e-04 5.399264e+04 5.141126e+04 0.952190
2.414000 8.691074e-04 5.345656e+04 5.089910e+04 0.952158
2.420000 8.734296e-04 5.292710e+04 5.039329e+04 0.952126
2.426000 8.777624e-04 5.240418e+04 4.989373e+04 0.952095
2.432000 8.821060e-04 5.188768e+04 4.940034e+04 0.952063
2.438000 8.864603e-04 5.137753e+04 4.891302e+04 0.952031
2.444000 8.908252e-04 5.087362e+04 4.843168e+04 0.952000
2.450000 8.952009e-04 5.037586e+04 4.795623e+04 0.951968
2.456000 8.995872e-04 4.988417e+04 4.748659e+04 0.951937
2.462000 9.039843e-04 4.939846e+04 4.702268e+04 0.951906
2.468000 9.083920e-04 4.891863e+04 4.656440e+04 0.951875
2.474000 9.128104e-04 4.844460e+04 4.611168e+04 0.951843
2.480000 9.172396e-04 4.797630e+04 4.566444e+04 0.951812
2.486000 9.216794e-04 4.751363e+04 4.522259e+04 0.951781
2.492000 9.261299e-04 4.705652e+04 4.478607e+04 0.951751
2.498000 9.305911e-04 4.660488e+04 4.435478e+04 0.951720
2.504000 9.350629e-04 4.615864e+04 4.392867e+04 0.951689
2.510000 9.395455e-04 4.571772e+04 4.350765e+04 0.951658
2.516000 9.440388e-04 4.528204e+04 4.309165e+04 0.951628
2.522000 9.485427e-04 4.485154e+04 4.268060e+04 0.951597
2.528000 9.530574e-04 4.442613e+04 4.227442e+04 0.951567
2.534000 9.575827e-04 4.400574e+04 4.187306e+04 0.951536
2.540000 9.621188e-04 4.359031e+04 4.147644e+04 0.951506
2.546000 9.666655e-04 4.317976e+04 4.108449e+04 0.951476
2.552000 9.712229e-04 4.277402e+04 4.069716e+04 0.951446
2.558000 9.757910e-04 4.237303e+04 4.031436e+04 0.951416
2.564000 9.803697e-04 4.197672e+04 3.993605e+04 0.951386
2.570000 9.849592e-04 4.158503e+04 3.956215e+04 0.951356
2.576000 9.895594e-04 4.119788e+04 3.919261e+04 0.951326
2.582000 9.941702e-04 4.081523e+04 3.882736e+04 0.951296
2.588000 9.987917e-04 4.043700e+04 3.846635e+04 0.951266
2.594000 1.003424e-03 4.006313e+04 3.810952e+04 0.951237
2.600000 1.008067e-03 3.969357e+04 3.775680e+04 0.951207
2.606000 1.012720e-03 3.932825e+04 3.740815e+04 0.951178
2.612000 1.017385e-03 3.896712e+04 3.706350e+04 0.951148
2.618000 1.022060e-03 3.861011e+04 3.672280e+04 0.951119
2.624000 1.026745e-03 3.825718e+04 3.638600e+04 0.951089
2.630000 1.031442e-03 3.790827e+04 3.605304e+04 0.951060
2.636000 1.036149e-03 3.756332e+04 3.572388e+04 0.951031
2.642000 1.040866e-03 3.722227e+04 3.539845e+04 0.951002
2.648000 1.045595e-03 3.688508e+04 3.507671e+04 0.950973
2.654000 1.050334e-03 3.655170e+04 3.475861e+04 0.950944
2.660000 1.055084e-03 3.622206e+04 3.444410e+04 0.950915
2.666000 1.059844e-03 3.589613e+04 3.413313e+04 0.950886
2.672000 1.064615e-03 3.557385e+04 3.382565e+04 0.950857
2.678000 1.069397e-03 3.525517e+04 3.352162e+04 0.950829
2.684000 1.074189e-03 3.494004e+04 3.322099e+04 0.950800
2.690000 1.078993e-03 3.462842e+04 3.292371e+04 0.950771
2.696000 1.083807e-03 3.432027e+04 3.262975e+04 0.950743
2.702000 1.088631e-03 3.401552e+04 3.233905e+04 0.950714
2.708000 1.093466e-03 3.371415e+04 3.205157e+04 0.950686
2.714000 1.098312e-03 3.341610e+04 3.176727e+04 0.950658
2.720000 1.103169e-03 3.312133e+04 3.148611e+04 0.950630
2.726000 1.108036e-03 3.282979e+04 3.120804e+04 0.950601
2.732000 1.112914e-03 3.254145e+04 3.093303e+04 0.950573
2.738000 1.117803e-03 3.225627e+04 3.066104e+04 0.950545
2.744000 1.122702e-03 3.197420e+04 3.039202e+04 0.950517
2.750000 1.127612e-03 3.169519e+04 3.012594e+04 0.950489
2.756000 1.132533e-03 3.141922e+04 2.986275e+04 0.950461
2.762000 1.137464e-03 3.114624e+04 2.960243e+04 0.950434
2.768000 1.142406e-03 3.087621e+04 2.934493e+04 0.950406
2.774000 1.147359e-03 3.060910e+04 2.909022e+04 0.950378
2.780000 1.152322e-03 3.034486e+04 2.883825e+04 0.950350
2.786000 1.157296e-03 3.008347e+04 2.858901e+04 0.950323
2.792000 1.162281e-03 2.982487e+04 2.834244e+04 0.950295
2.798000 1.167276e-03 2.956905e+04 2.809852e+04 0.950268
2.804000 1.172282e-03 2.931595e+04 2.785721e+04 0.950241
2.810000 1.177299e-03 2.906556e+04 2.761848e+04 0.950213
2.816000 1.182326e-03 2.881782e+04 2.738229e+04 0.950186
2.822000 1.187365e-03 2.857272e+04 2.714862e+04 0.950159
2.828000 1.192413e-03 2.833021e+04 2.691742e+04 0.950132
2.834000 1.197473e-03 2.809026e+04 2.668868e+04 0.950104
2.840000 1.202543e-03 2.785284e+04 2.646236e+04 0.950077
2.846000 1.207624e-03 2.761792e+04 2.623842e+04 0.950050
2.852000 1.212715e-03 2.738547e+04 2.601684e+04 0.950024
2.858000 1.217817e-03 2.715545e+04 2.579759e+04 0.949997
2.864000 1.222930e-03 2.692784e+04 2.558063e+04 0.949970
2.870000 1.228054e-03 2.670260e+04 2.536595e+04 0.949943
2.876000 1.233188e-03 2.647971e+04 2.515351e+04 0.949916
2.882000 1.238333e-03 2.625913e+04 2.494328e+04 0.949890
2.888000 1.243488e-03 2.604084e+04 2.473524e+04 0.949863
2.894000 1.248654e-03 2.582481e+04 2.452936e+04 0.949837
2.900000 1.253831e-03 2.561101e+04 2.432561e+04 0.949810
2.906000 1.259019e-03 2.539942e+04 2.412396e+04 0.949784
2.912000 1.264217e-03 2.519000e+04 2.392439e+04 0.949758
2.918000 1.269426e-03 2.498273e+04 2.372688e+04 0.949731
2.924000 1.274646e-03 2.477758e+04 2.353140e+04 0.949705
2.930000 1.279876e-03 2.457453e+04 2.333792e+04 0.949679
2.936000 1.285117e-03 2.437356e+04 2.314641e+04 0.949653
2.942000 1.290368e-03 2.417462e+04 2.295687e+04 0.949627
2.948000 1.295630e-03 2.397771e+04 2.276925e+04 0.949601
2.954000 1.300903e-03 2.378280e+04 2.258354e+04 0.949575
2.960000 1.306187e-03 2.358986e+04 2.239972e+04 0.949549
2.966000 1.311481e-03 2.339886e+04 2.221776e+04 0.949523
2.972000 1.316786e-03 2.320979e+04 2.203763e+04 0.949497
2.978000 1.322102e-03 2.302263e+04 2.185933e+04 0.949471
2.984000 1.327428e-03 2.283734e+04 2.168281e+04 0.949446
2.990000 1.332765e-03 2.265391e+04 2.150807e+04 0.949420
2.996000 1.338112e-03 2.247231e+04 2.133509e+04 0.949394
3.002000 1.343471e-03 2.229252e+04 2.116383e+04 0.949369
3.008000 1.348840e-03 2.211453e+04 2.099428e+04 0.949343
3.014000 1.354219e-03 2.193830e+04 2.082642e+04 0.949318
3.020000 1.359609e-03 2.176382e+04 2.066024e+04 0.949293
3.026000 1.365010e-03 2.159107e+04 2.049570e+04 0.949267
3.032000 1.370422e-03 2.142003e+04 2.033279e+04 0.949242
3.038000 1.375844e-03 2.125067e+04 2.017149e+04 0.949217
3.044000 1.381277e-03 2.108298e+04 2.001179e+04 0.949192
3.050000 1.386721e-03 2.091693e+04 1.985365e+04 0.949167
3.056000 1.392175e-03 2.075252e+04 1.969707e+04 0.949141
3.062000 1.397640e-03 2.058971e+04 1.954203e+04 0.949116
3.068000 1.403115e-03 2.042849e+04 1.938851e+04 0.949091
3.074000 1.408602e-03 2.026885e+04 1.923648e+04 0.949067
3.080000 1.414098e-03 2.011075e+04 1.908594e+04 0.949042
3.086000 1.419606e-03 1.995419e+04 1.893687e+04 0.949017
3.092000 1.425124e-03 1.979915e+04 1.878924e+04 0.948992
3.098000 1.430653e-03 1.964561e+04 1.864304e+04 0.948967
3.104000 1.436193e-03 1.949355e+04 1.849826e+04 0.948943
3.110000 1.441743e-03 1.934295e+04 1.835488e+04 0.948918
3.116000 1.447304e-03 1.919381e+04 1.821288e+04 0.948894
3.122000 1.452875e-03 1.904609e+04 1.807224e+04 0.948869
3.128000 1.458457e-03 1.889979e+04 1.793296e+04 0.948845
3.134000 1.464050e-03 1.875489e+04 1.779501e+04 0.948820
3.140000 1.469654e-03 1.861137e+04 1.765839e+04 0.948796
3.146000 1.475268e-03 1.846921e+04 1.752306e+04 0.948771
3.152000 1.480893e-03 1.832841e+04 1.738903e+04 0.948747
3.158000 1.486528e-03 1.818895e+04 1.725627e+04 0.948723
3.164000 1.492174e-03 1.805080e+04 1.712477e+04 0.948699
3.170000 1.497831e-03 1.791396e+04 1.699452e+04 0.948675
3.176000 1.503498e-03 1.777842e+04 1.686550e+04 0.948650
3.182000 1.509177e-03 1.764415e+04 1.673770e+04 0.948626
3.188000 1.514865e-03 1.751114e+04 1.661111e+04 0.948602
3.194000 1.520565e-03 1.737938e+04 1.648570e+04 0.948578
3.200000 1.526275e-03 1.724885e+04 1.636147e+04 0.948555
3.206000 1.531996e-03 1.711954e+04 1.623841e+04 0.948531
3.212000 1.537727e-03 1.699144e+04 1.611650e+04 0.948507
3.218000 1.543469e-03 1.686453e+04 1.599572e+04 0.948483
3.224000 1.549222e-03 1.673880e+04 1.587607e+04 0.948459
3.230000 1.554985e-03 1.661424e+04 1.575754e+04 0.948436
3.236000 1.560759e-03 1.649083e+04 1.564011e+04 0.948412
3.242000 1.566544e-03 1.636857e+04 1.552376e+04 0.948388
3.248000 1.572339e-03 1.624743e+04 1.540849e+04 0.948365
3.254000 1.578145e-03 1.612740e+04 1.529428e+04 0.948341
3.260000 1.583961e-03 1.600848e+04 1.518113e+04 0.948318
3.266000 1.589789e-03 1.589065e+04 1.506902e+04 0.948295
3.272000 1.595627e-03 1.577391e+04 1.495794e+04 0.948271
3.278000 1.601475e-03 1.565822e+04 1.484788e+04 0.948248
3.284000 1.607334e-03 1.554360e+04 1.473882e+04 0.948225
3.290000 1.613204e-03 1.543001e+04 1.463076e+04 0.948201
3.296000 1.619085e-03 1.531747e+04 1.452369e+04 0.948178
3.302000 1.624976e-03 1.520594e+04 1.441759e+04 0.948155
3.308000 1.630878e-03 1.509542e+04 1.431245e+04 0.948132
3.314000 1.636790e-03 1.498590e+04 1.420827e+04 0.948109
3.320000 1.642713e-03 1.487738e+04 1.410503e+04 0.948086
3.326000 1.648647e-03 1.476982e+04 1.400272e+04 0.948063
3.332000 1.654591e-03 1.466324e+04 1.390134e+04 0.948040
3.338000 1.660547e-03 1.455762e+04 1.380087e+04 0.948017
3.344000 1.666512e-03 1.445294e+04 1.370130e+04 0.947994
3.350000 1.672489e-03 1.434919e+04 1.360263e+04 0.947971
3.356000 1.678476e-03 1.424638e+04 1.350483e+04 0.947949
3.362000 1.684473e-03 1.414448e+04 1.340792e+04 0.947926
3.368000 1.690482e-03 1.404349e+04 1.331187e+04 0.947903
3.374000 1.696500e-03 1.394339e+04 1.321667e+04 0.947881
3.380000 1.702530e-03 1.384418e+04 1.312232e+04 0.947858
3.386000 1.708570e-03 1.374585e+04 1.302881e+04 0.947835
3.392000 1.714621e-03 1.364839e+04 1.293613e+04 0.947813
3.398000 1.720683e-03 1.355179e+04 1.284426e+04 0.947791
3.404000 1.726755e-03 1.345605e+04 1.275321e+04 0.947768
3.410000 1.732838e-03 1.336114e+04 1.266296e+04 0.947746
3.416000 1.738931e-03 1.326706e+04 1.257350e+04 0.947723
3.422000 1.745035e-03 1.317381e+04 1.248484e+04 0.947701
3.428000 1.751150e-03 1.308138e+04 1.239694e+04 0.947679
3.434000 1.757275e-03 1.298975e+04 1.230982e+04 0.947657
3.440000 1.763411e-03 1.289892e+04 1.222346e+04 0.947634
3.446000 1.769558e-03 1.280888e+04 1.213785e+04 0.947612
3.452000 1.775715e-03 1.271962e+04 1.205299e+04 0.947590
3.458000 1.781883e-03 1.263114e+04 1.196886e+04 0.947568
3.464000 1.788062e-03 1.254342e+04 1.188547e+04 0.947546
3.470000 1.794251e-03 1.245646e+04 1.180280e+04 0.947524
3.476000 1.800451e-03 1.237025e+04 1.172084e+04 0.947502
3.482000 1.806661e-03 1.228479e+04 1.163959e+04 0.947480
3.488000 1.812882e-03 1.220005e+04 1.155904e+04 0.947458
3.494000 1.819114e-03 1.211605e+04 1.147919e+04 0.947436
3.500000 1.825357e-03 1.203276e+04 1.140002e+04 0.947415
3.506000 1.831610e-03 1.195019e+04 1.132153e+04 0.947393
3.512000 1.837873e-03 1.186832e+04 1.124371e+04 0.947371
3.518000 1.844148e-03 1.178715e+04 1.116655e+04 0.947350
3.524000 1.850433e-03 1.170667e+04 1.109006e+04 0.947328
3.530000 1.856728e-03 1.162687e+04 1.101421e+04 0.947306
3.536000 1.863034e-03 1.154775e+04 1.093901e+04 0.947285
3.542000 1.869351e-03 1.146930e+04 1.086445e+04 0.947263
3.548000 1.875679e-03 1.139152e+04 1.079052e+04 0.947242
3.554000 1.882017e-03 1.131439e+04 1.071722e+04 0.947220
3.560000 1.888366e-03 1.123791e+04 1.064453e+04 0.947199
3.566000 1.894725e-03 1.116207e+04 1.057246e+04 0.947178
3.572000 1.901095e-03 1.108687e+04 1.050100e+04 0.947156
3.578000 1.907476e-03 1.101230e+04 1.043013e+04 0.947135
3.584000 1.913867e-03 1.093835e+04 1.035986e+04 0.947114
3.590000 1.920269e-03 1.086502e+04 1.029018e+04 0.947092
3.596000 1.926681e-03 1.079230e+04 1.022108e+04 0.947071
3.602000 1.933105e-03 1.072019e+04 1.015256e+04 0.947050
3.608000 1.939538e-03 1.064868e+04 1.008461e+04 0.947029
3.614000 1.945983e-03 1.057776e+04 1.001722e+04 0.947008
3.620000 1.952438e-03 1.050743e+04 9.950398e+03 0.946987
3.626000 1.958904e-03 1.043768e+04 9.884127e+03 0.946966
3.632000 1.965380e-03 1.036851e+04 9.818404e+03 0.946945
3.638000 1.971867e-03 1.029990e+04 9.753224e+03 0.946924
3.644000 1.978365e-03 1.023186e+04 9.688583e+03 0.946903
3.650000 1.984873e-03 1.016438e+04 9.624474e+03 0.946882
3.656000 1.991392e-03 1.009746e+04 9.560893e+03 0.946861
3.662000 1.997921e-03 1.003108e+04 9.497833e+03 0.946841
3.668000 2.004461e-03 9.965244e+03 9.435291e+03 0.946820
3.674000 2.011012e-03 9.899946e+03 9.373260e+03 0.946799
3.680000 2.017573e-03 9.835180e+03 9.311737e+03 0.946778
3.686000 2.024145e-03 9.770941e+03 9.250715e+03 0.946758
3.692000 2.030728e-03 9.707225e+03 9.190191e+03 0.946737
3.698000 2.037321e-03 9.644025e+03 9.130159e+03 0.946717
3.704000 2.043925e-03 9.581337e+03 9.070614e+03 0.946696
3.710000 2.050540e-03 9.519155e+03 9.011552e+03 0.946676
3.716000 2.057165e-03 9.457476e+03 8.952968e+03 0.946655
3.722000 2.063801e-03 9.396294e+03 8.894858e+03 0.946635
3.728000 2.070447e-03 9.335604e+03 8.837216e+03 0.946614
3.734000 2.077104e-03 9.275401e+03 8.780039e+03 0.946594
3.740000 2.083772e-03 9.215682e+03 8.723321e+03 0.946574
3.746000 2.090450e-03 9.156440e+03 8.667059e+03 0.946553
3.752000 2.097139e-03 9.097673e+03 8.611248e+03 0.946533
3.758000 2.103838e-03 9.039374e+03 8.555883e+03 0.946513
3.764000 2.110548e-03 8.981540e+03 8.500961e+03 0.946493
3.770000 2.117269e-03 8.924167e+03 8.446478e+03 0.946472
3.776000 2.124000e-03 8.867249e+03 8.392428e+03 0.946452
3.782000 2.130742e-03 8.810782e+03 8.338808e+03 0.946432
3.788000 2.137495e-03 8.754763e+03 8.285614e+03 0.946412
3.794000 2.144258e-03 8.699187e+03 8.232842e+03 0.946392
3.800000 2.151032e-03 8.644050e+03 8.180487e+03 0.946372
3.806000 2.157816e-03 8.589347e+03 8.128547e+03 0.946352
3.812000 2.164611e-03 8.535075e+03 8.077016e+03 0.946332
3.818000 2.171417e-03 8.481229e+03 8.025891e+03 0.946312
3.824000 2.178233e-03 8.427806e+03 7.975169e+03 0.946292
3.830000 2.185060e-03 8.374801e+03 7.924844e+03 0.946273
3.836000 2.191898e-03 8.322210e+03 7.874915e+03 0.946253
3.842000 2.198746e-03 8.270031e+03 7.825376e+03 0.946233
3.848000 2.205604e-03 8.218258e+03 7.776225e+03 0.946213
3.854000 2.212474e-03 8.166889e+03 7.727458e+03 0.946194
3.860000 2.219354e-03 8.115918e+03 7.679070e+03 0.946174
3.866000 2.226244e-03 8.065343e+03 7.631059e+03 0.946154
3.872000 2.233146e-03 8.015161e+03 7.583421e+03 0.946135
3.878000 2.240057e-03 7.965366e+03 7.536153e+03 0.946115
3.884000 2.246980e-03 7.915956e+03 7.489251e+03 0.946096
3.890000 2.253913e-03 7.866928e+03 7.442712e+03 0.946076
3.896000 2.260857e-03 7.818276e+03 7.396532e+03 0.946057
3.902000 2.267811e-03 7.769999e+03 7.350708e+03 0.946037
3.908000 2.274776e-03 7.722093e+03 7.305237e+03 0.946018
3.914000 2.281751e-03 7.674554e+03 7.260115e+03 0.945998
3.920000 2.288737e-03 7.627379e+03 7.215340e+03 0.945979
3.926000 2.295734e-03 7.580565e+03 7.170908e+03 0.945960
3.932000 2.302741e-03 7.534107e+03 7.126816e+03 0.945940
3.938000 2.309759e-03 7.488004e+03 7.083061e+03 0.945921
3.944000 2.316788e-03 7.442252e+03 7.039639e+03 0.945902
3.950000 2.323827e-03 7.396847e+03 6.996549e+03 0.945883
3.956000 2.330877e-03 7.351787e+03 6.953786e+03 0.945863
3.962000 2.337937e-03 7.307068e+03 6.911348e+03 0.945844
3.968000 2.345008e-03 7.262687e+03 6.869232e+03 0.945825
3.974000 2.352090e-03 7.218641e+03 6.827435e+03 0.945806
3.980000 2.359182e-03 7.174927e+03 6.785953e+03 0.945787
3.986000 2.366285e-03 7.131543e+03 6.744785e+03 0.945768
3.992000 2.373398e-03 7.088485e+03 6.703928e+03 0.945749
3.998000 2.380522e-03 7.045750e+03 6.663377e+03 0.945730
4.004000 2.387656e-03 7.003335e+03 6.623132e+03 0.945711
4.010000 2.394802e-03 6.961238e+03 6.583189e+03 0.945692
4.016000 2.401958e-03 6.919455e+03 6.543544e+03 0.945673
4.022000 2.409124e-03 6.877984e+03 6.504197e+03 0.945655
4.028000 2.416301e-03 6.836822e+03 6.465144e+03 0.945636
4.034000 2.423489e-03 6.795967e+03 6.426381e+03 0.945617
4.040000 2.430687e-03 6.755415e+03 6.387908e+03 0.945598
4.046000 2.437896e-03 6.715164e+03 6.349721e+03 0.945579
4.052000 2.445115e-03 6.675211e+03 6.311817e+03 0.945561
4.058000 2.452345e-03 6.635553e+03 6.274195e+03 0.945542
4.064000 2.459586e-03 6.596189e+03 6.236851e+03 0.945523
4.070000 2.466837e-03 6.557114e+03 6.199783e+03 0.945505
4.076000 2.474099e-03 6.518328e+03 6.162989e+03 0.945486
4.082000 2.481371e-03 6.479826e+03 6.126467e+03 0.945468
4.088000 2.488654e-03 6.441608e+03 6.090213e+03 0.945449
4.094000 2.495948e-03 6.403669e+03 6.054226e+03 0.945431
4.100000 2.503252e-03 6.366009e+03 6.018503e+03 0.945412
4.106000 2.510567e-03 6.328624e+03 5.983041e+03 0.945394
4.112000 2.517892e-03 6.291511e+03 5.947840e+03 0.945375
4.118000 2.525228e-03 6.254669e+03 5.912896e+03 0.945357
4.124000 2.532575e-03 6.218096e+03 5.878206e+03 0.945339
4.130000 2.539932e-03 6.181788e+03 5.843770e+03 0.945320
4.136000 2.547300e-03 6.145744e+03 5.809584e+03 0.945302
4.142000 2.554678e-03 6.109961e+03 5.775647e+03 0.945284
4.148000 2.562067e-03 6.074437e+03 5.741956e+03 0.945266
4.154000 2.569467e-03 6.039169e+03 5.708509e+03 0.945247
4.160000 2.576877e-03 6.004156e+03 5.675304e+03 0.945229
4.166000 2.584298e-03 5.969396e+03 5.642339e+03 0.945211
4.172000 2.591729e-03 5.934886e+03 5.609612e+03 0.945193
4.178000 2.599171e-03 5.900623e+03 5.577120e+03 0.945175
4.184000 2.606623e-03 5.866607e+03 5.544863e+03 0.945157
4.190000 2.614086e-03 5.832834e+03 5.512837e+03 0.945139
4.196000 2.621560e-03 5.799303e+03 5.481041e+03 0.945121
4.202000 2.629044e-03 5.766012e+03 5.449473e+03 0.945103
4.208000 2.636539e-03 5.732958e+03 5.418130e+03 0.945085
4.214000 2.644045e-03 5.700139e+03 5.387012e+03 0.945067
4.220000 2.651561e-03 5.667554e+03 5.356115e+03 0.945049
4.226000 2.659088e-03 5.635201e+03 5.325439e+03 0.945031
4.232000 2.666625e-03 5.603077e+03 5.294981e+03 0.945013
4.238000 2.674173e-03 5.571181e+03 5.264739e+03 0.944995
4.244000 2.681731e-03 5.539510e+03 5.234712e+03 0.944977
4.250000 2.689300e-03 5.508063e+03 5.204898e+03 0.944960
4.256000 2.696880e-03 5.476838e+03 5.175294e+03 0.944942
4.262000 2.704470e-03 5.445833e+03 5.145899e+03 0.944924
4.268000 2.712071e-03 5.415046e+03 5.116712e+03 0.944907
4.274000 2.719682e-03 5.384476e+03 5.087731e+03 0.944889
4.280000 2.727304e-03 5.354119e+03 5.058953e+03 0.944871
4.286000 2.734936e-03 5.323976e+03 5.030378e+03 0.944854
4.292000 2.742579e-03 5.294044e+03 5.002003e+03 0.944836
4.298000 2.750233e-03 5.264320e+03 4.973827e+03 0.944818
4.304000 2.757897e-03 5.234804e+03 4.945848e+03 0.944801
4.310000 2.765572e-03 5.205494e+03 4.918064e+03 0.944783
4.316000 2.773258e-03 5.176388e+03 4.890474e+03 0.944766
4.322000 2.780954e-03 5.147483e+03 4.863077e+03 0.944748
4.328000 2.788660e-03 5.118780e+03 4.835870e+03 0.944731
4.334000 2.796377e-03 5.090275e+03 4.808852e+03 0.944714
4.340000 2.804105e-03 5.061968e+03 4.782022e+03 0.944696
4.346000 2.811844e-03 5.033856e+03 4.755377e+03 0.944679
4.352000 2.819592e-03 5.005938e+03 4.728917e+03 0.944661
4.358000 2.827352e-03 4.978213e+03 4.702640e+03 0.944644
4.364000 2.835122e-03 4.950678e+03 4.676544e+03 0.944627
4.370000 2.842903e-03 4.923333e+03 4.650627e+03 0.944610
4.376000 2.850694e-03 4.896175e+03 4.624890e+03 0.944592
4.382000 2.858496e-03 4.869203e+03 4.599329e+03 0.944575
4.388000 2.866308e-03 4.842416e+03 4.573943e+03 0.944558
4.394000 2.874131e-03 4.815813e+03 4.548732e+03 0.944541
4.400000 2.881964e-03 4.789390e+03 4.523693e+03 0.944524
4.406000 2.889809e-03 4.763148e+03 4.498825e+03 0.944507
4.412000 2.897663e-03 4.737085e+03 4.474127e+03 0.944490
4.418000 2.905528e-03 4.711199e+03 4.449597e+03 0.944472
4.424000 2.913404e-03 4.685488e+03 4.425235e+03 0.944455
4.430000 2.921291e-03 4.659952e+03 4.401038e+03 0.944438
4.436000 2.929188e-03 4.634589e+03 4.377005e+03 0.944421
4.442000 2.937095e-03 4.609397e+03 4.353135e+03 0.944404
4.448000 2.945013e-03 4.584375e+03 4.329427e+03 0.944388
4.454000 2.952942e-03 4.559522e+03 4.305879e+03 0.944371
4.460000 2.960881e-03 4.534837e+03 4.282490e+03 0.944354
4.466000 2.968831e-03 4.510317e+03 4.259259e+03 0.944337
4.472000 2.976791e-03 4.485963e+03 4.236184e+03 0.944320
4.478000 2.984762e-03 4.461771e+03 4.213265e+03 0.944303
4.484000 2.992744e-03 4.437742e+03 4.190500e+03 0.944286
4.490000 3.000736e-03 4.413874e+03 4.167887e+03 0.944270
4.496000 3.008738e-03 4.390164e+03 4.145426e+03 0.944253
4.502000 3.016752e-03 4.366614e+03 4.123115e+03 0.944236
4.508000 3.024775e-03 4.343220e+03 4.100953e+03 0.944220
4.514000 3.032810e-03 4.319982e+03 4.078939e+03 0.944203
4.520000 3.040855e-03 4.296898e+03 4.057072e+03 0.944186
4.526000 3.048910e-03 4.273967e+03 4.035350e+03 0.944170
4.532000 3.056976e-03 4.251189e+03 4.013773e+03 0.944153
4.538000 3.065053e-03 4.228561e+03 3.992338e+03 0.944136
4.544000 3.073140e-03 4.206083e+03 3.971046e+03 0.944120
4.550000 3.081238e-03 4.183753e+03 3.949895e+03 0.944103
4.556000 3.089346e-03 4.161571e+03 3.928884e+03 0.944087
4.562000 3.097465e-03 4.139535e+03 3.908012e+03 0.944070
4.568000 3.105594e-03 4.117643e+03 3.887277e+03 0.944054
4.574000 3.113734e-03 4.095896e+03 3.866679e+03 0.944037
4.580000 3.121885e-03 4.074291e+03 3.846216e+03 0.944021
4.586000 3.130046e-03 4.052828e+03 3.825888e+03 0.944005
4.592000 3.138218e-03 4.031505e+03 3.805693e+03 0.943988
4.598000 3.146400e-03 4.010321e+03 3.785630e+03 0.943972
4.604000 3.154593e-03 3.989276e+03 3.765699e+03 0.943956
4.610000 3.162796e-03 3.968368e+03 3.745898e+03 0.943939
4.616000 3.171010e-03 3.947596e+03 3.726226e+03 0.943923
4.622000 3.179234e-03 3.926959e+03 3.706683e+03 0.943907
4.628000 3.187469e-03 3.906456e+03 3.687266e+03 0.943890
4.634000 3.195715e-03 3.886086e+03 3.667976e+03 0.943874
4.640000 3.203971e-03 3.865848e+03 3.648811e+03 0.943858
4.646000 3.212238e-03 3.845740e+03 3.629771e+03 0.943842
4.652000 3.220515e-03 3.825763e+03 3.610854e+03 0.943826
4.658000 3.228803e-03 3.805915e+03 3.592059e+03 0.943810
4.664000 3.237101e-03 3.786194e+03 3.573385e+03 0.943794
4.670000 3.245410e-03 3.766600e+03 3.554833e+03 0.943777
4.676000 3.253730e-03 3.747133e+03 3.536399e+03 0.943761
4.682000 3.262060e-03 3.727790e+03 3.518084e+03 0.943745
4.688000 3.270400e-03 3.708571e+03 3.499887e+03 0.943729
4.694000 3.278751e-03 3.689475e+03 3.481807e+03 0.943713
4.700000 3.287113e-03 3.670502e+03 3.463843e+03 0.943697
4.706000 3.295485e-03 3.651649e+03 3.445994e+03 0.943681
4.712000 3.303868e-03 3.632917e+03 3.428259e+03 0.943666
4.718000 3.312261e-03 3.614304e+03 3.410637e+03 0.943650
4.724000 3.320665e-03 3.595810e+03 3.393127e+03 0.943634
4.730000 3.329079e-03 3.577433e+03 3.375730e+03 0.943618
4.736000 3.337504e-03 3.559172e+03 3.358442e+03 0.943602
4.742000 3.345940e-03 3.541028e+03 3.341265e+03 0.943586
4.748000 3.354386e-03 3.522998e+03 3.324197e+03 0.943570
4.754000 3.362842e-03 3.505082e+03 3.307237e+03 0.943555
4.760000 3.371310e-03 3.487280e+03 3.290384e+03 0.943539
4.766000 3.379787e-03 3.469589e+03 3.273638e+03 0.943523
4.772000 3.388275e-03 3.452010e+03 3.256998e+03 0.943507
4.778000 3.396774e-03 3.434542e+03 3.240462e+03 0.943492
4.784000 3.405284e-03 3.417184e+03 3.224031e+03 0.943476
4.790000 3.413803e-03 3.399934e+03 3.207703e+03 0.943460
4.796000 3.422334e-03 3.382792e+03 3.191478e+03 0.943445
4.802000 3.430875e-03 3.365758e+03 3.175355e+03 0.943429
4.808000 3.439426e-03 3.348830e+03 3.159332e+03 0.943414
4.814000 3.447988e-03 3.332008e+03 3.143410e+03 0.943398
4.820000 3.456561e-03 3.315291e+03 3.127588e+03 0.943383
4.826000 3.465144e-03 3.298678e+03 3.111864e+03 0.943367
4.832000 3.473738e-03 3.282169e+03 3.096239e+03 0.943352
4.838000 3.482342e-03 3.265762e+03 3.080711e+03 0.943336
4.844000 3.490957e-03 3.249456e+03 3.065279e+03 0.943321
4.850000 3.499582e-03 3.233252e+03 3.049944e+03 0.943305
4.856000 3.508218e-03 3.217149e+03 3.034703e+03 0.943290
4.862000 3.516864e-03 3.201144e+03 3.019557e+03 0.943274
4.868000 3.525521e-03 3.185239e+03 3.004505e+03 0.943259
4.874000 3.534188e-03 3.169432e+03 2.989546e+03 0.943244
4.880000 3.542866e-03 3.153722e+03 2.974679e+03 0.943228
4.886000 3.551555e-03 3.138108e+03 2.959905e+03 0.943213
4.892000 3.560254e-03 3.122591e+03 2.945221e+03 0.943198
4.898000 3.568963e-03 3.107169e+03 2.930627e+03 0.943182
4.904000 3.577683e-03 3.091841e+03 2.916123e+03 0.943167
4.910000 3.586414e-03 3.076608e+03 2.901709e+03 0.943152
4.916000 3.595155e-03 3.061467e+03 2.887382e+03 0.943137
4.922000 3.603907e-03 3.046419e+03 2.873144e+03 0.943122
4.928000 3.612669e-03 3.031463e+03 2.858992e+03 0.943106
4.934000 3.621442e-03 3.016598e+03 2.844927e+03 0.943091
4.940000 3.630225e-03 3.001824e+03 2.830948e+03 0.943076
4.946000 3.639019e-03 2.987139e+03 2.817054e+03 0.943061
4.952000 3.647823e-03 2.972543e+03 2.803245e+03 0.943046
4.958000 3.656638e-03 2.958036e+03 2.789519e+03 0.943031
4.964000 3.665463e-03 2.943617e+03 2.775877e+03 0.943016
4.970000 3.674299e-03 2.929285e+03 2.762318e+03 0.943001
4.976000 3.683146e-03 2.915040e+03 2.748841e+03 0.942986
4.982000 3.692003e-03 2.900880e+03 2.735445e+03 0.942971
4.988000 3.700870e-03 2.886806e+03 2.722131e+03 0.942956
4.994000 3.709748e-03 2.872817e+03 2.708896e+03 0.942941
5.000000 3.718637e-03 2.858912e+03 2.695742e+03 0.942926
5.006000 3.727536e-03 2.845090e+03 2.682667e+03 0.942911
5.012000 3.736446e-03 2.831352e+03 2.669670e+03 0.942896
5.018000 3.745366e-03 2.817696e+03 2.656752e+03 0.942881
5.024000 3.754296e-03 2.804121e+03 2.643911e+03 0.942866
5.030000 3.763237e-03 2.790628e+03 2.631147e+03 0.942851
5.036000 3.772189e-03 2.777215e+03 2.618460e+03 0.942837
5.042000 3.781151e-03 2.763882e+03 2.605848e+03 0.942822
5.048000 3.790124e-03 2.750628e+03 2.593312e+03 0.942807
5.054000 3.799107e-03 2.737454e+03 2.580850e+03 0.942792
5.060000 3.808101e-03 2.724358e+03 2.568463e+03 0.942778
5.066000 3.817105e-03 2.711339e+03 2.556150e+03 0.942763
5.072000 3.826120e-03 2.698398e+03 2.543910e+03 0.942748
5.078000 3.835146e-03 2.685533e+03 2.531742e+03 0.942733
5.084000 3.844181e-03 2.672745e+03 2.519647e+03 0.942719
5.090000 3.853228e-03 2.660032e+03 2.507623e+03 0.942704
5.096000 3.862285e-03 2.647394e+03 2.495670e+03 0.942689
5.102000 3.871352e-03 2.634831e+03 2.483788e+03 0.942675
5.108000 3.880430e-03 2.622341e+03 2.471977e+03 0.942660
5.114000 3.889518e-03 2.609925e+03 2.460235e+03 0.942646
5.120000 3.898617e-03 2.597582e+03 2.448562e+03 0.942631
5.126000 3.907727e-03 2.585312e+03 2.436958e+03 0.942617
5.132000 3.916847e-03 2.573113e+03 2.425421e+03 0.942602
5.138000 3.925977e-03 2.560986e+03 2.413953e+03 0.942588
5.144000 3.935118e-03 2.548929e+03 2.402552e+03 0.942573
5.150000 3.944270e-03 2.536943e+03 2.391218e+03 0.942559
5.156000 3.953432e-03 2.525027e+03 2.379950e+03 0.942544
5.162000 3.962604e-03 2.513181e+03 2.368748e+03 0.942530
5.168000 3.971787e-03 2.501403e+03 2.357611e+03 0.942515
5.174000 3.980981e-03 2.489694e+03 2.346539e+03 0.942501
5.180000 3.990185e-03 2.478053e+03 2.335532e+03 0.942487
5.186000 3.999400e-03 2.466479e+03 2.324588e+03 0.942472
5.192000 4.008625e-03 2.454973e+03 2.313708e+03 0.942458
5.198000 4.017860e-03 2.443533e+03 2.302892e+03 0.942444
5.204000 4.027106e-03 2.432159e+03 2.292138e+03 0.942429
5.210000 4.036363e-03 2.420851e+03 2.281446e+03 0.942415
5.216000 4.045630e-03 2.409608e+03 2.270816e+03 0.942401
5.222000 4.054908e-03 2.398430e+03 2.260248e+03 0.942386
5.228000 4.064196e-03 2.387316e+03 2.249740e+03 0.942372
5.234000 4.073494e-03 2.376266e+03 2.239293e+03 0.942358
5.240000 4.082803e-03 2.365280e+03 2.228907e+03 0.942344
5.246000 4.092123e-03 2.354356e+03 2.218580e+03 0.942330
5.252000 4.101453e-03 2.343495e+03 2.208312e+03 0.942315
5.258000 4.110794e-03 2.332697e+03 2.198103e+03 0.942301
5.264000 4.120145e-03 2.321960e+03 2.187953e+03 0.942287
5.270000 4.129507e-03 2.311284e+03 2.177861e+03 0.942273
5.276000 4.138879e-03 2.300669e+03 2.167826e+03 0.942259
5.282000 4.148261e-03 2.290115e+03 2.157849e+03 0.942245
5.288000 4.157655e-03 2.279620e+03 2.147929e+03 0.942231
5.294000 4.167058e-03 2.269186e+03 2.138065e+03 0.942217
5.300000 4.176472e-03 2.258810e+03 2.128257e+03 0.942203
5.306000 4.185897e-03 2.248494e+03 2.118506e+03 0.942189
5.312000 4.195332e-03 2.238235e+03 2.108809e+03 0.942175
5.318000 4.204778e-03 2.228035e+03 2.099168e+03 0.942161
5.324000 4.214234e-03 2.217893e+03 2.089581e+03 0.942147
5.330000 4.223700e-03 2.207808e+03 2.080049e+03 0.942133
5.336000 4.233177e-03 2.197779e+03 2.070570e+03 0.942119
5.342000 4.242665e-03 2.187808e+03 2.061145e+03 0.942105
5.348000 4.252163e-03 2.177892e+03 2.051773e+03 0.942091
5.354000 4.261672e-03 2.168032e+03 2.042454e+03 0.942077
5.360000 4.271191e-03 2.158227e+03 2.033187e+03 0.942064
5.366000 4.280720e-03 2.148478e+03 2.023973e+03 0.942050
5.372000 4.290260e-03 2.138783e+03 2.014810e+03 0.942036
5.378000 4.299811e-03 2.129142e+03 2.005699e+03 0.942022
5.384000 4.309372e-03 2.119555e+03 1.996639e+03 0.942008
5.390000 4.318944e-03 2.110022e+03 1.987629e+03 0.941995
5.396000 4.328526e-03 2.100542e+03 1.978670e+03 0.941981
5.402000 4.338118e-03 2.091114e+03 1.969761e+03 0.941967
5.408000 4.347721e-03 2.081739e+03 1.960902e+03 0.941953
5.414000 4.357335e-03 2.072417e+03 1.952092e+03 0.941940
5.420000 4.366959e-03 2.063146e+03 1.943331e+03 0.941926
5.426000 4.376593e-03 2.053926e+03 1.934619e+03 0.941912
5.432000 4.386238e-03 2.044758e+03 1.925955e+03 0.941899
5.438000 4.395893e-03 2.035640e+03 1.917339e+03 0.941885
5.444000 4.405559e-03 2.026573e+03 1.908771e+03 0.941872
5.450000 4.415236e-03 2.017555e+03 1.900251e+03 0.941858
5.456000 4.424923e-03 2.008588e+03 1.891777e+03 0.941844
5.462000 4.434620e-03 1.999670e+03 1.883351e+03 0.941831
5.468000 4.444328e-03 1.990801e+03 1.874971e+03 0.941817
5.474000 4.454046e-03 1.981981e+03 1.866637e+03 0.941804
5.480000 4.463775e-03 1.973209e+03 1.858349e+03 0.941790
5.486000 4.473514e-03 1.964485e+03 1.850107e+03 0.941777
5.492000 4.483264e-03 1.955809e+03 1.841910e+03 0.941763
5.498000 4.493024e-03 1.947181e+03 1.833757e+03 0.941750
5.504000 4.502795e-03 1.938600e+03 1.825650e+03 0.941736
5.510000 4.512576e-03 1.930066e+03 1.817587e+03 0.941723
5.516000 4.522368e-03 1.921578e+03 1.809568e+03 0.941709
5.522000 4.532170e-03 1.913137e+03 1.801593e+03 0.941696
5.528000 4.541983e-03 1.904741e+03 1.793662e+03 0.941683
5.534000 4.551806e-03 1.896392e+03 1.785774e+03 0.941669
5.540000 4.561639e-03 1.888087e+03 1.777929e+03 0.941656
5.546000 4.571483e-03 1.879828e+03 1.770126e+03 0.941643
5.552000 4.581338e-03 1.871614e+03 1.762366e+03 0.941629
5.558000 4.591203e-03 1.863444e+03 1.754648e+03 0.941616
5.564000 4.601078e-03 1.855318e+03 1.746972e+03 0.941603
5.570000 4.610964e-03 1.847236e+03 1.739338e+03 0.941589
5.576000 4.620861e-03 1.839198e+03 1.731745e+03 0.941576
5.582000 4.630768e-03 1.831203e+03 1.724193e+03 0.941563
5.588000 4.640685e-03 1.823251e+03 1.716681e+03 0.941550
5.594000 4.650613e-03 1.815342e+03 1.709211e+03 0.941537
5.600000 4.660551e-03 1.807475e+03 1.701780e+03 0.941523
5.606000 4.670500e-03 1.799651e+03 1.694390e+03 0.941510
5.612000 4.680459e-03 1.791869e+03 1.687039e+03 0.941497
5.618000 4.690429e-03 1.784128e+03 1.679728e+03 0.941484
5.624000 4.700409e-03 1.776429e+03 1.672456e+03 0.941471
5.630000 4.710400e-03 1.768772e+03 1.665223e+03 0.941458
5.636000 4.720401e-03 1.761155e+03 1.658029e+03 0.941445
5.642000 4.730412e-03 1.753578e+03 1.650874e+03 0.941431
5.648000 4.740434e-03 1.746042e+03 1.643756e+03 0.941418
5.654000 4.750467e-03 1.738546e+03 1.636677e+03 0.941405
5.660000 4.760510e-03 1.731090e+03 1.629635e+03 0.941392
5.666000 4.770563e-03 1.723674e+03 1.622631e+03 0.941379
5.672000 4.780627e-03 1.716297e+03 1.615664e+03 0.941366
5.678000 4.790702e-03 1.708959e+03 1.608735e+03 0.941353
5.684000 4.800786e-03 1.701661e+03 1.601842e+03 0.941340
5.690000 4.810882e-03 1.694400e+03 1.594985e+03 0.941327
5.696000 4.820987e-03 1.687178e+03 1.588165e+03 0.941314
5.702000 4.831104e-03 1.679995e+03 1.581381e+03 0.941301
5.708000 4.841230e-03 1.672849e+03 1.574633e+03 0.941289
5.714000 4.851367e-03 1.665741e+03 1.567921e+03 0.941276
5.720000 4.861515e-03 1.658670e+03 1.561244e+03 0.941263
5.726000 4.871673e-03 1.651636e+03 1.554602e+03 0.941250
5.732000 4.881841e-03 1.644640e+03 1.547996e+03 0.941237
5.738000 4.892020e-03 1.637680e+03 1.541424e+03 0.941224
5.744000 4.902210e-03 1.630756e+03 1.534886e+03 0.941211
5.750000 4.912410e-03 1.623869e+03 1.528383e+03 0.941199
5.756000 4.922620e-03 1.617018e+03 1.521914e+03 0.941186
5.762000 4.932841e-03 1.610203e+03 1.515479e+03 0.941173
5.768000 4.943072e-03 1.603423e+03 1.509078e+03 0.941160
5.774000 4.953313e-03 1.596679e+03 1.502710e+03 0.941147
5.780000 4.963566e-03 1.589970e+03 1.496376e+03 0.941135
5.786000 4.973828e-03 1.583295e+03 1.490074e+03 0.941122
5.792000 4.984101e-03 1.576656e+03 1.483805e+03 0.941109
5.798000 4.994385e-03 1.570051e+03 1.477569e+03 0.941097
5.804000 5.004678e-03 1.563480e+03 1.471366e+03 0.941084
5.810000 5.014983e-03 1.556943e+03 1.465195e+03 0.941071
5.816000 5.025298e-03 1.550440e+03 1.459055e+03 0.941059
5.822000 5.035623e-03 1.543971e+03 1.452948e+03 0.941046
5.828000 5.045959e-03 1.537536e+03 1.446872e+03 0.941033
5.834000 5.056305e-03 1.531133e+03 1.440828e+03 0.941021
5.840000 5.066661e-03 1.524764e+03 1.434815e+03 0.941008
5.846000 5.077028e-03 1.518427e+03 1.428833e+03 0.940996
5.852000 5.087406e-03 1.512123e+03 1.422882e+03 0.940983
5.858000 5.097794e-03 1.505851e+03 1.416961e+03 0.940970
5.864000 5.108192e-03 1.499612e+03 1.411072e+03 0.940958
5.870000 5.118601e-03 1.493404e+03 1.405212e+03 0.940945
5.876000 5.129020e-03 1.487229e+03 1.399383e+03 0.940933
5.882000 5.139450e-03 1.481085e+03 1.393583e+03 0.940920
5.888000 5.149890e-03 1.474972e+03 1.387813e+03 0.940908
5.894000 5.160341e-03 1.468891e+03 1.382073e+03 0.940895
5.900000 5.170802e-03 1.462841e+03 1.376362e+03 0.940883
5.906000 5.181273e-03 1.456822e+03 1.370681e+03 0.940871
5.912000 5.191755e-03 1.450833e+03 1.365028e+03 0.940858
5.918000 5.202247e-03 1.444875e+03 1.359405e+03 0.940846
5.924000 5.212750e-03 1.438947e+03 1.353809e+03 0.940833
5.930000 5.223263e-03 1.433049e+03 1.348243e+03 0.940821
5.936000 5.233787e-03 1.427182e+03 1.342705e+03 0.940809
5.942000 5.244321e-03 1.421344e+03 1.337195e+03 0.940796
5.948000 5.254865e-03 1.415535e+03 1.331713e+03 0.940784
5.954000 5.265420e-03 1.409756e+03 1.326259e+03 0.940772
5.960000 5.275986e-03 1.404006e+03 1.320832e+03 0.940759
5.966000 5.286561e-03 1.398286e+03 1.315433e+03 0.940747
5.972000 5.297148e-03 1.392594e+03 1.310061e+03 0.940735
5.978000 5.307744e-03 1.386930e+03 1.304717e+03 0.940722
5.984000 5.318351e-03 1.381296e+03 1.299399e+03 0.940710
5.990000 5.328969e-03 1.375689e+03 1.294108e+03 0.940698
5.996000 5.339597e-03 1.370111e+03 1.288844e+03 0.940686
6.002000 5.350235e-03 1.364561e+03 1.283606e+03 0.940674
6.008000 5.360884e-03 1.359039e+03 1.278395e+03 0.940661
6.014000 5.371543e-03 1.353544e+03 1.273210e+03 0.940649
6.020000 5.382213e-03 1.348077e+03 1.268051e+03 0.940637
6.026000 5.392893e-03 1.342637e+03 1.262918e+03 0.940625
6.032000 5.403584e-03 1.337224e+03 1.257810e+03 0.940613
6.038000 5.414285e-03 1.331839e+03 1.252728e+03 0.940601
6.044000 5.424996e-03 1.326480e+03 1.247672e+03 0.940588
6.050000 5.435718e-03 1.321148e+03 1.242640e+03 0.940576
6.056000 5.446450e-03 1.315842e+03 1.237634e+03 0.940564
6.062000 5.457193e-03 1.310563e+03 1.232653e+03 0.940552
6.068000 5.467946e-03 1.305310e+03 1.227697e+03 0.940540
6.074000 5.478709e-03 1.300083e+03 1.222765e+03 0.940528
6.080000 5.489483e-03 1.294883e+03 1.217858e+03 0.940516
6.086000 5.500267e-03 1.289707e+03 1.212975e+03 0.940504
6.092000 5.511062e-03 1.284558e+03 1.208116e+03 0.940492
6.098000 5.521867e-03 1.279434e+03 1.203282e+03 0.940480
6.104000 5.532683e-03 1.274335e+03 1.198471e+03 0.940468
6.110000 5.543509e-03 1.269261e+03 1.193684e+03 0.940456
6.116000 5.554345e-03 1.264213e+03 1.188921e+03 0.940444
6.122000 5.565192e-03 1.259189e+03 1.184182e+03 0.940432
6.128000 5.576049e-03 1.254190e+03 1.179465e+03 0.940420
6.134000 5.586917e-03 1.249215e+03 1.174772e+03 0.940408
6.140000 5.597795e-03 1.244265e+03 1.170102e+03 0.940396
6.146000 5.608683e-03 1.239339e+03 1.165456e+03 0.940385
6.152000 5.619582e-03 1.234438e+03 1.160831e+03 0.940373
6.158000 5.630491e-03 1.229560e+03 1.156230e+03 0.940361
6.164000 5.641411e-03 1.224706e+03 1.151651e+03 0.940349
6.170000 5.652341e-03 1.219876e+03 1.147095e+03 0.940337
6.176000 5.663282e-03 1.215070e+03 1.142561e+03 0.940325
6.182000 5.674233e-03 1.210286e+03 1.138049e+03 0.940313
6.188000 5.685194e-03 1.205527e+03 1.133559e+03 0.940302
6.194000 5.696166e-03 1.200790e+03 1.129091e+03 0.940290
6.200000 5.707148e-03 1.196077e+03 1.124645e+03 0.940278
6.206000 5.718141e-03 1.191386e+03 1.120220e+03 0.940266
6.212000 5.729144e-03 1.186718e+03 1.115817e+03 0.940255
6.218000 5.740157e-03 1.182073e+03 1.111435e+03 0.940243
6.224000 5.751181e-03 1.177450e+03 1.107075e+03 0.940231
6.230000 5.762215e-03 1.172850e+03 1.102736e+03 0.940219
6.236000 5.773260e-03 1.168271e+03 1.098418e+03 0.940208
6.242000 5.784315e-03 1.163715e+03 1.094121e+03 0.940196
6.248000 5.795380e-03 1.159181e+03 1.089844e+03 0.940184
6.254000 5.806456e-03 1.154669e+03 1.085588e+03 0.940173
6.260000 5.817542e-03 1.150179e+03 1.081353e+03 0.940161
6.266000 5.828639e-03 1.145710e+03 1.077139e+03 0.940149
6.272000 5.839746e-03 1.141263e+03 1.072944e+03 0.940138
6.278000 5.850863e-03 1.136837e+03 1.068770e+03 0.940126
6.284000 5.861991e-03 1.132432e+03 1.064616e+03 0.940115
6.290000 5.873129e-03 1.128048e+03 1.060482e+03 0.940103
6.296000 5.884278e-03 1.123686e+03 1.056367e+03 0.940092
6.302000 5.895437e-03 1.119344e+03 1.052273e+03 0.940080
6.308000 5.906606e-03 1.115023e+03 1.048198e+03 0.940068
6.314000 5.917786e-03 1.110722e+03 1.044142e+03 0.940057
6.320000 5.928976e-03 1.106443e+03 1.040106e+03 0.940045
6.326000 5.940176e-03 1.102183e+03 1.036090e+03 0.940034
6.332000 5.951387e-03 1.097944e+03 1.032092e+03 0.940022
6.338000 5.962609e-03 1.093725e+03 1.028113e+03 0.940011
6.344000 5.973841e-03 1.089526e+03 1.024154e+03 0.939999
6.350000 5.985083e-03 1.085347e+03 1.020213e+03 0.939988
6.356000 5.996335e-03 1.081188e+03 1.016291e+03 0.939977
6.362000 6.007598e-03 1.077049e+03 1.012388e+03 0.939965
6.368000 6.018871e-03 1.072929e+03 1.008503e+03 0.939954
6.374000 6.030155e-03 1.068829e+03 1.004637e+03 0.939942
6.380000 6.041449e-03 1.064748e+03 1.000789e+03 0.939931
6.386000 6.052754e-03 1.060686e+03 9.969594e+02 0.939919
6.392000 6.064068e-03 1.056643e+03 9.931478e+02 0.939908
6.398000 6.075394e-03 1.052620e+03 9.893542e+02 0.939897
6.404000 6.086729e-03 1.048616e+03 9.855785e+02 0.939885
6.410000 6.098075e-03 1.044630e+03 9.818206e+02 0.939874
6.416000 6.109432e-03 1.040663e+03 9.780804e+02 0.939863
6.422000 6.120799e-03 1.036715e+03 9.743579e+02 0.939851
6.428000 6.132176e-03 1.032785e+03 9.706529e+02 0.939840
6.434000 6.143563e-03 1.028874e+03 9.669653e+02 0.939829
6.440000 6.154961e-03 1.024981e+03 9.632950e+02 0.939818
6.446000 6.166369e-03 1.021106e+03 9.596419e+02 0.939806
6.452000 6.177788e-03 1.017249e+03 9.560060e+02 0.939795
6.458000 6.189217e-03 1.013411e+03 9.523870e+02 0.939784
6.464000 6.200657e-03 1.009590e+03 9.487851e+02 0.939773
6.470000 6.212106e-03 1.005787e+03 9.451999e+02 0.939761
6.476000 6.223567e-03 1.002002e+03 9.416315e+02 0.939750
6.482000 6.235037e-03 9.982344e+02 9.380798e+02 0.939739
6.488000 6.246518e-03 9.944844e+02 9.345446e+02 0.939728
6.494000 6.258009e-03 9.907517e+02 9.310259e+02 0.939717
6.500000 6.269511e-03 9.870365e+02 9.275236e+02 0.939706
