23.000000 7.053361e+00 1.021196e-05 2.993865e-06 0.293172
23.001000 7.053707e+00 1.020820e-05 2.987297e-06 0.292637
23.002000 7.054054e+00 1.020444e-05 2.991723e-06 0.293178
23.003000 7.054400e+00 1.020069e-05 2.990654e-06 0.293181
23.004000 7.054747e+00 1.019694e-05 2.989584e-06 0.293184
23.005000 7.055094e+00 1.019319e-05 2.993852e-06 0.293711
23.006000 7.055440e+00 1.018944e-05 2.987446e-06 0.293190
23.007000 7.055787e+00 1.018569e-05 2.996900e-06 0.294227
23.008000 7.056133e+00 1.018195e-05 2.974180e-06 0.292103
23.009000 7.056480e+00 1.017820e-05 2.984243e-06 0.293199
23.010000 7.056826e+00 1.017446e-05 2.988505e-06 0.293726
23.011000 7.057173e+00 1.017072e-05 2.982110e-06 0.293205
23.012000 7.057519e+00 1.016698e-05 2.991549e-06 0.294242
23.013000 7.057866e+00 1.016324e-05 2.990480e-06 0.294245
23.014000 7.058212e+00 1.015950e-05 2.989412e-06 0.294248
23.015000 7.058559e+00 1.015577e-05 2.972377e-06 0.292679
23.016000 7.058905e+00 1.015204e-05 2.987276e-06 0.294254
23.017000 7.059252e+00 1.014831e-05 2.981038e-06 0.293747
23.018000 7.059598e+00 1.014458e-05 2.963564e-06 0.292133
23.019000 7.059945e+00 1.014085e-05 2.978908e-06 0.293753
23.020000 7.060291e+00 1.013712e-05 2.983011e-06 0.294266
23.021000 7.060637e+00 1.013340e-05 2.971472e-06 0.293236
23.022000 7.060984e+00 1.012967e-05 2.970410e-06 0.293239
23.023000 7.061330e+00 1.012595e-05 2.963891e-06 0.292703
23.024000 7.061677e+00 1.012223e-05 2.973592e-06 0.293769
23.025000 7.062023e+00 1.011851e-05 2.977689e-06 0.294281
23.026000 7.062369e+00 1.011479e-05 2.976625e-06 0.294284
23.027000 7.062716e+00 1.011108e-05 2.965110e-06 0.293254
23.028000 7.063062e+00 1.010736e-05 2.964051e-06 0.293257
23.029000 7.063408e+00 1.010365e-05 2.962993e-06 0.293260
23.030000 7.063755e+00 1.009994e-05 2.967228e-06 0.293787
23.031000 7.064101e+00 1.009623e-05 2.955434e-06 0.292726
23.032000 7.064447e+00 1.009252e-05 2.965110e-06 0.293793
23.033000 7.064793e+00 1.008882e-05 2.953324e-06 0.292732
23.034000 7.065140e+00 1.008511e-05 2.957708e-06 0.293275
23.035000 7.065486e+00 1.008141e-05 2.967078e-06 0.294312
23.036000 7.065832e+00 1.007771e-05 2.966019e-06 0.294315
23.037000 7.066178e+00 1.007401e-05 2.959823e-06 0.293808
23.038000 7.066525e+00 1.007031e-05 2.963903e-06 0.294321
23.039000 7.066871e+00 1.006661e-05 2.947005e-06 0.292750
23.040000 7.067217e+00 1.006292e-05 2.940365e-06 0.292198
23.041000 7.067563e+00 1.005923e-05 2.950327e-06 0.293296
23.042000 7.067909e+00 1.005553e-05 2.943851e-06 0.292759
23.043000 7.068256e+00 1.005184e-05 2.937218e-06 0.292207
23.044000 7.068602e+00 1.004816e-05 2.947171e-06 0.293305
23.045000 7.068948e+00 1.004447e-05 2.935123e-06 0.292213
23.046000 7.069294e+00 1.004078e-05 2.945069e-06 0.293311
23.047000 7.069640e+00 1.003710e-05 2.949282e-06 0.293838
23.048000 7.069986e+00 1.003342e-05 2.937555e-06 0.292777
23.049000 7.070332e+00 1.002973e-05 2.952297e-06 0.294354
23.050000 7.070678e+00 1.002606e-05 2.940870e-06 0.293323
23.051000 7.071024e+00 1.002238e-05 2.939821e-06 0.293326
23.052000 7.071370e+00 1.001870e-05 2.944028e-06 0.293853
23.053000 7.071717e+00 1.001503e-05 2.942979e-06 0.293856
23.054000 7.072063e+00 1.001135e-05 2.931275e-06 0.292795
23.055000 7.072409e+00 1.000768e-05 2.935631e-06 0.293338
23.056000 7.072755e+00 1.000401e-05 2.934585e-06 0.293341
23.057000 7.073101e+00 1.000034e-05 2.933539e-06 0.293344
23.058000 7.073447e+00 9.996676e-06 2.937738e-06 0.293872
23.059000 7.073793e+00 9.993010e-06 2.946757e-06 0.294882
23.060000 7.074139e+00 9.989347e-06 2.919460e-06 0.292257
23.061000 7.074485e+00 9.985684e-06 2.923969e-06 0.292816
23.062000 7.074830e+00 9.982023e-06 2.938649e-06 0.294394
23.063000 7.075176e+00 9.978364e-06 2.937602e-06 0.294397
23.064000 7.075522e+00 9.974707e-06 2.936556e-06 0.294400
23.065000 7.075868e+00 9.971051e-06 2.919803e-06 0.292828
23.066000 7.076214e+00 9.967396e-06 2.929376e-06 0.293896
23.067000 7.076560e+00 9.963743e-06 2.928332e-06 0.293899
23.068000 7.076906e+00 9.960092e-06 2.927289e-06 0.293902
23.069000 7.077252e+00 9.956442e-06 2.921021e-06 0.293380
23.070000 7.077598e+00 9.952793e-06 2.930287e-06 0.294419
23.071000 7.077943e+00 9.949147e-06 2.918941e-06 0.293386
23.072000 7.078289e+00 9.945501e-06 2.928201e-06 0.294425
23.073000 7.078635e+00 9.941858e-06 2.905965e-06 0.292296
23.074000 7.078981e+00 9.938216e-06 2.915824e-06 0.293395
23.075000 7.079327e+00 9.934575e-06 2.914786e-06 0.293398
23.076000 7.079673e+00 9.930936e-06 2.913748e-06 0.293401
23.077000 7.080018e+00 9.927298e-06 2.912711e-06 0.293404
23.078000 7.080364e+00 9.923662e-06 2.900794e-06 0.292311
23.079000 7.080710e+00 9.920028e-06 2.910637e-06 0.293410
23.080000 7.081056e+00 9.916395e-06 2.904244e-06 0.292873
23.081000 7.081401e+00 9.912764e-06 2.903210e-06 0.292876
23.082000 7.081747e+00 9.909134e-06 2.907531e-06 0.293419
23.083000 7.082093e+00 9.905506e-06 2.901144e-06 0.292882
23.084000 7.082438e+00 9.901879e-06 2.905462e-06 0.293425
23.085000 7.082784e+00 9.898254e-06 2.909627e-06 0.293954
23.086000 7.083130e+00 9.894630e-06 2.898048e-06 0.292891
23.087000 7.083476e+00 9.891008e-06 2.891514e-06 0.292338
23.088000 7.083821e+00 9.887387e-06 2.890485e-06 0.292341
23.089000 7.084167e+00 9.883768e-06 2.910539e-06 0.294477
23.090000 7.084512e+00 9.880151e-06 2.897457e-06 0.293260
23.091000 7.084858e+00 9.876535e-06 2.898234e-06 0.293446
23.092000 7.085204e+00 9.872920e-06 2.897203e-06 0.293449
23.093000 7.085549e+00 9.869307e-06 2.890838e-06 0.292912
23.094000 7.085895e+00 9.865696e-06 2.889810e-06 0.292915
23.095000 7.086240e+00 9.862086e-06 2.888782e-06 0.292918
23.096000 7.086586e+00 9.858478e-06 2.893084e-06 0.293462
23.097000 7.086932e+00 9.854871e-06 2.902271e-06 0.294501
23.098000 7.087277e+00 9.851265e-06 2.891027e-06 0.293468
23.099000 7.087623e+00 9.847662e-06 2.879194e-06 0.292373
23.100000 7.087968e+00 9.844059e-06 2.888972e-06 0.293474
23.101000 7.088314e+00 9.840459e-06 2.882625e-06 0.292936
23.102000 7.088659e+00 9.836860e-06 2.874324e-06 0.292199
23.103000 7.089005e+00 9.833262e-06 2.891061e-06 0.294008
23.104000 7.089350e+00 9.829666e-06 2.895059e-06 0.294523
23.105000 7.089696e+00 9.826071e-06 2.894031e-06 0.294526
23.106000 7.090041e+00 9.822478e-06 2.893002e-06 0.294529
23.107000 7.090387e+00 9.818886e-06 2.876482e-06 0.292954
23.108000 7.090732e+00 9.815296e-06 2.875460e-06 0.292957
23.109000 7.091077e+00 9.811708e-06 2.879745e-06 0.293501
23.110000 7.091423e+00 9.808121e-06 2.888894e-06 0.294541
23.111000 7.091768e+00 9.804535e-06 2.882854e-06 0.294033
23.112000 7.092114e+00 9.800951e-06 2.881830e-06 0.294036
23.113000 7.092459e+00 9.797369e-06 2.875655e-06 0.293513
23.114000 7.092804e+00 9.793788e-06 2.869336e-06 0.292975
23.115000 7.093150e+00 9.790208e-06 2.883768e-06 0.294556
23.116000 7.093495e+00 9.786630e-06 2.877738e-06 0.294048
23.117000 7.093840e+00 9.783054e-06 2.866279e-06 0.292984
23.118000 7.094186e+00 9.779479e-06 2.865261e-06 0.292987
23.119000 7.094531e+00 9.775906e-06 2.864244e-06 0.292990
23.120000 7.094876e+00 9.772334e-06 2.873654e-06 0.294060
23.121000 7.095222e+00 9.768764e-06 2.872634e-06 0.294063
23.122000 7.095567e+00 9.765195e-06 2.871614e-06 0.294066
23.123000 7.095912e+00 9.761627e-06 2.875589e-06 0.294581
23.124000 7.096257e+00 9.758061e-06 2.874569e-06 0.294584
23.125000 7.096603e+00 9.754497e-06 2.863426e-06 0.293549
23.126000 7.096948e+00 9.750934e-06 2.857133e-06 0.293011
23.127000 7.097293e+00 9.747373e-06 2.866522e-06 0.294081
23.128000 7.097638e+00 9.743813e-06 2.860379e-06 0.293558
23.129000 7.097983e+00 9.740255e-06 2.848663e-06 0.292463
23.130000 7.098329e+00 9.736698e-06 2.853079e-06 0.293023
23.131000 7.098674e+00 9.733143e-06 2.862456e-06 0.294094
23.132000 7.099019e+00 9.729589e-06 2.866421e-06 0.294609
23.133000 7.099364e+00 9.726037e-06 2.850042e-06 0.293032
23.134000 7.099709e+00 9.722486e-06 2.849031e-06 0.293035
23.135000 7.100054e+00 9.718937e-06 2.848020e-06 0.293038
23.136000 7.100400e+00 9.715389e-06 2.852270e-06 0.293583
23.137000 7.100745e+00 9.711843e-06 2.851259e-06 0.293586
23.138000 7.101090e+00 9.708298e-06 2.860327e-06 0.294627
23.139000 7.101435e+00 9.704754e-06 2.843982e-06 0.293050
23.140000 7.101780e+00 9.701213e-06 2.858299e-06 0.294633
23.141000 7.102125e+00 9.697672e-06 2.841965e-06 0.293056
23.142000 7.102470e+00 9.694134e-06 2.856273e-06 0.294639
23.143000 7.102815e+00 9.690596e-06 2.845197e-06 0.293604
23.144000 7.103160e+00 9.687060e-06 2.849288e-06 0.294133
23.145000 7.103505e+00 9.683526e-06 2.832536e-06 0.292511
23.146000 7.103850e+00 9.679993e-06 2.852226e-06 0.294652
23.147000 7.104195e+00 9.676462e-06 2.835924e-06 0.293074
23.148000 7.104540e+00 9.672932e-06 2.823964e-06 0.291945
23.149000 7.104885e+00 9.669404e-06 2.828520e-06 0.292523
23.150000 7.105230e+00 9.665877e-06 2.848185e-06 0.294664
23.151000 7.105575e+00 9.662352e-06 2.826515e-06 0.292529
23.152000 7.105920e+00 9.658828e-06 2.836134e-06 0.293631
23.153000 7.106265e+00 9.655305e-06 2.840214e-06 0.294161
23.154000 7.106610e+00 9.651784e-06 2.834125e-06 0.293637
23.155000 7.106955e+00 9.648265e-06 2.838202e-06 0.294167
23.156000 7.107300e+00 9.644747e-06 2.832117e-06 0.293643
23.157000 7.107644e+00 9.641231e-06 2.841131e-06 0.294686
23.158000 7.107989e+00 9.637716e-06 2.819511e-06 0.292550
23.159000 7.108334e+00 9.634202e-06 2.829108e-06 0.293653
23.160000 7.108679e+00 9.630690e-06 2.828106e-06 0.293656
23.161000 7.109024e+00 9.627180e-06 2.820127e-06 0.292934
23.162000 7.109369e+00 9.623671e-06 2.820888e-06 0.293120
23.163000 7.109713e+00 9.620163e-06 2.823344e-06 0.293482
23.164000 7.110058e+00 9.616657e-06 2.824102e-06 0.293668
23.165000 7.110403e+00 9.613152e-06 2.823102e-06 0.293671
23.166000 7.110748e+00 9.609649e-06 2.811530e-06 0.292574
23.167000 7.111093e+00 9.606148e-06 2.808778e-06 0.292394
23.168000 7.111437e+00 9.602647e-06 2.825165e-06 0.294207
23.169000 7.111782e+00 9.599149e-06 2.824165e-06 0.294210
23.170000 7.112127e+00 9.595651e-06 2.818109e-06 0.293686
23.171000 7.112472e+00 9.592156e-06 2.811911e-06 0.293147
23.172000 7.112816e+00 9.588661e-06 2.810915e-06 0.293150
23.173000 7.113161e+00 9.585169e-06 2.809920e-06 0.293153
23.174000 7.113506e+00 9.581677e-06 2.819171e-06 0.294225
23.175000 7.113850e+00 9.578188e-06 2.818174e-06 0.294228
23.176000 7.114195e+00 9.574699e-06 2.801592e-06 0.292604
23.177000 7.114540e+00 9.571212e-06 2.800600e-06 0.292607
23.178000 7.114884e+00 9.567727e-06 2.810141e-06 0.293710
23.179000 7.115229e+00 9.564243e-06 2.809147e-06 0.293713
23.180000 7.115574e+00 9.560760e-06 2.813193e-06 0.294244
23.181000 7.115918e+00 9.557279e-06 2.796638e-06 0.292619
23.182000 7.116263e+00 9.553800e-06 2.790150e-06 0.292046
23.183000 7.116607e+00 9.550322e-06 2.815107e-06 0.294766
23.184000 7.116952e+00 9.546845e-06 2.804182e-06 0.293729
23.185000 7.117297e+00 9.543370e-06 2.798013e-06 0.293189
23.186000 7.117641e+00 9.539896e-06 2.805486e-06 0.294079
23.187000 7.117986e+00 9.536424e-06 2.801208e-06 0.293738
23.188000 7.118330e+00 9.532953e-06 2.795046e-06 0.293198
23.189000 7.118675e+00 9.529484e-06 2.804253e-06 0.294271
23.190000 7.119019e+00 9.526016e-06 2.803262e-06 0.294274
23.191000 7.119364e+00 9.522550e-06 2.792082e-06 0.293207
23.192000 7.119708e+00 9.519085e-06 2.801281e-06 0.294280
23.193000 7.120053e+00 9.515621e-06 2.803433e-06 0.294614
23.194000 7.120397e+00 9.512159e-06 2.787384e-06 0.293034
23.195000 7.120742e+00 9.508699e-06 2.782822e-06 0.292661
23.196000 7.121086e+00 9.505240e-06 2.797323e-06 0.294293
23.197000 7.121431e+00 9.501782e-06 2.796335e-06 0.294296
23.198000 7.121775e+00 9.498326e-06 2.779872e-06 0.292670
23.199000 7.122119e+00 9.494871e-06 2.784196e-06 0.293232
23.200000 7.122464e+00 9.491418e-06 2.793372e-06 0.294305
23.201000 7.122808e+00 9.487966e-06 2.776926e-06 0.292679
23.202000 7.123153e+00 9.484516e-06 2.791399e-06 0.294311
23.203000 7.123497e+00 9.481067e-06 2.780264e-06 0.293244
23.204000 7.123841e+00 9.477620e-06 2.779281e-06 0.293247
23.205000 7.124186e+00 9.474174e-06 2.788442e-06 0.294320
23.206000 7.124530e+00 9.470729e-06 2.792319e-06 0.294837
23.207000 7.124874e+00 9.467286e-06 2.765590e-06 0.292121
23.208000 7.125219e+00 9.463844e-06 2.780495e-06 0.293802
23.209000 7.125563e+00 9.460404e-06 2.779513e-06 0.293805
23.210000 7.125907e+00 9.456965e-06 2.776804e-06 0.293625
23.211000 7.126251e+00 9.453528e-06 2.782540e-06 0.294339
23.212000 7.126596e+00 9.450092e-06 2.766154e-06 0.292712
23.213000 7.126940e+00 9.446658e-06 2.780576e-06 0.294345
23.214000 7.127284e+00 9.443225e-06 2.779595e-06 0.294348
23.215000 7.127628e+00 9.439793e-06 2.768504e-06 0.293280
23.216000 7.127973e+00 9.436363e-06 2.767526e-06 0.293283
23.217000 7.128317e+00 9.432935e-06 2.776653e-06 0.294357
23.218000 7.128661e+00 9.429508e-06 2.780515e-06 0.294874
23.219000 7.129005e+00 9.426082e-06 2.784246e-06 0.295377
23.220000 7.129349e+00 9.422657e-06 2.768740e-06 0.293839
23.221000 7.129694e+00 9.419235e-06 2.772736e-06 0.294370
23.222000 7.130038e+00 9.415813e-06 2.771758e-06 0.294373
23.223000 7.130382e+00 9.412393e-06 2.760696e-06 0.293304
23.224000 7.130726e+00 9.408975e-06 2.754458e-06 0.292748
23.225000 7.131070e+00 9.405558e-06 2.763859e-06 0.293854
23.226000 7.131414e+00 9.402142e-06 2.762884e-06 0.293857
23.227000 7.131758e+00 9.398728e-06 2.766873e-06 0.294388
23.228000 7.132102e+00 9.395315e-06 2.754114e-06 0.293137
23.229000 7.132447e+00 9.391904e-06 2.769747e-06 0.294908
23.230000 7.132791e+00 9.388494e-06 2.763947e-06 0.294397
23.231000 7.133135e+00 9.385085e-06 2.758015e-06 0.293872
23.232000 7.133479e+00 9.381678e-06 2.761998e-06 0.294403
23.233000 7.133823e+00 9.378273e-06 2.745725e-06 0.292775
23.234000 7.134167e+00 9.374868e-06 2.758339e-06 0.294227
23.235000 7.134511e+00 9.371466e-06 2.754128e-06 0.293884
23.236000 7.134855e+00 9.368064e-06 2.762920e-06 0.294930
23.237000 7.135199e+00 9.364664e-06 2.752186e-06 0.293891
23.238000 7.135543e+00 9.361266e-06 2.756162e-06 0.294422
23.239000 7.135887e+00 9.357869e-06 2.745159e-06 0.293353
23.240000 7.136231e+00 9.354473e-06 2.744191e-06 0.293356
23.241000 7.136575e+00 9.351079e-06 2.743224e-06 0.293359
23.242000 7.136918e+00 9.347686e-06 2.731630e-06 0.292225
23.243000 7.137262e+00 9.344295e-06 2.751309e-06 0.294437
23.244000 7.137606e+00 9.340905e-06 2.740325e-06 0.293368
23.245000 7.137950e+00 9.337517e-06 2.737654e-06 0.293189
23.246000 7.138294e+00 9.334130e-06 2.753201e-06 0.294961
23.247000 7.138638e+00 9.330744e-06 2.737429e-06 0.293377
23.248000 7.138982e+00 9.327360e-06 2.736464e-06 0.293380
23.249000 7.139326e+00 9.323977e-06 2.745499e-06 0.294456
23.250000 7.139670e+00 9.320596e-06 2.734537e-06 0.293386
23.251000 7.140013e+00 9.317216e-06 2.743566e-06 0.294462
23.252000 7.140357e+00 9.313837e-06 2.737676e-06 0.293936
23.253000 7.140701e+00 9.310460e-06 2.741634e-06 0.294468
23.254000 7.141045e+00 9.307084e-06 2.740669e-06 0.294471
23.255000 7.141389e+00 9.303710e-06 2.724513e-06 0.292842
23.256000 7.141732e+00 9.300337e-06 2.728763e-06 0.293405
23.257000 7.142076e+00 9.296966e-06 2.732860e-06 0.293952
23.258000 7.142420e+00 9.293596e-06 2.741591e-06 0.294998
23.259000 7.142764e+00 9.290227e-06 2.724185e-06 0.293231
23.260000 7.143107e+00 9.286860e-06 2.729975e-06 0.293961
23.261000 7.143451e+00 9.283494e-06 2.723962e-06 0.293420
23.262000 7.143795e+00 9.280130e-06 2.723003e-06 0.293423
23.263000 7.144138e+00 9.276767e-06 2.722045e-06 0.293426
23.264000 7.144482e+00 9.273405e-06 2.726133e-06 0.293973
23.265000 7.144826e+00 9.270045e-06 2.730077e-06 0.294505
23.266000 7.145169e+00 9.266686e-06 2.719172e-06 0.293435
23.267000 7.145513e+00 9.263329e-06 2.728156e-06 0.294511
23.268000 7.145857e+00 9.259973e-06 2.706720e-06 0.292303
23.269000 7.146200e+00 9.256619e-06 2.714613e-06 0.293262
23.270000 7.146544e+00 9.253266e-06 2.715346e-06 0.293447
23.271000 7.146888e+00 9.249914e-06 2.722631e-06 0.294341
23.272000 7.147231e+00 9.246564e-06 2.708253e-06 0.292893
23.273000 7.147575e+00 9.243215e-06 2.712482e-06 0.293457
23.274000 7.147918e+00 9.239867e-06 2.724515e-06 0.294865
23.275000 7.148262e+00 9.236521e-06 2.713916e-06 0.293825
23.276000 7.148605e+00 9.233177e-06 2.709620e-06 0.293466
23.277000 7.148949e+00 9.229833e-06 2.716892e-06 0.294360
23.278000 7.149292e+00 9.226492e-06 2.720685e-06 0.294878
23.279000 7.149636e+00 9.223151e-06 2.711784e-06 0.294019
23.280000 7.149979e+00 9.219812e-06 2.700641e-06 0.292917
23.281000 7.150323e+00 9.216475e-06 2.699691e-06 0.292920
23.282000 7.150666e+00 9.213138e-06 2.708925e-06 0.294029
23.283000 7.151010e+00 9.209803e-06 2.707973e-06 0.294032
23.284000 7.151353e+00 9.206470e-06 2.711894e-06 0.294564
23.285000 7.151697e+00 9.203138e-06 2.706070e-06 0.294038
23.286000 7.152040e+00 9.199807e-06 2.700108e-06 0.293496
23.287000 7.152384e+00 9.196478e-06 2.702490e-06 0.293861
23.288000 7.152727e+00 9.193150e-06 2.703218e-06 0.294047
23.289000 7.153070e+00 9.189824e-06 2.685118e-06 0.292184
23.290000 7.153414e+00 9.186499e-06 2.696314e-06 0.293508
23.291000 7.153757e+00 9.183175e-06 2.693691e-06 0.293329
23.292000 7.154101e+00 9.179853e-06 2.704281e-06 0.294589
23.293000 7.154444e+00 9.176532e-06 2.686651e-06 0.292774
23.294000 7.154787e+00 9.173212e-06 2.692527e-06 0.293521
23.295000 7.155131e+00 9.169894e-06 2.696577e-06 0.294068
23.296000 7.155474e+00 9.166578e-06 2.700484e-06 0.294601
23.297000 7.155817e+00 9.163262e-06 2.699535e-06 0.294604
23.298000 7.156161e+00 9.159948e-06 2.678308e-06 0.292393
23.299000 7.156504e+00 9.156636e-06 2.682663e-06 0.292975
23.300000 7.156847e+00 9.153325e-06 2.685187e-06 0.293356
23.301000 7.157190e+00 9.150015e-06 2.684244e-06 0.293360
23.302000 7.157534e+00 9.146706e-06 2.693131e-06 0.294437
23.303000 7.157877e+00 9.143399e-06 2.678896e-06 0.292987
23.304000 7.158220e+00 9.140094e-06 2.676288e-06 0.292807
23.305000 7.158563e+00 9.136790e-06 2.670062e-06 0.292232
23.306000 7.158906e+00 9.133487e-06 2.686180e-06 0.294102
23.307000 7.159250e+00 9.130185e-06 2.694778e-06 0.295150
23.308000 7.159593e+00 9.126885e-06 2.689130e-06 0.294638
23.309000 7.159936e+00 9.123587e-06 2.676715e-06 0.293384
23.310000 7.160279e+00 9.120289e-06 2.670655e-06 0.292826
23.311000 7.160622e+00 9.116993e-06 2.686300e-06 0.294648
23.312000 7.160966e+00 9.113699e-06 2.673897e-06 0.293393
23.313000 7.161309e+00 9.110406e-06 2.672959e-06 0.293396
23.314000 7.161652e+00 9.107114e-06 2.673682e-06 0.293582
23.315000 7.161995e+00 9.103823e-06 2.667632e-06 0.293023
23.316000 7.162338e+00 9.100534e-06 2.661429e-06 0.292448
23.317000 7.162681e+00 9.097247e-06 2.675830e-06 0.294136
23.318000 7.163024e+00 9.093960e-06 2.664825e-06 0.293032
23.319000 7.163367e+00 9.090675e-06 2.673953e-06 0.294142
23.320000 7.163710e+00 9.087392e-06 2.673015e-06 0.294145
23.321000 7.164053e+00 9.084110e-06 2.662021e-06 0.293041
23.322000 7.164396e+00 9.080829e-06 2.671141e-06 0.294152
23.323000 7.164739e+00 9.077550e-06 2.668549e-06 0.293972
23.324000 7.165082e+00 9.074272e-06 2.664318e-06 0.293612
23.325000 7.165425e+00 9.070995e-06 2.656634e-06 0.292871
23.326000 7.165768e+00 9.067720e-06 2.667396e-06 0.294164
23.327000 7.166111e+00 9.064446e-06 2.661516e-06 0.293622
23.328000 7.166454e+00 9.061173e-06 2.665526e-06 0.294170
23.329000 7.166797e+00 9.057902e-06 2.672414e-06 0.295037
23.330000 7.167140e+00 9.054632e-06 2.657067e-06 0.293448
23.331000 7.167483e+00 9.051364e-06 2.656136e-06 0.293451
23.332000 7.167826e+00 9.048097e-06 2.666589e-06 0.294713
23.333000 7.168169e+00 9.044831e-06 2.665655e-06 0.294716
23.334000 7.168512e+00 9.041567e-06 2.663072e-06 0.294537
23.335000 7.168855e+00 9.038304e-06 2.658994e-06 0.294192
23.336000 7.169197e+00 9.035042e-06 2.653132e-06 0.293649
23.337000 7.169540e+00 9.031782e-06 2.657131e-06 0.294198
23.338000 7.169883e+00 9.028523e-06 2.651273e-06 0.293655
23.339000 7.170226e+00 9.025265e-06 2.648699e-06 0.293476
23.340000 7.170569e+00 9.022009e-06 2.654340e-06 0.294207
23.341000 7.170912e+00 9.018754e-06 2.656550e-06 0.294558
23.342000 7.171254e+00 9.015501e-06 2.652481e-06 0.294213
23.343000 7.171597e+00 9.012249e-06 2.646632e-06 0.293671
23.344000 7.171940e+00 9.008998e-06 2.650623e-06 0.294220
23.345000 7.172283e+00 9.005749e-06 2.639715e-06 0.293114
23.346000 7.172626e+00 9.002501e-06 2.637150e-06 0.292935
23.347000 7.172968e+00 8.999254e-06 2.652614e-06 0.294759
23.348000 7.173311e+00 8.996009e-06 2.646912e-06 0.294232
23.349000 7.173654e+00 8.992765e-06 2.639436e-06 0.293507
23.350000 7.173996e+00 8.989522e-06 2.635096e-06 0.293130
23.351000 7.174339e+00 8.986281e-06 2.639227e-06 0.293695
23.352000 7.174682e+00 8.983041e-06 2.636665e-06 0.293516
23.353000 7.175025e+00 8.979803e-06 2.642283e-06 0.294247
23.354000 7.175367e+00 8.976565e-06 2.646122e-06 0.294781
23.355000 7.175710e+00 8.973330e-06 2.623649e-06 0.292383
23.356000 7.176052e+00 8.970095e-06 2.634611e-06 0.293710
23.357000 7.176395e+00 8.966862e-06 2.643345e-06 0.294790
23.358000 7.176738e+00 8.963630e-06 2.631133e-06 0.293534
23.359000 7.177080e+00 8.960400e-06 2.631846e-06 0.293720
23.360000 7.177423e+00 8.957171e-06 2.625886e-06 0.293160
23.361000 7.177766e+00 8.953943e-06 2.638017e-06 0.294621
23.362000 7.178108e+00 8.950717e-06 2.643346e-06 0.295322
23.363000 7.178451e+00 8.947492e-06 2.626533e-06 0.293550
23.364000 7.178793e+00 8.944268e-06 2.625615e-06 0.293553
23.365000 7.179136e+00 8.941046e-06 2.619666e-06 0.292993
23.366000 7.179478e+00 8.937825e-06 2.630290e-06 0.294288
23.367000 7.179821e+00 8.934605e-06 2.634114e-06 0.294822
23.368000 7.180163e+00 8.931387e-06 2.618545e-06 0.293185
23.369000 7.180506e+00 8.928170e-06 2.622653e-06 0.293750
23.370000 7.180848e+00 8.924954e-06 2.624987e-06 0.294118
23.371000 7.181191e+00 8.921740e-06 2.620819e-06 0.293757
23.372000 7.181533e+00 8.918527e-06 2.619903e-06 0.293760
23.373000 7.181876e+00 8.915316e-06 2.617362e-06 0.293580
23.374000 7.182218e+00 8.912105e-06 2.622942e-06 0.294312
23.375000 7.182561e+00 8.908896e-06 2.622025e-06 0.294315
23.376000 7.182903e+00 8.905689e-06 2.630439e-06 0.295366
23.377000 7.183245e+00 8.902483e-06 2.624921e-06 0.294853
23.378000 7.183588e+00 8.899278e-06 2.619277e-06 0.294325
23.379000 7.183930e+00 8.896074e-06 2.611878e-06 0.293599
23.380000 7.184273e+00 8.892872e-06 2.615827e-06 0.294149
23.381000 7.184615e+00 8.889671e-06 2.605048e-06 0.293042
23.382000 7.184957e+00 8.886472e-06 2.629399e-06 0.295888
23.383000 7.185300e+00 8.883274e-06 2.604846e-06 0.293230
23.384000 7.185642e+00 8.880077e-06 2.618509e-06 0.294875
23.385000 7.185984e+00 8.876881e-06 2.606407e-06 0.293617
23.386000 7.186327e+00 8.873687e-06 2.615063e-06 0.294699
23.387000 7.186669e+00 8.870494e-06 2.604586e-06 0.293624
23.388000 7.187011e+00 8.867303e-06 2.605292e-06 0.293809
23.389000 7.187353e+00 8.864112e-06 2.597775e-06 0.293067
23.390000 7.187696e+00 8.860923e-06 2.617606e-06 0.295410
23.391000 7.188038e+00 8.857736e-06 2.605794e-06 0.294183
23.392000 7.188380e+00 8.854550e-06 2.604884e-06 0.294186
23.393000 7.188722e+00 8.851365e-06 2.605587e-06 0.294371
23.394000 7.189065e+00 8.848181e-06 2.604677e-06 0.294374
23.395000 7.189407e+00 8.844999e-06 2.593947e-06 0.293267
23.396000 7.189749e+00 8.841818e-06 2.593041e-06 0.293270
23.397000 7.190091e+00 8.838639e-06 2.592135e-06 0.293273
23.398000 7.190433e+00 8.835460e-06 2.594599e-06 0.293657
23.399000 7.190775e+00 8.832283e-06 2.600134e-06 0.294390
23.400000 7.191118e+00 8.829108e-06 2.603920e-06 0.294925
23.401000 7.191460e+00 8.825934e-06 2.598319e-06 0.294396
23.402000 7.191802e+00 8.822761e-06 2.597413e-06 0.294399
23.403000 7.192144e+00 8.819589e-06 2.590074e-06 0.293673
23.404000 7.192486e+00 8.816419e-06 2.595600e-06 0.294405
23.405000 7.192828e+00 8.813250e-06 2.597776e-06 0.294758
23.406000 7.193170e+00 8.810082e-06 2.598474e-06 0.294943
23.407000 7.193512e+00 8.806916e-06 2.583101e-06 0.293304
23.408000 7.193854e+00 8.803751e-06 2.580597e-06 0.293125
23.409000 7.194196e+00 8.800587e-06 2.591076e-06 0.294421
23.410000 7.194538e+00 8.797425e-06 2.585357e-06 0.293877
23.411000 7.194880e+00 8.794264e-06 2.593946e-06 0.294959
23.412000 7.195222e+00 8.791104e-06 2.591441e-06 0.294780
23.413000 7.195564e+00 8.787945e-06 2.570992e-06 0.292559
23.414000 7.195906e+00 8.784788e-06 2.591234e-06 0.294968
23.415000 7.196248e+00 8.781632e-06 2.584060e-06 0.294257
23.416000 7.196590e+00 8.778478e-06 2.568302e-06 0.292568
23.417000 7.196932e+00 8.775325e-06 2.572506e-06 0.293152
23.418000 7.197274e+00 8.772173e-06 2.576556e-06 0.293719
23.419000 7.197616e+00 8.769022e-06 2.575657e-06 0.293722
23.420000 7.197958e+00 8.765873e-06 2.579559e-06 0.294273
23.421000 7.198300e+00 8.762725e-06 2.573862e-06 0.293728
23.422000 7.198642e+00 8.759579e-06 2.588549e-06 0.295511
23.423000 7.198984e+00 8.756433e-06 2.576863e-06 0.294282
23.424000 7.199326e+00 8.753289e-06 2.567828e-06 0.293356
23.425000 7.199668e+00 8.750147e-06 2.576660e-06 0.294471
23.426000 7.200009e+00 8.747005e-06 2.578825e-06 0.294824
23.427000 7.200351e+00 8.743865e-06 2.579518e-06 0.295009
23.428000 7.200693e+00 8.740726e-06 2.567589e-06 0.293750
23.429000 7.201035e+00 8.737589e-06 2.573071e-06 0.294483
23.430000 7.201377e+00 8.734453e-06 2.567391e-06 0.293938
23.431000 7.201719e+00 8.731318e-06 2.575926e-06 0.295021
23.432000 7.202060e+00 8.728184e-06 2.568794e-06 0.294310
23.433000 7.202402e+00 8.725052e-06 2.578649e-06 0.295545
23.434000 7.202744e+00 8.721921e-06 2.558894e-06 0.293386
23.435000 7.203086e+00 8.718791e-06 2.561335e-06 0.293772
23.436000 7.203427e+00 8.715663e-06 2.562029e-06 0.293957
23.437000 7.203769e+00 8.712536e-06 2.565910e-06 0.294508
23.438000 7.204111e+00 8.709410e-06 2.558660e-06 0.293781
23.439000 7.204452e+00 8.706286e-06 2.568759e-06 0.295047
23.440000 7.204794e+00 8.703163e-06 2.563231e-06 0.294517
23.441000 7.205136e+00 8.700041e-06 2.565388e-06 0.294871
23.442000 7.205478e+00 8.696920e-06 2.566078e-06 0.295056
23.443000 7.205819e+00 8.693801e-06 2.555791e-06 0.293979
23.444000 7.206161e+00 8.690683e-06 2.558082e-06 0.294348
23.445000 7.206502e+00 8.687567e-06 2.549108e-06 0.293420
23.446000 7.206844e+00 8.684451e-06 2.553123e-06 0.293988
23.447000 7.207186e+00 8.681337e-06 2.550654e-06 0.293809
23.448000 7.207527e+00 8.678224e-06 2.565219e-06 0.295593
23.449000 7.207869e+00 8.675113e-06 2.562748e-06 0.295414
23.450000 7.208210e+00 8.672003e-06 2.552746e-06 0.294366
23.451000 7.208552e+00 8.668894e-06 2.556475e-06 0.294902
23.452000 7.208894e+00 8.665786e-06 2.557163e-06 0.295087
23.453000 7.209235e+00 8.662680e-06 2.550083e-06 0.294376
23.454000 7.209577e+00 8.659575e-06 2.541134e-06 0.293448
23.455000 7.209918e+00 8.656471e-06 2.549884e-06 0.294564
23.456000 7.210260e+00 8.653369e-06 2.552033e-06 0.294918
23.457000 7.210601e+00 8.650268e-06 2.552720e-06 0.295103
23.458000 7.210943e+00 8.647168e-06 2.551832e-06 0.295106
23.459000 7.211284e+00 8.644069e-06 2.549372e-06 0.294927
23.460000 7.211626e+00 8.640972e-06 2.540715e-06 0.294031
23.461000 7.211967e+00 8.637876e-06 2.539831e-06 0.294034
23.462000 7.212309e+00 8.634782e-06 2.537377e-06 0.293855
23.463000 7.212650e+00 8.631688e-06 2.547399e-06 0.295122
23.464000 7.212991e+00 8.628596e-06 2.541915e-06 0.294592
23.465000 7.213333e+00 8.625505e-06 2.539462e-06 0.294413
23.466000 7.213674e+00 8.622416e-06 2.544744e-06 0.295131
23.467000 7.214016e+00 8.619327e-06 2.529668e-06 0.293488
23.468000 7.214357e+00 8.616240e-06 2.536815e-06 0.294423
23.469000 7.214698e+00 8.613155e-06 2.535934e-06 0.294426
23.470000 7.215040e+00 8.610070e-06 2.535052e-06 0.294429
23.471000 7.215381e+00 8.606987e-06 2.524586e-06 0.293318
23.472000 7.215722e+00 8.603905e-06 2.539443e-06 0.295150
23.473000 7.216064e+00 8.600825e-06 2.527692e-06 0.293889
23.474000 7.216405e+00 8.597745e-06 2.526814e-06 0.293893
23.475000 7.216746e+00 8.594667e-06 2.521079e-06 0.293331
23.476000 7.217088e+00 8.591591e-06 2.525058e-06 0.293899
23.477000 7.217429e+00 8.588515e-06 2.530456e-06 0.294633
23.478000 7.217770e+00 8.585441e-06 2.518452e-06 0.293340
23.479000 7.218111e+00 8.582368e-06 2.517577e-06 0.293343
23.480000 7.218453e+00 8.579296e-06 2.523112e-06 0.294093
23.481000 7.218794e+00 8.576226e-06 2.520676e-06 0.293914
23.482000 7.219135e+00 8.573157e-06 2.514954e-06 0.293352
23.483000 7.219476e+00 8.570089e-06 2.514080e-06 0.293355
23.484000 7.219817e+00 8.567023e-06 2.522753e-06 0.294473
23.485000 7.220159e+00 8.563957e-06 2.526445e-06 0.295009
23.486000 7.220500e+00 8.560893e-06 2.506472e-06 0.292782
23.487000 7.220841e+00 8.557831e-06 2.524691e-06 0.295015
23.488000 7.221182e+00 8.554769e-06 2.514555e-06 0.293936
23.489000 7.221523e+00 8.551709e-06 2.503862e-06 0.292791
23.490000 7.221864e+00 8.548650e-06 2.517503e-06 0.294491
23.491000 7.222205e+00 8.545592e-06 2.516629e-06 0.294494
23.492000 7.222547e+00 8.542536e-06 2.512619e-06 0.294130
23.493000 7.222888e+00 8.539481e-06 2.510194e-06 0.293952
23.494000 7.223229e+00 8.536427e-06 2.504495e-06 0.293389
23.495000 7.223570e+00 8.533375e-06 2.508452e-06 0.293958
23.496000 7.223911e+00 8.530323e-06 2.502757e-06 0.293395
23.497000 7.224252e+00 8.527273e-06 2.511395e-06 0.294513
23.498000 7.224593e+00 8.524224e-06 2.505842e-06 0.293967
23.499000 7.224934e+00 8.521177e-06 2.500152e-06 0.293405
23.500000 7.225275e+00 8.518131e-06 2.504104e-06 0.293973
23.501000 7.225616e+00 8.515086e-06 2.507912e-06 0.294526
23.502000 7.225957e+00 8.512042e-06 2.507042e-06 0.294529
23.503000 7.226298e+00 8.509000e-06 2.516677e-06 0.295767
23.504000 7.226639e+00 8.505958e-06 2.495818e-06 0.293420
23.505000 7.226980e+00 8.502918e-06 2.519227e-06 0.296278
23.506000 7.227321e+00 8.499880e-06 2.509649e-06 0.295257
23.507000 7.227662e+00 8.496842e-06 2.483151e-06 0.292244
23.508000 7.228003e+00 8.493806e-06 2.507909e-06 0.295263
23.509000 7.228344e+00 8.490771e-06 2.486540e-06 0.292852
23.510000 7.228684e+00 8.487738e-06 2.485677e-06 0.292855
23.511000 7.229025e+00 8.484705e-06 2.494568e-06 0.294008
23.512000 7.229366e+00 8.481674e-06 2.485496e-06 0.293043
23.513000 7.229707e+00 8.478644e-06 2.494380e-06 0.294196
23.514000 7.230048e+00 8.475616e-06 2.491974e-06 0.294017
23.515000 7.230389e+00 8.472588e-06 2.486315e-06 0.293454
23.516000 7.230730e+00 8.469562e-06 2.500964e-06 0.295289
23.517000 7.231070e+00 8.466537e-06 2.484592e-06 0.293460
23.518000 7.231411e+00 8.463514e-06 2.488522e-06 0.294029
23.519000 7.231752e+00 8.460491e-06 2.492310e-06 0.294582
23.520000 7.232093e+00 8.457470e-06 2.482009e-06 0.293469
23.521000 7.232434e+00 8.454450e-06 2.485936e-06 0.294039
23.522000 7.232774e+00 8.451432e-06 2.480289e-06 0.293476
23.523000 7.233115e+00 8.448414e-06 2.494906e-06 0.295311
23.524000 7.233456e+00 8.445398e-06 2.489531e-06 0.294780
23.525000 7.233797e+00 8.442384e-06 2.482493e-06 0.294051
23.526000 7.234137e+00 8.439370e-06 2.481633e-06 0.294054
23.527000 7.234478e+00 8.436358e-06 2.491452e-06 0.295323
23.528000 7.234819e+00 8.433346e-06 2.476671e-06 0.293676
23.529000 7.235159e+00 8.430337e-06 2.489727e-06 0.295330
23.530000 7.235500e+00 8.427328e-06 2.473424e-06 0.293500
23.531000 7.235841e+00 8.424321e-06 2.472567e-06 0.293503
23.532000 7.236181e+00 8.421315e-06 2.466794e-06 0.292923
23.533000 7.236522e+00 8.418310e-06 2.475624e-06 0.294076
23.534000 7.236863e+00 8.415306e-06 2.470000e-06 0.293513
23.535000 7.237203e+00 8.412304e-06 2.470674e-06 0.293698
23.536000 7.237544e+00 8.409303e-06 2.474582e-06 0.294267
23.537000 7.237884e+00 8.406303e-06 2.478349e-06 0.294820
23.538000 7.238225e+00 8.403304e-06 2.481983e-06 0.295358
23.539000 7.238566e+00 8.400307e-06 2.475108e-06 0.294645
23.540000 7.238906e+00 8.397310e-06 2.471158e-06 0.294280
23.541000 7.239247e+00 8.394315e-06 2.468777e-06 0.294101
23.542000 7.239587e+00 8.391322e-06 2.469448e-06 0.294286
23.543000 7.239928e+00 8.388329e-06 2.467069e-06 0.294107
23.544000 7.240268e+00 8.385338e-06 2.472353e-06 0.294842
23.545000 7.240609e+00 8.382348e-06 2.462135e-06 0.293729
23.546000 7.240949e+00 8.379359e-06 2.470643e-06 0.294849
23.547000 7.241290e+00 8.376372e-06 2.458909e-06 0.293553
23.548000 7.241630e+00 8.373386e-06 2.468934e-06 0.294855
23.549000 7.241971e+00 8.370400e-06 2.457208e-06 0.293559
23.550000 7.242311e+00 8.367417e-06 2.462622e-06 0.294311
23.551000 7.242652e+00 8.364434e-06 2.466373e-06 0.294864
23.552000 7.242992e+00 8.361453e-06 2.464001e-06 0.294686
23.553000 7.243332e+00 8.358473e-06 2.464668e-06 0.294871
23.554000 7.243673e+00 8.355494e-06 2.457699e-06 0.294142
23.555000 7.244013e+00 8.352516e-06 2.467431e-06 0.295412
23.556000 7.244354e+00 8.349540e-06 2.446385e-06 0.292996
23.557000 7.244694e+00 8.346565e-06 2.455151e-06 0.294151
23.558000 7.245034e+00 8.343591e-06 2.455818e-06 0.294336
23.559000 7.245375e+00 8.340618e-06 2.450239e-06 0.293772
23.560000 7.245715e+00 8.337646e-06 2.457196e-06 0.294711
23.561000 7.246055e+00 8.334676e-06 2.442159e-06 0.293012
23.562000 7.246396e+00 8.331707e-06 2.450911e-06 0.294167
23.563000 7.246736e+00 8.328739e-06 2.456162e-06 0.294902
23.564000 7.247076e+00 8.325773e-06 2.449217e-06 0.294173
23.565000 7.247416e+00 8.322807e-06 2.448371e-06 0.294176
23.566000 7.247757e+00 8.319843e-06 2.442806e-06 0.293612
23.567000 7.248097e+00 8.316880e-06 2.437098e-06 0.293030
23.568000 7.248437e+00 8.313919e-06 2.441118e-06 0.293618
23.569000 7.248777e+00 8.310958e-06 2.440274e-06 0.293621
23.570000 7.249118e+00 8.307999e-06 2.434572e-06 0.293040
23.571000 7.249458e+00 8.305041e-06 2.447874e-06 0.294746
23.572000 7.249798e+00 8.302084e-06 2.439254e-06 0.293812
23.573000 7.250138e+00 8.299129e-06 2.441613e-06 0.294201
23.574000 7.250478e+00 8.296174e-06 2.446846e-06 0.294937
23.575000 7.250819e+00 8.293221e-06 2.454755e-06 0.295995
23.576000 7.251159e+00 8.290269e-06 2.434380e-06 0.293643
23.577000 7.251499e+00 8.287319e-06 2.444312e-06 0.294946
23.578000 7.251839e+00 8.284369e-06 2.438905e-06 0.294398
23.579000 7.252179e+00 8.281421e-06 2.441121e-06 0.294771
23.580000 7.252519e+00 8.278474e-06 2.446213e-06 0.295491
23.581000 7.252859e+00 8.275528e-06 2.439436e-06 0.294777
23.582000 7.253199e+00 8.272583e-06 2.419505e-06 0.292473
23.583000 7.253539e+00 8.269640e-06 2.443681e-06 0.295500
23.584000 7.253879e+00 8.266698e-06 2.422826e-06 0.293083
23.585000 7.254220e+00 8.263757e-06 2.431516e-06 0.294239
23.586000 7.254560e+00 8.260817e-06 2.430677e-06 0.294242
23.587000 7.254900e+00 8.257879e-06 2.425151e-06 0.293677
23.588000 7.255240e+00 8.254941e-06 2.429000e-06 0.294248
23.589000 7.255580e+00 8.252005e-06 2.423477e-06 0.293683
23.590000 7.255920e+00 8.249070e-06 2.431871e-06 0.294805
23.591000 7.256260e+00 8.246137e-06 2.436945e-06 0.295526
23.592000 7.256600e+00 8.243204e-06 2.434608e-06 0.295347
23.593000 7.256940e+00 8.240273e-06 2.426309e-06 0.294445
23.594000 7.257279e+00 8.237343e-06 2.430013e-06 0.295000
23.595000 7.257619e+00 8.234414e-06 2.413644e-06 0.293117
23.596000 7.257959e+00 8.231487e-06 2.422305e-06 0.294273
23.597000 7.258299e+00 8.228560e-06 2.426006e-06 0.294828
23.598000 7.258639e+00 8.225635e-06 2.420635e-06 0.294279
23.599000 7.258979e+00 8.222711e-06 2.419800e-06 0.294282
23.600000 7.259319e+00 8.219788e-06 2.423498e-06 0.294837
23.601000 7.259659e+00 8.216866e-06 2.418131e-06 0.294289
23.602000 7.259999e+00 8.213946e-06 2.423318e-06 0.295025
23.603000 7.260338e+00 8.211027e-06 2.420992e-06 0.294846
23.604000 7.260678e+00 8.208109e-06 2.426046e-06 0.295567
23.605000 7.261018e+00 8.205192e-06 2.410138e-06 0.293733
23.606000 7.261358e+00 8.202277e-06 2.413966e-06 0.294304
23.607000 7.261698e+00 8.199362e-06 2.413134e-06 0.294308
23.608000 7.262037e+00 8.196449e-06 2.413791e-06 0.294492
23.609000 7.262377e+00 8.193537e-06 2.421869e-06 0.295583
23.610000 7.262717e+00 8.190626e-06 2.401189e-06 0.293163
23.611000 7.263057e+00 8.187717e-06 2.409810e-06 0.294320
23.612000 7.263396e+00 8.184808e-06 2.410465e-06 0.294505
23.613000 7.263736e+00 8.181901e-06 2.404985e-06 0.293940
23.614000 7.264076e+00 8.178995e-06 2.407320e-06 0.294330
23.615000 7.264416e+00 8.176091e-06 2.411001e-06 0.294884
23.616000 7.264755e+00 8.173187e-06 2.405662e-06 0.294336
23.617000 7.265095e+00 8.170285e-06 2.409341e-06 0.294891
23.618000 7.265435e+00 8.167383e-06 2.399363e-06 0.293774
23.619000 7.265774e+00 8.164483e-06 2.407682e-06 0.294897
23.620000 7.266114e+00 8.161585e-06 2.397710e-06 0.293780
23.621000 7.266454e+00 8.158687e-06 2.396884e-06 0.293783
23.622000 7.266793e+00 8.155791e-06 2.400695e-06 0.294355
23.623000 7.267133e+00 8.152895e-06 2.410219e-06 0.295627
23.624000 7.267472e+00 8.150001e-06 2.389632e-06 0.293206
23.625000 7.267812e+00 8.147109e-06 2.398216e-06 0.294364
23.626000 7.268152e+00 8.144217e-06 2.397391e-06 0.294367
23.627000 7.268491e+00 8.141327e-06 2.406902e-06 0.295640
23.628000 7.268831e+00 8.138437e-06 2.400232e-06 0.294925
23.629000 7.269170e+00 8.135549e-06 2.396392e-06 0.294558
23.630000 7.269510e+00 8.132662e-06 2.384699e-06 0.293225
23.631000 7.269849e+00 8.129777e-06 2.397755e-06 0.294935
23.632000 7.270189e+00 8.126892e-06 2.396930e-06 0.294938
23.633000 7.270528e+00 8.124009e-06 2.391621e-06 0.294389
23.634000 7.270868e+00 8.121127e-06 2.386179e-06 0.293824
23.635000 7.271207e+00 8.118246e-06 2.394457e-06 0.294948
23.636000 7.271547e+00 8.115366e-06 2.386010e-06 0.294011
23.637000 7.271886e+00 8.112488e-06 2.389803e-06 0.294583
23.638000 7.272226e+00 8.109610e-06 2.391987e-06 0.294957
23.639000 7.272565e+00 8.106734e-06 2.382077e-06 0.293839
23.640000 7.272905e+00 8.103859e-06 2.376504e-06 0.293256
23.641000 7.273244e+00 8.100985e-06 2.390990e-06 0.295148
23.642000 7.273583e+00 8.098113e-06 2.388699e-06 0.294970
23.643000 7.273923e+00 8.095241e-06 2.383406e-06 0.294421
23.644000 7.274262e+00 8.092371e-06 2.382587e-06 0.294424
23.645000 7.274601e+00 8.089502e-06 2.377165e-06 0.293858
23.646000 7.274941e+00 8.086634e-06 2.371603e-06 0.293274
23.647000 7.275280e+00 8.083767e-06 2.375530e-06 0.293864
23.648000 7.275620e+00 8.080902e-06 2.365079e-06 0.292675
23.649000 7.275959e+00 8.078037e-06 2.379959e-06 0.294621
23.650000 7.276298e+00 8.075174e-06 2.377676e-06 0.294443
23.651000 7.276637e+00 8.072312e-06 2.372265e-06 0.293877
23.652000 7.276977e+00 8.069451e-06 2.376042e-06 0.294449
23.653000 7.277316e+00 8.066591e-06 2.375225e-06 0.294452
23.654000 7.277655e+00 8.063733e-06 2.378864e-06 0.295008
23.655000 7.277994e+00 8.060876e-06 2.373593e-06 0.294458
23.656000 7.278334e+00 8.058020e-06 2.378692e-06 0.295196
23.657000 7.278673e+00 8.055165e-06 2.367377e-06 0.293895
23.658000 7.279012e+00 8.052311e-06 2.377057e-06 0.295202
23.659000 7.279351e+00 8.049458e-06 2.371793e-06 0.294652
23.660000 7.279691e+00 8.046607e-06 2.379745e-06 0.295745
23.661000 7.280030e+00 8.043757e-06 2.373150e-06 0.295030
23.662000 7.280369e+00 8.040907e-06 2.372334e-06 0.295033
23.663000 7.280708e+00 8.038060e-06 2.372978e-06 0.295218
23.664000 7.281047e+00 8.035213e-06 2.380673e-06 0.296280
23.665000 7.281386e+00 8.032367e-06 2.369891e-06 0.295043
23.666000 7.281725e+00 8.029523e-06 2.355352e-06 0.293337
23.667000 7.282065e+00 8.026680e-06 2.363827e-06 0.294496
23.668000 7.282404e+00 8.023838e-06 2.363015e-06 0.294499
23.669000 7.282743e+00 8.020997e-06 2.352926e-06 0.293346
23.670000 7.283082e+00 8.018157e-06 2.365826e-06 0.295059
23.671000 7.283421e+00 8.015318e-06 2.360582e-06 0.294509
23.672000 7.283760e+00 8.012481e-06 2.359772e-06 0.294512
23.673000 7.284099e+00 8.009645e-06 2.360414e-06 0.294697
23.674000 7.284438e+00 8.006810e-06 2.364032e-06 0.295253
23.675000 7.284777e+00 8.003976e-06 2.354235e-06 0.294133
23.676000 7.285116e+00 8.001143e-06 2.365257e-06 0.295615
23.677000 7.285455e+00 7.998311e-06 2.351168e-06 0.293958
23.678000 7.285794e+00 7.995481e-06 2.354917e-06 0.294531
23.679000 7.286133e+00 7.992652e-06 2.364272e-06 0.295806
23.680000 7.286472e+00 7.989824e-06 2.362013e-06 0.295628
23.681000 7.286811e+00 7.986997e-06 2.358359e-06 0.295275
23.682000 7.287150e+00 7.984171e-06 2.342446e-06 0.293386
23.683000 7.287489e+00 7.981346e-06 2.350879e-06 0.294547
23.684000 7.287828e+00 7.978523e-06 2.350073e-06 0.294550
23.685000 7.288167e+00 7.975701e-06 2.357965e-06 0.295644
23.686000 7.288506e+00 7.972880e-06 2.348461e-06 0.294556
23.687000 7.288844e+00 7.970060e-06 2.343113e-06 0.293989
23.688000 7.289183e+00 7.967241e-06 2.342310e-06 0.293993
23.689000 7.289522e+00 7.964423e-06 2.346046e-06 0.294566
23.690000 7.289861e+00 7.961607e-06 2.349646e-06 0.295122
23.691000 7.290200e+00 7.958791e-06 2.341343e-06 0.294183
23.692000 7.290539e+00 7.955977e-06 2.339098e-06 0.294005
23.693000 7.290877e+00 7.953164e-06 2.347230e-06 0.295132
23.694000 7.291216e+00 7.950352e-06 2.343468e-06 0.294763
23.695000 7.291555e+00 7.947542e-06 2.341223e-06 0.294585
23.696000 7.291894e+00 7.944732e-06 2.335891e-06 0.294018
23.697000 7.292233e+00 7.941924e-06 2.345454e-06 0.295326
23.698000 7.292571e+00 7.939116e-06 2.334290e-06 0.294024
23.699000 7.292910e+00 7.936310e-06 2.338015e-06 0.294597
23.700000 7.293249e+00 7.933505e-06 2.337214e-06 0.294600
23.701000 7.293588e+00 7.930702e-06 2.337851e-06 0.294785
23.702000 7.293926e+00 7.927899e-06 2.335612e-06 0.294607
23.703000 7.294265e+00 7.925097e-06 2.344897e-06 0.295882
23.704000 7.294604e+00 7.922297e-06 2.334012e-06 0.294613
23.705000 7.294942e+00 7.919498e-06 2.328696e-06 0.294046
23.706000 7.295281e+00 7.916700e-06 2.327898e-06 0.294049
23.707000 7.295620e+00 7.913903e-06 2.337430e-06 0.295357
23.708000 7.295958e+00 7.911107e-06 2.336629e-06 0.295361
23.709000 7.296297e+00 7.908313e-06 2.340083e-06 0.295902
23.710000 7.296636e+00 7.905519e-06 2.324709e-06 0.294062
23.711000 7.296974e+00 7.902727e-06 2.328421e-06 0.294635
23.712000 7.297313e+00 7.899936e-06 2.336248e-06 0.295730
23.713000 7.297651e+00 7.897146e-06 2.326827e-06 0.294642
23.714000 7.297990e+00 7.894357e-06 2.321526e-06 0.294074
23.715000 7.298329e+00 7.891569e-06 2.329604e-06 0.295202
23.716000 7.298667e+00 7.888782e-06 2.334481e-06 0.295924
23.717000 7.299006e+00 7.885997e-06 2.336378e-06 0.296269
23.718000 7.299344e+00 7.883213e-06 2.327213e-06 0.295211
23.719000 7.299683e+00 7.880429e-06 2.330656e-06 0.295752
23.720000 7.300021e+00 7.877647e-06 2.316761e-06 0.294093
23.721000 7.300360e+00 7.874867e-06 2.315968e-06 0.294096
23.722000 7.300698e+00 7.872087e-06 2.315175e-06 0.294099
23.723000 7.301037e+00 7.869308e-06 2.318874e-06 0.294673
23.724000 7.301375e+00 7.866531e-06 2.322438e-06 0.295230
23.725000 7.301714e+00 7.863754e-06 2.308171e-06 0.293520
23.726000 7.302052e+00 7.860979e-06 2.307381e-06 0.293523
23.727000 7.302390e+00 7.858205e-06 2.325709e-06 0.295959
23.728000 7.302729e+00 7.855432e-06 2.319262e-06 0.295243
23.729000 7.303067e+00 7.852660e-06 2.318469e-06 0.295246
23.730000 7.303406e+00 7.849890e-06 2.317676e-06 0.295249
23.731000 7.303744e+00 7.847120e-06 2.318305e-06 0.295434
23.732000 7.304082e+00 7.844352e-06 2.311744e-06 0.294702
23.733000 7.304421e+00 7.841585e-06 2.319520e-06 0.295797
23.734000 7.304759e+00 7.838819e-06 2.305687e-06 0.294137
23.735000 7.305097e+00 7.836054e-06 2.309372e-06 0.294711
23.736000 7.305436e+00 7.833290e-06 2.304110e-06 0.294143
23.737000 7.305774e+00 7.830527e-06 2.298711e-06 0.293558
23.738000 7.306112e+00 7.827765e-06 2.311343e-06 0.295275
23.739000 7.306451e+00 7.825005e-06 2.297139e-06 0.293564
23.740000 7.306789e+00 7.822246e-06 2.305427e-06 0.294727
23.741000 7.307127e+00 7.819488e-06 2.313185e-06 0.295823
23.742000 7.307465e+00 7.816731e-06 2.303851e-06 0.294733
23.743000 7.307804e+00 7.813975e-06 2.303064e-06 0.294737
23.744000 7.308142e+00 7.811220e-06 2.302277e-06 0.294740
23.745000 7.308480e+00 7.808466e-06 2.302904e-06 0.294924
23.746000 7.308818e+00 7.805714e-06 2.291646e-06 0.293586
23.747000 7.309157e+00 7.802962e-06 2.299917e-06 0.294749
23.748000 7.309495e+00 7.800212e-06 2.294675e-06 0.294181
23.749000 7.309833e+00 7.797463e-06 2.298345e-06 0.294756
23.750000 7.310171e+00 7.794715e-06 2.288515e-06 0.293598
23.751000 7.310509e+00 7.791968e-06 2.301096e-06 0.295316
23.752000 7.310847e+00 7.789222e-06 2.300310e-06 0.295320
23.753000 7.311186e+00 7.786477e-06 2.303720e-06 0.295862
23.754000 7.311524e+00 7.783734e-06 2.300149e-06 0.295507
23.755000 7.311862e+00 7.780991e-06 2.297954e-06 0.295329
23.756000 7.312200e+00 7.778250e-06 2.292855e-06 0.294778
23.757000 7.312538e+00 7.775510e-06 2.283046e-06 0.293620
23.758000 7.312876e+00 7.772771e-06 2.291289e-06 0.294784
23.759000 7.313214e+00 7.770033e-06 2.290507e-06 0.294787
23.760000 7.313552e+00 7.767296e-06 2.286692e-06 0.294400
23.761000 7.313890e+00 7.764560e-06 2.279929e-06 0.293633
23.762000 7.314228e+00 7.761826e-06 2.296651e-06 0.295891
23.763000 7.314566e+00 7.759092e-06 2.288786e-06 0.294981
23.764000 7.314904e+00 7.756360e-06 2.277593e-06 0.293642
23.765000 7.315242e+00 7.753629e-06 2.281386e-06 0.294235
23.766000 7.315580e+00 7.750899e-06 2.294921e-06 0.296085
23.767000 7.315918e+00 7.748170e-06 2.284259e-06 0.294813
23.768000 7.316256e+00 7.745442e-06 2.287777e-06 0.295371
23.769000 7.316594e+00 7.742715e-06 2.273708e-06 0.293658
23.770000 7.316932e+00 7.739990e-06 2.281921e-06 0.294822
23.771000 7.317270e+00 7.737265e-06 2.281142e-06 0.294825
23.772000 7.317608e+00 7.734542e-06 2.280364e-06 0.294829
23.773000 7.317946e+00 7.731819e-06 2.279586e-06 0.294832
23.774000 7.318284e+00 7.729098e-06 2.274388e-06 0.294263
23.775000 7.318621e+00 7.726378e-06 2.282320e-06 0.295393
23.776000 7.318959e+00 7.723659e-06 2.277254e-06 0.294841
23.777000 7.319297e+00 7.720941e-06 2.292912e-06 0.296973
23.778000 7.319635e+00 7.718225e-06 2.271286e-06 0.294276
23.779000 7.319973e+00 7.715509e-06 2.270511e-06 0.294279
23.780000 7.320311e+00 7.712794e-06 2.278430e-06 0.295409
23.781000 7.320648e+00 7.710081e-06 2.273373e-06 0.294857
23.782000 7.320986e+00 7.707369e-06 2.268189e-06 0.294288
23.783000 7.321324e+00 7.704657e-06 2.280256e-06 0.295958
23.784000 7.321662e+00 7.701947e-06 2.271048e-06 0.294867
23.785000 7.322000e+00 7.699238e-06 2.270274e-06 0.294870
23.786000 7.322337e+00 7.696531e-06 2.273774e-06 0.295428
23.787000 7.322675e+00 7.693824e-06 2.268726e-06 0.294876
23.788000 7.323013e+00 7.691118e-06 2.267953e-06 0.294879
23.789000 7.323351e+00 7.688414e-06 2.262780e-06 0.294310
23.790000 7.323688e+00 7.685710e-06 2.262009e-06 0.294314
23.791000 7.324026e+00 7.683008e-06 2.275438e-06 0.296165
23.792000 7.324364e+00 7.680307e-06 2.255935e-06 0.293730
23.793000 7.324701e+00 7.677606e-06 2.268355e-06 0.295451
23.794000 7.325039e+00 7.674907e-06 2.263319e-06 0.294899
23.795000 7.325377e+00 7.672210e-06 2.272339e-06 0.296178
23.796000 7.325714e+00 7.669513e-06 2.267426e-06 0.295641
23.797000 7.326052e+00 7.666817e-06 2.265266e-06 0.295464
23.798000 7.326390e+00 7.664122e-06 2.260236e-06 0.294911
23.799000 7.326727e+00 7.661429e-06 2.250558e-06 0.293752
23.800000 7.327065e+00 7.658736e-06 2.258697e-06 0.294918
23.801000 7.327402e+00 7.656045e-06 2.263567e-06 0.295657
23.802000 7.327740e+00 7.653355e-06 2.261411e-06 0.295480
23.803000 7.328077e+00 7.650666e-06 2.256390e-06 0.294927
23.804000 7.328415e+00 7.647978e-06 2.259871e-06 0.295486
23.805000 7.328752e+00 7.645291e-06 2.263229e-06 0.296029
23.806000 7.329090e+00 7.642605e-06 2.254085e-06 0.294937
23.807000 7.329428e+00 7.639920e-06 2.261688e-06 0.296036
23.808000 7.329765e+00 7.637237e-06 2.256795e-06 0.295499
23.809000 7.330103e+00 7.634554e-06 2.253166e-06 0.295127
23.810000 7.330440e+00 7.631873e-06 2.246647e-06 0.294377
23.811000 7.330777e+00 7.629192e-06 2.258611e-06 0.296048
23.812000 7.331115e+00 7.626513e-06 2.261845e-06 0.296577
23.813000 7.331452e+00 7.623835e-06 2.248719e-06 0.294959
23.814000 7.331790e+00 7.621158e-06 2.239087e-06 0.293799
23.815000 7.332127e+00 7.618482e-06 2.251424e-06 0.295521
23.816000 7.332465e+00 7.615807e-06 2.246424e-06 0.294969
23.817000 7.332802e+00 7.613133e-06 2.236802e-06 0.293808
23.818000 7.333139e+00 7.610460e-06 2.246273e-06 0.295156
23.819000 7.333477e+00 7.607789e-06 2.252471e-06 0.296074
23.820000 7.333814e+00 7.605118e-06 2.243369e-06 0.294981
23.821000 7.334151e+00 7.602449e-06 2.246833e-06 0.295541
23.822000 7.334489e+00 7.599780e-06 2.237488e-06 0.294415
23.823000 7.334826e+00 7.597113e-06 2.241080e-06 0.294991
23.824000 7.335163e+00 7.594447e-06 2.248644e-06 0.296090
23.825000 7.335501e+00 7.591782e-06 2.230719e-06 0.293833
23.826000 7.335838e+00 7.589118e-06 2.238794e-06 0.295001
23.827000 7.336175e+00 7.586455e-06 2.242252e-06 0.295560
23.828000 7.336513e+00 7.583793e-06 2.232926e-06 0.294434
23.829000 7.336850e+00 7.581132e-06 2.236511e-06 0.295010
23.830000 7.337187e+00 7.578473e-06 2.226928e-06 0.293849
23.831000 7.337524e+00 7.575814e-06 2.239205e-06 0.295573
23.832000 7.337862e+00 7.573157e-06 2.234231e-06 0.295020
23.833000 7.338199e+00 7.570500e-06 2.239052e-06 0.295760
23.834000 7.338536e+00 7.567845e-06 2.223900e-06 0.293862
23.835000 7.338873e+00 7.565191e-06 2.231953e-06 0.295029
23.836000 7.339210e+00 7.562537e-06 2.231194e-06 0.295032
23.837000 7.339548e+00 7.559885e-06 2.221633e-06 0.293871
23.838000 7.339885e+00 7.557234e-06 2.229678e-06 0.295039
23.839000 7.340222e+00 7.554584e-06 2.220122e-06 0.293878
23.840000 7.340559e+00 7.551936e-06 2.232365e-06 0.295602
23.841000 7.340896e+00 7.549288e-06 2.235687e-06 0.296145
23.842000 7.341233e+00 7.546641e-06 2.230849e-06 0.295608
23.843000 7.341570e+00 7.543996e-06 2.230091e-06 0.295611
23.844000 7.341907e+00 7.541351e-06 2.233410e-06 0.296155
23.845000 7.342244e+00 7.538708e-06 2.224380e-06 0.295061
23.846000 7.342582e+00 7.536065e-06 2.219303e-06 0.294491
23.847000 7.342919e+00 7.533424e-06 2.227063e-06 0.295624
23.848000 7.343256e+00 7.530784e-06 2.222115e-06 0.295071
23.849000 7.343593e+00 7.528145e-06 2.225551e-06 0.295631
23.850000 7.343930e+00 7.525507e-06 2.216289e-06 0.294504
23.851000 7.344267e+00 7.522870e-06 2.215536e-06 0.294507
23.852000 7.344604e+00 7.520234e-06 2.223284e-06 0.295640
23.853000 7.344941e+00 7.517599e-06 2.218344e-06 0.295087
23.854000 7.345278e+00 7.514965e-06 2.217591e-06 0.295090
23.855000 7.345615e+00 7.512332e-06 2.225084e-06 0.296191
23.856000 7.345952e+00 7.509701e-06 2.207334e-06 0.293931
23.857000 7.346288e+00 7.507070e-06 2.215334e-06 0.295100
23.858000 7.346625e+00 7.504441e-06 2.211633e-06 0.294710
23.859000 7.346962e+00 7.501812e-06 2.209526e-06 0.294532
23.860000 7.347299e+00 7.499185e-06 2.221311e-06 0.296207
23.861000 7.347636e+00 7.496559e-06 2.216502e-06 0.295669
23.862000 7.347973e+00 7.493933e-06 2.211577e-06 0.295116
23.863000 7.348310e+00 7.491309e-06 2.210826e-06 0.295119
23.864000 7.348647e+00 7.488686e-06 2.210076e-06 0.295122
23.865000 7.348984e+00 7.486064e-06 2.209326e-06 0.295125
23.866000 7.349320e+00 7.483443e-06 2.212745e-06 0.295685
23.867000 7.349657e+00 7.480823e-06 2.219977e-06 0.296756
23.868000 7.349994e+00 7.478204e-06 2.211244e-06 0.295692
23.869000 7.350331e+00 7.475587e-06 2.202039e-06 0.294564
23.870000 7.350668e+00 7.472970e-06 2.209745e-06 0.295698
23.871000 7.351004e+00 7.470354e-06 2.216967e-06 0.296769
23.872000 7.351341e+00 7.467740e-06 2.195378e-06 0.293982
23.873000 7.351678e+00 7.465126e-06 2.203338e-06 0.295151
23.874000 7.352015e+00 7.462514e-06 2.206749e-06 0.295711
23.875000 7.352351e+00 7.459903e-06 2.206001e-06 0.295714
23.876000 7.352688e+00 7.457292e-06 2.209289e-06 0.296259
23.877000 7.353025e+00 7.454683e-06 2.208540e-06 0.296262
23.878000 7.353362e+00 7.452075e-06 2.190914e-06 0.294000
23.879000 7.353698e+00 7.449468e-06 2.194582e-06 0.294596
23.880000 7.354035e+00 7.446862e-06 2.189428e-06 0.294007
23.881000 7.354372e+00 7.444257e-06 2.201518e-06 0.295734
23.882000 7.354708e+00 7.441653e-06 2.204801e-06 0.296278
23.883000 7.355045e+00 7.439050e-06 2.191608e-06 0.294609
23.884000 7.355381e+00 7.436448e-06 2.190865e-06 0.294612
23.885000 7.355718e+00 7.433847e-06 2.190122e-06 0.294615
23.886000 7.356055e+00 7.431248e-06 2.197791e-06 0.295750
23.887000 7.356391e+00 7.428649e-06 2.192905e-06 0.295196
23.888000 7.356728e+00 7.426051e-06 2.187897e-06 0.294624
23.889000 7.357064e+00 7.423455e-06 2.199578e-06 0.296301
23.890000 7.357401e+00 7.420859e-06 2.194814e-06 0.295763
23.891000 7.357738e+00 7.418265e-06 2.189935e-06 0.295209
23.892000 7.358074e+00 7.415672e-06 2.193328e-06 0.295769
23.893000 7.358411e+00 7.413079e-06 2.192585e-06 0.295773
23.894000 7.358747e+00 7.410488e-06 2.183453e-06 0.294644
23.895000 7.359084e+00 7.407898e-06 2.186970e-06 0.295221
23.896000 7.359420e+00 7.405309e-06 2.186229e-06 0.295225
23.897000 7.359757e+00 7.402721e-06 2.176848e-06 0.294061
23.898000 7.360093e+00 7.400134e-06 2.188876e-06 0.295789
23.899000 7.360430e+00 7.397548e-06 2.188135e-06 0.295792
23.900000 7.360766e+00 7.394963e-06 2.191400e-06 0.296337
23.901000 7.361102e+00 7.392379e-06 2.173900e-06 0.294073
23.902000 7.361439e+00 7.389796e-06 2.168642e-06 0.293464
23.903000 7.361775e+00 7.387214e-06 2.181053e-06 0.295247
23.904000 7.362112e+00 7.384633e-06 2.180315e-06 0.295250
23.905000 7.362448e+00 7.382054e-06 2.175334e-06 0.294679
23.906000 7.362784e+00 7.379475e-06 2.174597e-06 0.294682
23.907000 7.363121e+00 7.376897e-06 2.173861e-06 0.294685
23.908000 7.363457e+00 7.374321e-06 2.177365e-06 0.295263
23.909000 7.363793e+00 7.371745e-06 2.176628e-06 0.295266
23.910000 7.364130e+00 7.369171e-06 2.175891e-06 0.295270
23.911000 7.364466e+00 7.366597e-06 2.170920e-06 0.294698
23.912000 7.364802e+00 7.364025e-06 2.178528e-06 0.295834
23.913000 7.365139e+00 7.361454e-06 2.173684e-06 0.295279
23.914000 7.365475e+00 7.358883e-06 2.172948e-06 0.295282
23.915000 7.365811e+00 7.356314e-06 2.167983e-06 0.294711
23.916000 7.366148e+00 7.353746e-06 2.171479e-06 0.295289
23.917000 7.366484e+00 7.351179e-06 2.170744e-06 0.295292
23.918000 7.366820e+00 7.348613e-06 2.174111e-06 0.295853
23.919000 7.367156e+00 7.346047e-06 2.173376e-06 0.295857
23.920000 7.367492e+00 7.343483e-06 2.168543e-06 0.295302
23.921000 7.367829e+00 7.340920e-06 2.171907e-06 0.295863
23.922000 7.368165e+00 7.338358e-06 2.167076e-06 0.295308
23.923000 7.368501e+00 7.335798e-06 2.153280e-06 0.293530
23.924000 7.368837e+00 7.333238e-06 2.157043e-06 0.294146
23.925000 7.369173e+00 7.330679e-06 2.156313e-06 0.294149
23.926000 7.369510e+00 7.328121e-06 2.159932e-06 0.294746
23.927000 7.369846e+00 7.325564e-06 2.159202e-06 0.294749
23.928000 7.370182e+00 7.323008e-06 2.154127e-06 0.294159
23.929000 7.370518e+00 7.320454e-06 2.170011e-06 0.296431
23.930000 7.370854e+00 7.317900e-06 2.161223e-06 0.295334
23.931000 7.371190e+00 7.315347e-06 2.160493e-06 0.295337
23.932000 7.371526e+00 7.312796e-06 2.163846e-06 0.295899
23.933000 7.371862e+00 7.310245e-06 2.163115e-06 0.295902
23.934000 7.372198e+00 7.307696e-06 2.154098e-06 0.294771
23.935000 7.372534e+00 7.305147e-06 2.153371e-06 0.294774
23.936000 7.372870e+00 7.302600e-06 2.160924e-06 0.295912
23.937000 7.373206e+00 7.300053e-06 2.156117e-06 0.295356
23.938000 7.373542e+00 7.297508e-06 2.159464e-06 0.295918
23.939000 7.373878e+00 7.294964e-06 2.158735e-06 0.295921
23.940000 7.374214e+00 7.292420e-06 2.158006e-06 0.295925
23.941000 7.374550e+00 7.289878e-06 2.149009e-06 0.294794
23.942000 7.374886e+00 7.287337e-06 2.152478e-06 0.295372
23.943000 7.375222e+00 7.284797e-06 2.155821e-06 0.295934
23.944000 7.375558e+00 7.282257e-06 2.146833e-06 0.294803
23.945000 7.375894e+00 7.279719e-06 2.158316e-06 0.296483
23.946000 7.376230e+00 7.277182e-06 2.153638e-06 0.295944
23.947000 7.376566e+00 7.274646e-06 2.156859e-06 0.296490
23.948000 7.376902e+00 7.272111e-06 2.148121e-06 0.295392
23.949000 7.377238e+00 7.269577e-06 2.143211e-06 0.294819
23.950000 7.377574e+00 7.267044e-06 2.146672e-06 0.295398
23.951000 7.377909e+00 7.264512e-06 2.145947e-06 0.295401
23.952000 7.378245e+00 7.261981e-06 2.149281e-06 0.295963
23.953000 7.378581e+00 7.259451e-06 2.140318e-06 0.294832
23.954000 7.378917e+00 7.256922e-06 2.139596e-06 0.294835
23.955000 7.379253e+00 7.254394e-06 2.134565e-06 0.294244
23.956000 7.379589e+00 7.251867e-06 2.146382e-06 0.295976
23.957000 7.379924e+00 7.249341e-06 2.141606e-06 0.295421
23.958000 7.380260e+00 7.246816e-06 2.136709e-06 0.294848
23.959000 7.380596e+00 7.244293e-06 2.144210e-06 0.295986
23.960000 7.380932e+00 7.241770e-06 2.135268e-06 0.294854
23.961000 7.381267e+00 7.239248e-06 2.142764e-06 0.295993
23.962000 7.381603e+00 7.236727e-06 2.129527e-06 0.294267
23.963000 7.381939e+00 7.234207e-06 2.137275e-06 0.295440
23.964000 7.382275e+00 7.231689e-06 2.128091e-06 0.294273
23.965000 7.382610e+00 7.229171e-06 2.139875e-06 0.296006
23.966000 7.382946e+00 7.226654e-06 2.139154e-06 0.296009
23.967000 7.383282e+00 7.224139e-06 2.130231e-06 0.294877
23.968000 7.383617e+00 7.221624e-06 2.137712e-06 0.296015
23.969000 7.383953e+00 7.219111e-06 2.136991e-06 0.296019
23.970000 7.384289e+00 7.216598e-06 2.114783e-06 0.293044
23.971000 7.384624e+00 7.214086e-06 2.135551e-06 0.296025
23.972000 7.384960e+00 7.211576e-06 2.138748e-06 0.296572
23.973000 7.385295e+00 7.209066e-06 2.134111e-06 0.296032
23.974000 7.385631e+00 7.206558e-06 2.129362e-06 0.295476
23.975000 7.385967e+00 7.204050e-06 2.120209e-06 0.294308
23.976000 7.386302e+00 7.201544e-06 2.131955e-06 0.296041
23.977000 7.386638e+00 7.199038e-06 2.127210e-06 0.295485
23.978000 7.386973e+00 7.196534e-06 2.122345e-06 0.294912
23.979000 7.387309e+00 7.194030e-06 2.125776e-06 0.295492
23.980000 7.387644e+00 7.191528e-06 2.129083e-06 0.296054
23.981000 7.387980e+00 7.189026e-06 2.124344e-06 0.295498
23.982000 7.388315e+00 7.186526e-06 2.123628e-06 0.295501
23.983000 7.388651e+00 7.184026e-06 2.118771e-06 0.294928
23.984000 7.388986e+00 7.181528e-06 2.118057e-06 0.294931
23.985000 7.389322e+00 7.179031e-06 2.121483e-06 0.295511
23.986000 7.389657e+00 7.176534e-06 2.119410e-06 0.295325
23.987000 7.389993e+00 7.174039e-06 2.111651e-06 0.294346
23.988000 7.390328e+00 7.171545e-06 2.115205e-06 0.294944
23.989000 7.390664e+00 7.169051e-06 2.114493e-06 0.294947
23.990000 7.390999e+00 7.166559e-06 2.113780e-06 0.294951
23.991000 7.391334e+00 7.164068e-06 2.117200e-06 0.295530
23.992000 7.391670e+00 7.161577e-06 2.112357e-06 0.294957
23.993000 7.392005e+00 7.159088e-06 2.098446e-06 0.293116
23.994000 7.392341e+00 7.156600e-06 2.105323e-06 0.294179
23.995000 7.392676e+00 7.154112e-06 2.114351e-06 0.295543
23.996000 7.393011e+00 7.151626e-06 2.113639e-06 0.295547
23.997000 7.393347e+00 7.149141e-06 2.112928e-06 0.295550
23.998000 7.393682e+00 7.146656e-06 2.112216e-06 0.295553
23.999000 7.394017e+00 7.144173e-06 2.107384e-06 0.294979
24.000000 7.394352e+00 7.141691e-06 2.110795e-06 0.295560
