23.000000 7.053361e+00 8.431682e-06 2.471940e-06 0.293173
23.001000 7.053707e+00 8.428338e-06 2.466446e-06 0.292637
23.002000 7.054054e+00 8.424995e-06 2.470030e-06 0.293179
23.003000 7.054400e+00 8.421654e-06 2.469076e-06 0.293182
23.004000 7.054747e+00 8.418314e-06 2.468122e-06 0.293185
23.005000 7.055094e+00 8.414975e-06 2.471574e-06 0.293711
23.006000 7.055440e+00 8.411638e-06 2.466215e-06 0.293191
23.007000 7.055787e+00 8.408303e-06 2.473949e-06 0.294227
23.008000 7.056133e+00 8.404969e-06 2.455122e-06 0.292104
23.009000 7.056480e+00 8.401636e-06 2.463358e-06 0.293200
23.010000 7.056826e+00 8.398305e-06 2.466805e-06 0.293727
23.011000 7.057173e+00 8.394976e-06 2.461456e-06 0.293206
23.012000 7.057519e+00 8.391648e-06 2.469176e-06 0.294242
23.013000 7.057866e+00 8.388321e-06 2.468223e-06 0.294245
23.014000 7.058212e+00 8.384996e-06 2.467270e-06 0.294248
23.015000 7.058559e+00 8.381673e-06 2.453140e-06 0.292679
23.016000 7.058905e+00 8.378351e-06 2.465365e-06 0.294254
23.017000 7.059252e+00 8.375030e-06 2.460146e-06 0.293748
23.018000 7.059598e+00 8.371711e-06 2.445655e-06 0.292133
23.019000 7.059945e+00 8.368393e-06 2.458247e-06 0.293754
23.020000 7.060291e+00 8.365077e-06 2.461561e-06 0.294266
23.021000 7.060637e+00 8.361763e-06 2.451969e-06 0.293236
23.022000 7.060984e+00 8.358449e-06 2.451022e-06 0.293239
23.023000 7.061330e+00 8.355138e-06 2.445573e-06 0.292703
23.024000 7.061677e+00 8.351828e-06 2.453507e-06 0.293769
23.025000 7.062023e+00 8.348519e-06 2.456816e-06 0.294282
23.026000 7.062369e+00 8.345212e-06 2.455868e-06 0.294285
23.027000 7.062716e+00 8.341906e-06 2.446296e-06 0.293254
23.028000 7.063062e+00 8.338601e-06 2.445352e-06 0.293257
23.029000 7.063408e+00 8.335299e-06 2.444409e-06 0.293260
23.030000 7.063755e+00 8.331997e-06 2.447833e-06 0.293787
23.031000 7.064101e+00 8.328697e-06 2.438033e-06 0.292727
23.032000 7.064447e+00 8.325399e-06 2.445944e-06 0.293793
23.033000 7.064793e+00 8.322102e-06 2.436152e-06 0.292733
23.034000 7.065140e+00 8.318807e-06 2.439698e-06 0.293275
23.035000 7.065486e+00 8.315513e-06 2.447356e-06 0.294312
23.036000 7.065832e+00 8.312220e-06 2.446412e-06 0.294315
23.037000 7.066178e+00 8.308929e-06 2.441231e-06 0.293808
23.038000 7.066525e+00 8.305639e-06 2.444526e-06 0.294321
23.039000 7.066871e+00 8.302351e-06 2.430519e-06 0.292751
23.040000 7.067217e+00 8.299065e-06 2.424973e-06 0.292198
23.041000 7.067563e+00 8.295779e-06 2.433119e-06 0.293296
23.042000 7.067909e+00 8.292496e-06 2.427708e-06 0.292760
23.043000 7.068256e+00 8.289213e-06 2.422168e-06 0.292207
23.044000 7.068602e+00 8.285933e-06 2.430306e-06 0.293305
23.045000 7.068948e+00 8.282653e-06 2.420301e-06 0.292213
23.046000 7.069294e+00 8.279375e-06 2.428432e-06 0.293311
23.047000 7.069640e+00 8.276099e-06 2.431837e-06 0.293839
23.048000 7.069986e+00 8.272824e-06 2.422097e-06 0.292778
23.049000 7.070332e+00 8.269551e-06 2.434182e-06 0.294355
23.050000 7.070678e+00 8.266279e-06 2.424690e-06 0.293323
23.051000 7.071024e+00 8.263008e-06 2.423756e-06 0.293326
23.052000 7.071370e+00 8.259739e-06 2.427155e-06 0.293854
23.053000 7.071717e+00 8.256471e-06 2.426219e-06 0.293857
23.054000 7.072063e+00 8.253205e-06 2.416501e-06 0.292795
23.055000 7.072409e+00 8.249940e-06 2.420022e-06 0.293338
23.056000 7.072755e+00 8.246677e-06 2.419090e-06 0.293341
23.057000 7.073101e+00 8.243415e-06 2.418158e-06 0.293344
23.058000 7.073447e+00 8.240155e-06 2.421550e-06 0.293872
23.059000 7.073793e+00 8.236896e-06 2.428914e-06 0.294882
23.060000 7.074139e+00 8.233638e-06 2.406344e-06 0.292258
23.061000 7.074485e+00 8.230382e-06 2.409991e-06 0.292816
23.062000 7.074830e+00 8.227128e-06 2.422021e-06 0.294394
23.063000 7.075176e+00 8.223875e-06 2.421088e-06 0.294398
23.064000 7.075522e+00 8.220623e-06 2.420156e-06 0.294401
23.065000 7.075868e+00 8.217373e-06 2.406280e-06 0.292828
23.066000 7.076214e+00 8.214124e-06 2.414099e-06 0.293896
23.067000 7.076560e+00 8.210877e-06 2.413170e-06 0.293899
23.068000 7.076906e+00 8.207631e-06 2.412241e-06 0.293902
23.069000 7.077252e+00 8.204387e-06 2.407006e-06 0.293380
23.070000 7.077598e+00 8.201144e-06 2.414572e-06 0.294419
23.071000 7.077943e+00 8.197902e-06 2.405153e-06 0.293386
23.072000 7.078289e+00 8.194662e-06 2.412714e-06 0.294425
23.073000 7.078635e+00 8.191423e-06 2.394323e-06 0.292296
23.074000 7.078981e+00 8.188186e-06 2.402377e-06 0.293395
23.075000 7.079327e+00 8.184950e-06 2.401452e-06 0.293398
23.076000 7.079673e+00 8.181716e-06 2.400528e-06 0.293401
23.077000 7.080018e+00 8.178483e-06 2.399604e-06 0.293405
23.078000 7.080364e+00 8.175252e-06 2.389718e-06 0.292311
23.079000 7.080710e+00 8.172022e-06 2.397757e-06 0.293411
23.080000 7.081056e+00 8.168793e-06 2.392422e-06 0.292873
23.081000 7.081401e+00 8.165566e-06 2.391501e-06 0.292876
23.082000 7.081747e+00 8.162340e-06 2.394991e-06 0.293420
23.083000 7.082093e+00 8.159116e-06 2.389661e-06 0.292882
23.084000 7.082438e+00 8.155893e-06 2.393148e-06 0.293426
23.085000 7.082784e+00 8.152672e-06 2.396510e-06 0.293954
23.086000 7.083130e+00 8.149452e-06 2.386904e-06 0.292891
23.087000 7.083476e+00 8.146233e-06 2.381454e-06 0.292338
23.088000 7.083821e+00 8.143016e-06 2.380537e-06 0.292341
23.089000 7.084167e+00 8.139801e-06 2.396984e-06 0.294477
23.090000 7.084512e+00 8.136587e-06 2.386141e-06 0.293261
23.091000 7.084858e+00 8.133374e-06 2.386712e-06 0.293447
23.092000 7.085204e+00 8.130162e-06 2.385795e-06 0.293450
23.093000 7.085549e+00 8.126952e-06 2.380485e-06 0.292912
23.094000 7.085895e+00 8.123744e-06 2.379569e-06 0.292915
23.095000 7.086240e+00 8.120537e-06 2.378654e-06 0.292918
23.096000 7.086586e+00 8.117331e-06 2.382128e-06 0.293462
23.097000 7.086932e+00 8.114127e-06 2.389623e-06 0.294502
23.098000 7.087277e+00 8.110924e-06 2.380296e-06 0.293468
23.099000 7.087623e+00 8.107723e-06 2.370485e-06 0.292374
23.100000 7.087968e+00 8.104523e-06 2.378467e-06 0.293474
23.101000 7.088314e+00 8.101324e-06 2.373173e-06 0.292936
23.102000 7.088659e+00 8.098127e-06 2.366270e-06 0.292200
23.103000 7.089005e+00 8.094932e-06 2.379980e-06 0.294009
23.104000 7.089350e+00 8.091737e-06 2.383203e-06 0.294523
23.105000 7.089696e+00 8.088545e-06 2.382287e-06 0.294526
23.106000 7.090041e+00 8.085353e-06 2.381372e-06 0.294529
23.107000 7.090387e+00 8.082163e-06 2.367705e-06 0.292954
23.108000 7.090732e+00 8.078975e-06 2.366795e-06 0.292957
23.109000 7.091077e+00 8.075788e-06 2.370254e-06 0.293501
23.110000 7.091423e+00 8.072602e-06 2.377715e-06 0.294541
23.111000 7.091768e+00 8.069417e-06 2.372675e-06 0.294033
23.112000 7.092114e+00 8.066235e-06 2.371764e-06 0.294036
23.113000 7.092459e+00 8.063053e-06 2.366614e-06 0.293513
23.114000 7.092804e+00 8.059873e-06 2.361345e-06 0.292975
23.115000 7.093150e+00 8.056694e-06 2.373154e-06 0.294557
23.116000 7.093495e+00 8.053517e-06 2.368123e-06 0.294048
23.117000 7.093840e+00 8.050341e-06 2.358625e-06 0.292984
23.118000 7.094186e+00 8.047167e-06 2.357719e-06 0.292987
23.119000 7.094531e+00 8.043994e-06 2.356814e-06 0.292990
23.120000 7.094876e+00 8.040822e-06 2.364488e-06 0.294060
23.121000 7.095222e+00 8.037652e-06 2.363580e-06 0.294064
23.122000 7.095567e+00 8.034483e-06 2.362673e-06 0.294067
23.123000 7.095912e+00 8.031316e-06 2.365876e-06 0.294581
23.124000 7.096257e+00 8.028150e-06 2.364968e-06 0.294584
23.125000 7.096603e+00 8.024985e-06 2.355732e-06 0.293550
23.126000 7.096948e+00 8.021822e-06 2.350486e-06 0.293012
23.127000 7.097293e+00 8.018661e-06 2.358143e-06 0.294082
23.128000 7.097638e+00 8.015500e-06 2.353021e-06 0.293559
23.129000 7.097983e+00 8.012341e-06 2.343316e-06 0.292463
23.130000 7.098329e+00 8.009184e-06 2.346880e-06 0.293024
23.131000 7.098674e+00 8.006028e-06 2.354525e-06 0.294094
23.132000 7.099019e+00 8.002873e-06 2.357718e-06 0.294609
23.133000 7.099364e+00 7.999720e-06 2.344179e-06 0.293033
23.134000 7.099709e+00 7.996568e-06 2.343279e-06 0.293036
23.135000 7.100054e+00 7.993417e-06 2.342380e-06 0.293039
23.136000 7.100400e+00 7.990268e-06 2.345807e-06 0.293583
23.137000 7.100745e+00 7.987120e-06 2.344908e-06 0.293586
23.138000 7.101090e+00 7.983974e-06 2.352297e-06 0.294627
23.139000 7.101435e+00 7.980829e-06 2.338787e-06 0.293051
23.140000 7.101780e+00 7.977686e-06 2.350494e-06 0.294634
23.141000 7.102125e+00 7.974543e-06 2.336994e-06 0.293057
23.142000 7.102470e+00 7.971403e-06 2.348692e-06 0.294640
23.143000 7.102815e+00 7.968263e-06 2.339517e-06 0.293604
23.144000 7.103160e+00 7.965125e-06 2.342812e-06 0.294134
23.145000 7.103505e+00 7.961989e-06 2.328970e-06 0.292511
23.146000 7.103850e+00 7.958854e-06 2.345092e-06 0.294652
23.147000 7.104195e+00 7.955720e-06 2.331621e-06 0.293075
23.148000 7.104540e+00 7.952588e-06 2.321721e-06 0.291945
23.149000 7.104885e+00 7.949457e-06 2.325400e-06 0.292523
23.150000 7.105230e+00 7.946327e-06 2.341499e-06 0.294664
23.151000 7.105575e+00 7.943199e-06 2.323617e-06 0.292529
23.152000 7.105920e+00 7.940072e-06 2.331456e-06 0.293632
23.153000 7.106265e+00 7.936946e-06 2.334743e-06 0.294161
23.154000 7.106610e+00 7.933822e-06 2.329670e-06 0.293638
23.155000 7.106955e+00 7.930700e-06 2.332954e-06 0.294167
23.156000 7.107300e+00 7.927578e-06 2.327884e-06 0.293644
23.157000 7.107644e+00 7.924459e-06 2.335226e-06 0.294686
23.158000 7.107989e+00 7.921340e-06 2.317388e-06 0.292550
23.159000 7.108334e+00 7.918223e-06 2.325209e-06 0.293653
23.160000 7.108679e+00 7.915107e-06 2.324319e-06 0.293656
23.161000 7.109024e+00 7.911993e-06 2.317694e-06 0.292934
23.162000 7.109369e+00 7.908880e-06 2.318251e-06 0.293120
23.163000 7.109713e+00 7.905768e-06 2.320203e-06 0.293482
23.164000 7.110058e+00 7.902658e-06 2.320759e-06 0.293668
23.165000 7.110403e+00 7.899549e-06 2.319870e-06 0.293671
23.166000 7.110748e+00 7.896442e-06 2.310294e-06 0.292574
23.167000 7.111093e+00 7.893336e-06 2.307966e-06 0.292394
23.168000 7.111437e+00 7.890231e-06 2.321363e-06 0.294207
23.169000 7.111782e+00 7.887128e-06 2.320474e-06 0.294210
23.170000 7.112127e+00 7.884026e-06 2.315431e-06 0.293686
23.171000 7.112472e+00 7.880925e-06 2.310272e-06 0.293147
23.172000 7.112816e+00 7.877826e-06 2.309387e-06 0.293150
23.173000 7.113161e+00 7.874728e-06 2.308503e-06 0.293153
23.174000 7.113506e+00 7.871632e-06 2.316036e-06 0.294226
23.175000 7.113850e+00 7.868537e-06 2.315149e-06 0.294229
23.176000 7.114195e+00 7.865443e-06 2.301460e-06 0.292604
23.177000 7.114540e+00 7.862351e-06 2.300579e-06 0.292607
23.178000 7.114884e+00 7.859260e-06 2.308349e-06 0.293711
23.179000 7.115229e+00 7.856170e-06 2.307466e-06 0.293714
23.180000 7.115574e+00 7.853082e-06 2.310722e-06 0.294244
23.181000 7.115918e+00 7.849995e-06 2.297058e-06 0.292619
23.182000 7.116263e+00 7.846910e-06 2.291662e-06 0.292046
23.183000 7.116607e+00 7.843825e-06 2.312093e-06 0.294766
23.184000 7.116952e+00 7.840743e-06 2.303054e-06 0.293729
23.185000 7.117297e+00 7.837661e-06 2.297921e-06 0.293190
23.186000 7.117641e+00 7.834581e-06 2.303991e-06 0.294080
23.187000 7.117986e+00 7.831503e-06 2.300411e-06 0.293738
23.188000 7.118330e+00 7.828425e-06 2.295284e-06 0.293199
23.189000 7.118675e+00 7.825349e-06 2.302778e-06 0.294272
23.190000 7.119019e+00 7.822275e-06 2.301897e-06 0.294275
23.191000 7.119364e+00 7.819202e-06 2.292651e-06 0.293208
23.192000 7.119708e+00 7.816130e-06 2.300137e-06 0.294281
23.193000 7.120053e+00 7.813059e-06 2.301838e-06 0.294614
23.194000 7.120397e+00 7.809990e-06 2.288594e-06 0.293034
23.195000 7.120742e+00 7.806922e-06 2.284782e-06 0.292661
23.196000 7.121086e+00 7.803856e-06 2.296621e-06 0.294293
23.197000 7.121431e+00 7.800791e-06 2.295743e-06 0.294296
23.198000 7.121775e+00 7.797727e-06 2.282162e-06 0.292670
23.199000 7.122119e+00 7.794665e-06 2.285645e-06 0.293232
23.200000 7.122464e+00 7.791604e-06 2.293111e-06 0.294305
23.201000 7.122808e+00 7.788544e-06 2.279544e-06 0.292679
23.202000 7.123153e+00 7.785486e-06 2.291358e-06 0.294312
23.203000 7.123497e+00 7.782429e-06 2.282151e-06 0.293244
23.204000 7.123841e+00 7.779374e-06 2.281279e-06 0.293247
23.205000 7.124186e+00 7.776320e-06 2.288732e-06 0.294321
23.206000 7.124530e+00 7.773267e-06 2.291847e-06 0.294837
23.207000 7.124874e+00 7.770215e-06 2.269843e-06 0.292121
23.208000 7.125219e+00 7.767165e-06 2.282010e-06 0.293802
23.209000 7.125563e+00 7.764116e-06 2.281138e-06 0.293805
23.210000 7.125907e+00 7.761069e-06 2.278849e-06 0.293626
23.211000 7.126251e+00 7.758023e-06 2.283490e-06 0.294339
23.212000 7.126596e+00 7.754978e-06 2.269977e-06 0.292712
23.213000 7.126940e+00 7.751935e-06 2.281746e-06 0.294345
23.214000 7.127284e+00 7.748893e-06 2.280874e-06 0.294348
23.215000 7.127628e+00 7.745852e-06 2.271707e-06 0.293280
23.216000 7.127973e+00 7.742812e-06 2.270839e-06 0.293284
23.217000 7.128317e+00 7.739774e-06 2.278262e-06 0.294358
23.218000 7.128661e+00 7.736738e-06 2.281364e-06 0.294874
23.219000 7.129005e+00 7.733702e-06 2.284359e-06 0.295377
23.220000 7.129349e+00 7.730668e-06 2.271571e-06 0.293839
23.221000 7.129694e+00 7.727636e-06 2.274784e-06 0.294370
23.222000 7.130038e+00 7.724605e-06 2.273915e-06 0.294373
23.223000 7.130382e+00 7.721575e-06 2.264775e-06 0.293305
23.224000 7.130726e+00 7.718546e-06 2.259592e-06 0.292748
23.225000 7.131070e+00 7.715519e-06 2.267237e-06 0.293854
23.226000 7.131414e+00 7.712493e-06 2.266372e-06 0.293857
23.227000 7.131758e+00 7.709468e-06 2.269578e-06 0.294388
23.228000 7.132102e+00 7.706445e-06 2.259047e-06 0.293137
23.229000 7.132447e+00 7.703423e-06 2.271803e-06 0.294908
23.230000 7.132791e+00 7.700402e-06 2.266980e-06 0.294398
23.231000 7.133135e+00 7.697383e-06 2.262049e-06 0.293873
23.232000 7.133479e+00 7.694365e-06 2.265250e-06 0.294404
23.233000 7.133823e+00 7.691349e-06 2.251838e-06 0.292775
23.234000 7.134167e+00 7.688333e-06 2.262118e-06 0.294227
23.235000 7.134511e+00 7.685319e-06 2.258598e-06 0.293885
23.236000 7.134855e+00 7.682307e-06 2.265743e-06 0.294930
23.237000 7.135199e+00 7.679296e-06 2.256875e-06 0.293891
23.238000 7.135543e+00 7.676286e-06 2.260070e-06 0.294422
23.239000 7.135887e+00 7.673277e-06 2.250982e-06 0.293353
23.240000 7.136231e+00 7.670270e-06 2.250123e-06 0.293356
23.241000 7.136575e+00 7.667264e-06 2.249264e-06 0.293359
23.242000 7.136918e+00 7.664259e-06 2.239693e-06 0.292226
23.243000 7.137262e+00 7.661256e-06 2.255763e-06 0.294438
23.244000 7.137606e+00 7.658254e-06 2.246691e-06 0.293369
23.245000 7.137950e+00 7.655253e-06 2.244436e-06 0.293189
23.246000 7.138294e+00 7.652254e-06 2.257117e-06 0.294961
23.247000 7.138638e+00 7.649256e-06 2.244121e-06 0.293378
23.248000 7.138982e+00 7.646260e-06 2.243265e-06 0.293381
23.249000 7.139326e+00 7.643264e-06 2.250607e-06 0.294456
23.250000 7.139670e+00 7.640270e-06 2.241555e-06 0.293387
23.251000 7.140013e+00 7.637278e-06 2.248891e-06 0.294462
23.252000 7.140357e+00 7.634286e-06 2.243998e-06 0.293937
23.253000 7.140701e+00 7.631296e-06 2.247177e-06 0.294469
23.254000 7.141045e+00 7.628307e-06 2.246320e-06 0.294472
23.255000 7.141389e+00 7.625320e-06 2.233013e-06 0.292842
23.256000 7.141732e+00 7.622334e-06 2.236432e-06 0.293405
23.257000 7.142076e+00 7.619349e-06 2.239724e-06 0.293952
23.258000 7.142420e+00 7.616366e-06 2.246815e-06 0.294998
23.259000 7.142764e+00 7.613384e-06 2.232485e-06 0.293232
23.260000 7.143107e+00 7.610403e-06 2.237164e-06 0.293961
23.261000 7.143451e+00 7.607423e-06 2.232173e-06 0.293420
23.262000 7.143795e+00 7.604445e-06 2.231322e-06 0.293423
23.263000 7.144138e+00 7.601468e-06 2.230472e-06 0.293426
23.264000 7.144482e+00 7.598493e-06 2.233756e-06 0.293974
23.265000 7.144826e+00 7.595519e-06 2.236923e-06 0.294506
23.266000 7.145169e+00 7.592546e-06 2.227923e-06 0.293436
23.267000 7.145513e+00 7.589574e-06 2.235219e-06 0.294512
23.268000 7.145857e+00 7.586604e-06 2.217591e-06 0.292304
23.269000 7.146200e+00 7.583635e-06 2.223993e-06 0.293262
23.270000 7.146544e+00 7.580667e-06 2.224530e-06 0.293448
23.271000 7.146888e+00 7.577701e-06 2.230433e-06 0.294342
23.272000 7.147231e+00 7.574736e-06 2.218589e-06 0.292893
23.273000 7.147575e+00 7.571772e-06 2.221989e-06 0.293457
23.274000 7.147918e+00 7.568810e-06 2.231781e-06 0.294865
23.275000 7.148262e+00 7.565849e-06 2.223035e-06 0.293825
23.276000 7.148605e+00 7.562889e-06 2.219451e-06 0.293466
23.277000 7.148949e+00 7.559930e-06 2.225342e-06 0.294360
23.278000 7.149292e+00 7.556973e-06 2.228385e-06 0.294878
23.279000 7.149636e+00 7.554017e-06 2.221030e-06 0.294020
23.280000 7.149979e+00 7.551063e-06 2.211838e-06 0.292917
23.281000 7.150323e+00 7.548109e-06 2.210996e-06 0.292921
23.282000 7.150666e+00 7.545157e-06 2.218494e-06 0.294029
23.283000 7.151010e+00 7.542207e-06 2.217650e-06 0.294032
23.284000 7.151353e+00 7.539257e-06 2.220796e-06 0.294564
23.285000 7.151697e+00 7.536309e-06 2.215962e-06 0.294038
23.286000 7.152040e+00 7.533362e-06 2.211016e-06 0.293497
23.287000 7.152384e+00 7.530417e-06 2.212902e-06 0.293862
23.288000 7.152727e+00 7.527473e-06 2.213433e-06 0.294047
23.289000 7.153070e+00 7.524530e-06 2.198548e-06 0.292184
23.290000 7.153414e+00 7.521588e-06 2.207652e-06 0.293509
23.291000 7.153757e+00 7.518648e-06 2.205440e-06 0.293329
23.292000 7.154101e+00 7.515709e-06 2.214046e-06 0.294589
23.293000 7.154444e+00 7.512771e-06 2.199547e-06 0.292774
23.294000 7.154787e+00 7.509835e-06 2.204294e-06 0.293521
23.295000 7.155131e+00 7.506900e-06 2.207545e-06 0.294069
23.296000 7.155474e+00 7.503966e-06 2.210679e-06 0.294601
23.297000 7.155817e+00 7.501033e-06 2.209839e-06 0.294605
23.298000 7.156161e+00 7.498102e-06 2.192398e-06 0.292394
23.299000 7.156504e+00 7.495172e-06 2.195899e-06 0.292975
23.300000 7.156847e+00 7.492244e-06 2.197901e-06 0.293357
23.301000 7.157190e+00 7.489316e-06 2.197065e-06 0.293360
23.302000 7.157534e+00 7.486390e-06 2.204275e-06 0.294438
23.303000 7.157877e+00 7.483465e-06 2.192560e-06 0.292987
23.304000 7.158220e+00 7.480542e-06 2.190361e-06 0.292808
23.305000 7.158563e+00 7.477620e-06 2.185202e-06 0.292232
23.306000 7.158906e+00 7.474699e-06 2.198329e-06 0.294103
23.307000 7.159250e+00 7.471779e-06 2.205301e-06 0.295151
23.308000 7.159593e+00 7.468861e-06 2.200615e-06 0.294639
23.309000 7.159936e+00 7.465944e-06 2.190391e-06 0.293384
23.310000 7.160279e+00 7.463028e-06 2.185369e-06 0.292826
23.311000 7.160622e+00 7.460114e-06 2.198107e-06 0.294648
23.312000 7.160966e+00 7.457200e-06 2.187895e-06 0.293394
23.313000 7.161309e+00 7.454288e-06 2.187063e-06 0.293397
23.314000 7.161652e+00 7.451378e-06 2.187591e-06 0.293582
23.315000 7.161995e+00 7.448468e-06 2.182577e-06 0.293024
23.316000 7.162338e+00 7.445560e-06 2.177438e-06 0.292448
23.317000 7.162681e+00 7.442654e-06 2.189157e-06 0.294137
23.318000 7.163024e+00 7.439748e-06 2.180090e-06 0.293033
23.319000 7.163367e+00 7.436844e-06 2.187494e-06 0.294143
23.320000 7.163710e+00 7.433941e-06 2.186663e-06 0.294146
23.321000 7.164053e+00 7.431039e-06 2.177606e-06 0.293042
23.322000 7.164396e+00 7.428139e-06 2.185002e-06 0.294152
23.323000 7.164739e+00 7.425240e-06 2.182818e-06 0.293973
23.324000 7.165082e+00 7.422342e-06 2.179294e-06 0.293613
23.325000 7.165425e+00 7.419445e-06 2.172945e-06 0.292872
23.326000 7.165768e+00 7.416550e-06 2.181685e-06 0.294164
23.327000 7.166111e+00 7.413656e-06 2.176812e-06 0.293622
23.328000 7.166454e+00 7.410763e-06 2.180028e-06 0.294171
23.329000 7.166797e+00 7.407872e-06 2.185597e-06 0.295037
23.330000 7.167140e+00 7.404982e-06 2.172983e-06 0.293449
23.331000 7.167483e+00 7.402093e-06 2.172158e-06 0.293452
23.332000 7.167826e+00 7.399205e-06 2.180643e-06 0.294713
23.333000 7.168169e+00 7.396319e-06 2.179815e-06 0.294716
23.334000 7.168512e+00 7.393434e-06 2.177640e-06 0.294537
23.335000 7.168855e+00 7.390550e-06 2.174241e-06 0.294192
23.336000 7.169197e+00 7.387667e-06 2.169385e-06 0.293649
23.337000 7.169540e+00 7.384786e-06 2.172591e-06 0.294198
23.338000 7.169883e+00 7.381906e-06 2.167738e-06 0.293656
23.339000 7.170226e+00 7.379027e-06 2.165570e-06 0.293476
23.340000 7.170569e+00 7.376150e-06 2.170119e-06 0.294208
23.341000 7.170912e+00 7.373273e-06 2.171862e-06 0.294559
23.342000 7.171254e+00 7.370398e-06 2.168472e-06 0.294214
23.343000 7.171597e+00 7.367525e-06 2.163628e-06 0.293671
23.344000 7.171940e+00 7.364652e-06 2.166827e-06 0.294220
23.345000 7.172283e+00 7.361781e-06 2.157847e-06 0.293115
23.346000 7.172626e+00 7.358911e-06 2.155687e-06 0.292936
23.347000 7.172968e+00 7.356043e-06 2.168265e-06 0.294760
23.348000 7.173311e+00 7.353175e-06 2.163541e-06 0.294232
23.349000 7.173654e+00 7.350309e-06 2.157368e-06 0.293507
23.350000 7.173996e+00 7.347444e-06 2.153757e-06 0.293130
23.351000 7.174339e+00 7.344581e-06 2.157070e-06 0.293695
23.352000 7.174682e+00 7.341718e-06 2.154914e-06 0.293516
23.353000 7.175025e+00 7.338857e-06 2.159442e-06 0.294248
23.354000 7.175367e+00 7.335997e-06 2.162516e-06 0.294781
23.355000 7.175710e+00 7.333139e-06 2.144088e-06 0.292383
23.356000 7.176052e+00 7.330282e-06 2.152983e-06 0.293711
23.357000 7.176395e+00 7.327425e-06 2.160058e-06 0.294791
23.358000 7.176738e+00 7.324571e-06 2.150016e-06 0.293535
23.359000 7.177080e+00 7.321717e-06 2.150535e-06 0.293720
23.360000 7.177423e+00 7.318865e-06 2.145603e-06 0.293161
23.361000 7.177766e+00 7.316014e-06 2.155452e-06 0.294621
23.362000 7.178108e+00 7.313164e-06 2.159743e-06 0.295323
23.363000 7.178451e+00 7.310315e-06 2.145944e-06 0.293550
23.364000 7.178793e+00 7.307468e-06 2.145130e-06 0.293553
23.365000 7.179136e+00 7.304622e-06 2.140207e-06 0.292994
23.366000 7.179478e+00 7.301777e-06 2.148825e-06 0.294288
23.367000 7.179821e+00 7.298934e-06 2.151886e-06 0.294822
23.368000 7.180163e+00 7.296092e-06 2.139104e-06 0.293185
23.369000 7.180506e+00 7.293251e-06 2.142398e-06 0.293751
23.370000 7.180848e+00 7.290411e-06 2.144241e-06 0.294118
23.371000 7.181191e+00 7.287572e-06 2.140775e-06 0.293757
23.372000 7.181533e+00 7.284735e-06 2.139964e-06 0.293760
23.373000 7.181876e+00 7.281899e-06 2.137826e-06 0.293581
23.374000 7.182218e+00 7.279064e-06 2.142321e-06 0.294313
23.375000 7.182561e+00 7.276231e-06 2.141509e-06 0.294316
23.376000 7.182903e+00 7.273398e-06 2.148319e-06 0.295367
23.377000 7.183245e+00 7.270567e-06 2.143749e-06 0.294853
23.378000 7.183588e+00 7.267737e-06 2.139077e-06 0.294325
23.379000 7.183930e+00 7.264909e-06 2.132972e-06 0.293599
23.380000 7.184273e+00 7.262081e-06 2.136134e-06 0.294149
23.381000 7.184615e+00 7.259255e-06 2.127270e-06 0.293042
23.382000 7.184957e+00 7.256431e-06 2.147092e-06 0.295888
23.383000 7.185300e+00 7.253607e-06 2.126981e-06 0.293231
23.384000 7.185642e+00 7.250785e-06 2.138075e-06 0.294875
23.385000 7.185984e+00 7.247963e-06 2.128131e-06 0.293618
23.386000 7.186327e+00 7.245144e-06 2.135137e-06 0.294699
23.387000 7.186669e+00 7.242325e-06 2.126520e-06 0.293624
23.388000 7.187011e+00 7.239507e-06 2.127034e-06 0.293809
23.389000 7.187353e+00 7.236691e-06 2.120835e-06 0.293067
23.390000 7.187696e+00 7.233876e-06 2.136963e-06 0.295410
23.391000 7.188038e+00 7.231063e-06 2.127257e-06 0.294183
23.392000 7.188380e+00 7.228250e-06 2.126452e-06 0.294186
23.393000 7.188722e+00 7.225439e-06 2.126964e-06 0.294372
23.394000 7.189065e+00 7.222629e-06 2.126159e-06 0.294375
23.395000 7.189407e+00 7.219820e-06 2.117338e-06 0.293267
23.396000 7.189749e+00 7.217013e-06 2.116537e-06 0.293270
23.397000 7.190091e+00 7.214206e-06 2.115736e-06 0.293274
23.398000 7.190433e+00 7.211401e-06 2.117685e-06 0.293658
23.399000 7.190775e+00 7.208597e-06 2.122140e-06 0.294390
23.400000 7.191118e+00 7.205795e-06 2.125168e-06 0.294925
23.401000 7.191460e+00 7.202993e-06 2.120535e-06 0.294396
23.402000 7.191802e+00 7.200193e-06 2.119733e-06 0.294399
23.403000 7.192144e+00 7.197394e-06 2.113682e-06 0.293673
23.404000 7.192486e+00 7.194597e-06 2.118130e-06 0.294406
23.405000 7.192828e+00 7.191800e-06 2.119843e-06 0.294758
23.406000 7.193170e+00 7.189005e-06 2.120351e-06 0.294944
23.407000 7.193512e+00 7.186211e-06 2.107745e-06 0.293304
23.408000 7.193854e+00 7.183418e-06 2.105640e-06 0.293125
23.409000 7.194196e+00 7.180626e-06 2.114129e-06 0.294421
23.410000 7.194538e+00 7.177836e-06 2.109401e-06 0.293877
23.411000 7.194880e+00 7.175047e-06 2.116347e-06 0.294959
23.412000 7.195222e+00 7.172259e-06 2.114241e-06 0.294780
23.413000 7.195564e+00 7.169472e-06 2.097496e-06 0.292559
23.414000 7.195906e+00 7.166687e-06 2.113948e-06 0.294969
23.415000 7.196248e+00 7.163903e-06 2.108034e-06 0.294258
23.416000 7.196590e+00 7.161120e-06 2.095118e-06 0.292568
23.417000 7.196932e+00 7.158338e-06 2.098486e-06 0.293153
23.418000 7.197274e+00 7.155557e-06 2.101727e-06 0.293720
23.419000 7.197616e+00 7.152778e-06 2.100933e-06 0.293723
23.420000 7.197958e+00 7.150000e-06 2.104054e-06 0.294273
23.421000 7.198300e+00 7.147223e-06 2.099346e-06 0.293729
23.422000 7.198642e+00 7.144447e-06 2.111264e-06 0.295511
23.423000 7.198984e+00 7.141673e-06 2.101670e-06 0.294283
23.424000 7.199326e+00 7.138899e-06 2.094240e-06 0.293356
23.425000 7.199668e+00 7.136127e-06 2.101382e-06 0.294471
23.426000 7.200009e+00 7.133357e-06 2.103086e-06 0.294824
23.427000 7.200351e+00 7.130587e-06 2.103590e-06 0.295009
23.428000 7.200693e+00 7.127819e-06 2.093800e-06 0.293750
23.429000 7.201035e+00 7.125051e-06 2.098209e-06 0.294483
23.430000 7.201377e+00 7.122285e-06 2.093515e-06 0.293939
23.431000 7.201719e+00 7.119521e-06 2.100414e-06 0.295022
23.432000 7.202060e+00 7.116757e-06 2.094537e-06 0.294311
23.433000 7.202402e+00 7.113995e-06 2.102511e-06 0.295546
23.434000 7.202744e+00 7.111234e-06 2.086343e-06 0.293387
23.435000 7.203086e+00 7.108474e-06 2.088272e-06 0.293772
23.436000 7.203427e+00 7.105715e-06 2.088777e-06 0.293957
23.437000 7.203769e+00 7.102957e-06 2.091880e-06 0.294508
23.438000 7.204111e+00 7.100201e-06 2.085907e-06 0.293781
23.439000 7.204452e+00 7.097446e-06 2.094079e-06 0.295047
23.440000 7.204794e+00 7.094692e-06 2.089512e-06 0.294518
23.441000 7.205136e+00 7.091939e-06 2.091208e-06 0.294871
23.442000 7.205478e+00 7.089188e-06 2.091710e-06 0.295056
23.443000 7.205819e+00 7.086438e-06 2.083263e-06 0.293979
23.444000 7.206161e+00 7.083689e-06 2.085070e-06 0.294348
23.445000 7.206502e+00 7.080941e-06 2.077694e-06 0.293421
23.446000 7.206844e+00 7.078194e-06 2.080905e-06 0.293988
23.447000 7.207186e+00 7.075449e-06 2.078832e-06 0.293809
23.448000 7.207527e+00 7.072704e-06 2.090642e-06 0.295593
23.449000 7.207869e+00 7.069961e-06 2.088567e-06 0.295414
23.450000 7.208210e+00 7.067219e-06 2.080354e-06 0.294367
23.451000 7.208552e+00 7.064479e-06 2.083333e-06 0.294903
23.452000 7.208894e+00 7.061739e-06 2.083832e-06 0.295088
23.453000 7.209235e+00 7.059001e-06 2.078001e-06 0.294376
23.454000 7.209577e+00 7.056264e-06 2.070648e-06 0.293448
23.455000 7.209918e+00 7.053528e-06 2.077718e-06 0.294564
23.456000 7.210260e+00 7.050793e-06 2.079407e-06 0.294918
23.457000 7.210601e+00 7.048060e-06 2.079906e-06 0.295103
23.458000 7.210943e+00 7.045328e-06 2.079122e-06 0.295106
23.459000 7.211284e+00 7.042597e-06 2.077056e-06 0.294928
23.460000 7.211626e+00 7.039867e-06 2.069943e-06 0.294032
23.461000 7.211967e+00 7.037138e-06 2.069162e-06 0.294035
23.462000 7.212309e+00 7.034410e-06 2.067102e-06 0.293856
23.463000 7.212650e+00 7.031684e-06 2.075206e-06 0.295122
23.464000 7.212991e+00 7.028959e-06 2.070678e-06 0.294592
23.465000 7.213333e+00 7.026235e-06 2.068619e-06 0.294414
23.466000 7.213674e+00 7.023512e-06 2.072860e-06 0.295132
23.467000 7.214016e+00 7.020791e-06 2.060520e-06 0.293488
23.468000 7.214357e+00 7.018071e-06 2.066281e-06 0.294423
23.469000 7.214698e+00 7.015351e-06 2.065502e-06 0.294426
23.470000 7.215040e+00 7.012633e-06 2.064724e-06 0.294429
23.471000 7.215381e+00 7.009917e-06 2.056139e-06 0.293319
23.472000 7.215722e+00 7.007201e-06 2.068178e-06 0.295150
23.473000 7.216064e+00 7.004487e-06 2.058548e-06 0.293890
23.474000 7.216405e+00 7.001773e-06 2.057772e-06 0.293893
23.475000 7.216746e+00 6.999061e-06 2.053041e-06 0.293331
23.476000 7.217088e+00 6.996351e-06 2.056222e-06 0.293899
23.477000 7.217429e+00 6.993641e-06 2.060557e-06 0.294633
23.478000 7.217770e+00 6.990932e-06 2.050721e-06 0.293340
23.479000 7.218111e+00 6.988225e-06 2.049949e-06 0.293343
23.480000 7.218453e+00 6.985519e-06 2.054396e-06 0.294094
23.481000 7.218794e+00 6.982814e-06 2.052352e-06 0.293915
23.482000 7.219135e+00 6.980110e-06 2.047633e-06 0.293353
23.483000 7.219476e+00 6.977408e-06 2.046862e-06 0.293356
23.484000 7.219817e+00 6.974706e-06 2.053862e-06 0.294473
23.485000 7.220159e+00 6.972006e-06 2.056807e-06 0.295009
23.486000 7.220500e+00 6.969307e-06 2.040488e-06 0.292782
23.487000 7.220841e+00 6.966609e-06 2.055259e-06 0.295016
23.488000 7.221182e+00 6.963913e-06 2.046948e-06 0.293936
23.489000 7.221523e+00 6.961217e-06 2.038183e-06 0.292791
23.490000 7.221864e+00 6.958523e-06 2.049227e-06 0.294492
23.491000 7.222205e+00 6.955830e-06 2.048456e-06 0.294495
23.492000 7.222547e+00 6.953138e-06 2.045132e-06 0.294131
23.493000 7.222888e+00 6.950447e-06 2.043098e-06 0.293952
23.494000 7.223229e+00 6.947757e-06 2.038399e-06 0.293390
23.495000 7.223570e+00 6.945069e-06 2.041560e-06 0.293958
23.496000 7.223911e+00 6.942382e-06 2.036865e-06 0.293396
23.497000 7.224252e+00 6.939696e-06 2.043835e-06 0.294514
23.498000 7.224593e+00 6.937011e-06 2.039256e-06 0.293968
23.499000 7.224934e+00 6.934327e-06 2.034566e-06 0.293405
23.500000 7.225275e+00 6.931644e-06 2.037722e-06 0.293974
23.501000 7.225616e+00 6.928963e-06 2.040761e-06 0.294526
23.502000 7.225957e+00 6.926283e-06 2.039993e-06 0.294529
23.503000 7.226298e+00 6.923604e-06 2.047773e-06 0.295767
23.504000 7.226639e+00 6.920926e-06 2.030741e-06 0.293420
23.505000 7.226980e+00 6.918249e-06 2.049728e-06 0.296278
23.506000 7.227321e+00 6.915574e-06 2.041874e-06 0.295257
23.507000 7.227662e+00 6.912899e-06 2.020256e-06 0.292244
23.508000 7.228003e+00 6.910226e-06 2.040339e-06 0.295264
23.509000 7.228344e+00 6.907554e-06 2.022894e-06 0.292852
23.510000 7.228684e+00 6.904883e-06 2.022133e-06 0.292856
23.511000 7.229025e+00 6.902213e-06 2.029306e-06 0.294008
23.512000 7.229366e+00 6.899545e-06 2.021867e-06 0.293043
23.513000 7.229707e+00 6.896878e-06 2.029034e-06 0.294196
23.514000 7.230048e+00 6.894211e-06 2.027018e-06 0.294017
23.515000 7.230389e+00 6.891546e-06 2.022355e-06 0.293454
23.516000 7.230730e+00 6.888882e-06 2.034211e-06 0.295289
23.517000 7.231070e+00 6.886220e-06 2.020834e-06 0.293461
23.518000 7.231411e+00 6.883558e-06 2.023971e-06 0.294030
23.519000 7.231752e+00 6.880898e-06 2.026992e-06 0.294583
23.520000 7.232093e+00 6.878239e-06 2.018556e-06 0.293470
23.521000 7.232434e+00 6.875580e-06 2.021690e-06 0.294039
23.522000 7.232774e+00 6.872924e-06 2.017038e-06 0.293476
23.523000 7.233115e+00 6.870268e-06 2.028866e-06 0.295311
23.524000 7.233456e+00 6.867613e-06 2.024435e-06 0.294780
23.525000 7.233797e+00 6.864960e-06 2.018652e-06 0.294052
23.526000 7.234137e+00 6.862307e-06 2.017894e-06 0.294055
23.527000 7.234478e+00 6.859656e-06 2.025818e-06 0.295324
23.528000 7.234819e+00 6.857006e-06 2.013741e-06 0.293676
23.529000 7.235159e+00 6.854357e-06 2.024297e-06 0.295330
23.530000 7.235500e+00 6.851710e-06 2.010982e-06 0.293501
23.531000 7.235841e+00 6.849063e-06 2.010227e-06 0.293504
23.532000 7.236181e+00 6.846418e-06 2.005474e-06 0.292923
23.533000 7.236522e+00 6.843774e-06 2.012593e-06 0.294077
23.534000 7.236863e+00 6.841131e-06 2.007962e-06 0.293513
23.535000 7.237203e+00 6.838489e-06 2.008451e-06 0.293698
23.536000 7.237544e+00 6.835848e-06 2.011569e-06 0.294268
23.537000 7.237884e+00 6.833209e-06 2.014572e-06 0.294821
23.538000 7.238225e+00 6.830570e-06 2.017466e-06 0.295358
23.539000 7.238566e+00 6.827933e-06 2.011818e-06 0.294645
23.540000 7.238906e+00 6.825297e-06 2.008549e-06 0.294280
23.541000 7.239247e+00 6.822662e-06 2.006555e-06 0.294101
23.542000 7.239587e+00 6.820028e-06 2.007041e-06 0.294286
23.543000 7.239928e+00 6.817395e-06 2.005049e-06 0.294108
23.544000 7.240268e+00 6.814764e-06 2.009284e-06 0.294843
23.545000 7.240609e+00 6.812133e-06 2.000921e-06 0.293729
23.546000 7.240949e+00 6.809504e-06 2.007776e-06 0.294849
23.547000 7.241290e+00 6.806876e-06 1.998182e-06 0.293553
23.548000 7.241630e+00 6.804249e-06 2.006269e-06 0.294855
23.549000 7.241971e+00 6.801623e-06 1.996682e-06 0.293560
23.550000 7.242311e+00 6.798998e-06 2.001022e-06 0.294311
23.551000 7.242652e+00 6.796375e-06 2.004011e-06 0.294865
23.552000 7.242992e+00 6.793752e-06 2.002025e-06 0.294686
23.553000 7.243332e+00 6.791131e-06 2.002508e-06 0.294871
23.554000 7.243673e+00 6.788511e-06 1.996787e-06 0.294142
23.555000 7.244013e+00 6.785892e-06 2.004634e-06 0.295412
23.556000 7.244354e+00 6.783274e-06 1.987478e-06 0.292997
23.557000 7.244694e+00 6.780658e-06 1.994540e-06 0.294151
23.558000 7.245034e+00 6.778042e-06 1.995024e-06 0.294336
23.559000 7.245375e+00 6.775428e-06 1.990433e-06 0.293772
23.560000 7.245715e+00 6.772814e-06 1.996025e-06 0.294711
23.561000 7.246055e+00 6.770202e-06 1.983752e-06 0.293012
23.562000 7.246396e+00 6.767591e-06 1.990802e-06 0.294167
23.563000 7.246736e+00 6.764981e-06 1.995010e-06 0.294902
23.564000 7.247076e+00 6.762373e-06 1.989310e-06 0.294173
23.565000 7.247416e+00 6.759765e-06 1.988564e-06 0.294176
23.566000 7.247757e+00 6.757159e-06 1.983985e-06 0.293612
23.567000 7.248097e+00 6.754553e-06 1.979291e-06 0.293031
23.568000 7.248437e+00 6.751949e-06 1.982498e-06 0.293619
23.569000 7.248777e+00 6.749346e-06 1.981754e-06 0.293622
23.570000 7.249118e+00 6.746744e-06 1.977066e-06 0.293040
23.571000 7.249458e+00 6.744143e-06 1.987809e-06 0.294746
23.572000 7.249798e+00 6.741544e-06 1.980751e-06 0.293813
23.573000 7.250138e+00 6.738945e-06 1.982608e-06 0.294201
23.574000 7.250478e+00 6.736348e-06 1.986799e-06 0.294937
23.575000 7.250819e+00 6.733752e-06 1.993162e-06 0.295996
23.576000 7.251159e+00 6.731157e-06 1.976560e-06 0.293643
23.577000 7.251499e+00 6.728563e-06 1.984566e-06 0.294946
23.578000 7.251839e+00 6.725970e-06 1.980117e-06 0.294399
23.579000 7.252179e+00 6.723378e-06 1.981858e-06 0.294771
23.580000 7.252519e+00 6.720787e-06 1.985934e-06 0.295491
23.581000 7.252859e+00 6.718198e-06 1.980373e-06 0.294777
23.582000 7.253199e+00 6.715610e-06 1.964135e-06 0.292473
23.583000 7.253539e+00 6.713022e-06 1.983703e-06 0.295501
23.584000 7.253879e+00 6.710436e-06 1.966715e-06 0.293083
23.585000 7.254220e+00 6.707851e-06 1.973712e-06 0.294239
23.586000 7.254560e+00 6.705267e-06 1.972972e-06 0.294242
23.587000 7.254900e+00 6.702685e-06 1.968428e-06 0.293678
23.588000 7.255240e+00 6.700103e-06 1.971495e-06 0.294248
23.589000 7.255580e+00 6.697523e-06 1.966954e-06 0.293684
23.590000 7.255920e+00 6.694943e-06 1.973708e-06 0.294806
23.591000 7.256260e+00 6.692365e-06 1.977768e-06 0.295526
23.592000 7.256600e+00 6.689788e-06 1.975813e-06 0.295348
23.593000 7.256940e+00 6.687212e-06 1.969021e-06 0.294446
23.594000 7.257279e+00 6.684637e-06 1.971968e-06 0.295000
23.595000 7.257619e+00 6.682063e-06 1.958627e-06 0.293117
23.596000 7.257959e+00 6.679491e-06 1.965597e-06 0.294273
23.597000 7.258299e+00 6.676919e-06 1.968542e-06 0.294828
23.598000 7.258639e+00 6.674349e-06 1.964126e-06 0.294280
23.599000 7.258979e+00 6.671779e-06 1.963391e-06 0.294283
23.600000 7.259319e+00 6.669211e-06 1.966333e-06 0.294837
23.601000 7.259659e+00 6.666644e-06 1.961921e-06 0.294289
23.602000 7.259999e+00 6.664078e-06 1.966071e-06 0.295025
23.603000 7.260338e+00 6.661513e-06 1.964126e-06 0.294847
23.604000 7.260678e+00 6.658950e-06 1.968168e-06 0.295567
23.605000 7.261018e+00 6.656387e-06 1.955205e-06 0.293734
23.606000 7.261358e+00 6.653826e-06 1.958253e-06 0.294305
23.607000 7.261698e+00 6.651265e-06 1.957520e-06 0.294308
23.608000 7.262037e+00 6.648706e-06 1.957995e-06 0.294493
23.609000 7.262377e+00 6.646148e-06 1.964490e-06 0.295583
23.610000 7.262717e+00 6.643591e-06 1.947658e-06 0.293163
23.611000 7.263057e+00 6.641035e-06 1.954593e-06 0.294321
23.612000 7.263396e+00 6.638480e-06 1.955067e-06 0.294505
23.613000 7.263736e+00 6.635926e-06 1.950565e-06 0.293940
23.614000 7.264076e+00 6.633374e-06 1.952401e-06 0.294330
23.615000 7.264416e+00 6.630822e-06 1.955329e-06 0.294885
23.616000 7.264755e+00 6.628272e-06 1.950941e-06 0.294336
23.617000 7.265095e+00 6.625723e-06 1.953867e-06 0.294891
23.618000 7.265435e+00 6.623174e-06 1.945717e-06 0.293774
23.619000 7.265774e+00 6.620627e-06 1.952406e-06 0.294897
23.620000 7.266114e+00 6.618081e-06 1.944262e-06 0.293780
23.621000 7.266454e+00 6.615537e-06 1.943535e-06 0.293783
23.622000 7.266793e+00 6.612993e-06 1.946568e-06 0.294355
23.623000 7.267133e+00 6.610450e-06 1.954232e-06 0.295628
23.624000 7.267472e+00 6.607909e-06 1.937483e-06 0.293207
23.625000 7.267812e+00 6.605368e-06 1.944386e-06 0.294364
23.626000 7.268152e+00 6.602829e-06 1.943659e-06 0.294368
23.627000 7.268491e+00 6.600291e-06 1.951313e-06 0.295640
23.628000 7.268831e+00 6.597754e-06 1.945848e-06 0.294926
23.629000 7.269170e+00 6.595218e-06 1.942678e-06 0.294559
23.630000 7.269510e+00 6.592683e-06 1.933141e-06 0.293225
23.631000 7.269849e+00 6.590149e-06 1.943668e-06 0.294935
23.632000 7.270189e+00 6.587616e-06 1.942942e-06 0.294939
23.633000 7.270528e+00 6.585085e-06 1.938581e-06 0.294390
23.634000 7.270868e+00 6.582554e-06 1.934113e-06 0.293824
23.635000 7.271207e+00 6.580025e-06 1.940765e-06 0.294948
23.636000 7.271547e+00 6.577496e-06 1.933861e-06 0.294012
23.637000 7.271886e+00 6.574969e-06 1.936879e-06 0.294584
23.638000 7.272226e+00 6.572443e-06 1.938592e-06 0.294958
23.639000 7.272565e+00 6.569918e-06 1.930502e-06 0.293840
23.640000 7.272905e+00 6.567394e-06 1.925929e-06 0.293256
23.641000 7.273244e+00 6.564871e-06 1.937612e-06 0.295148
23.642000 7.273583e+00 6.562349e-06 1.935697e-06 0.294970
23.643000 7.273923e+00 6.559829e-06 1.931352e-06 0.294421
23.644000 7.274262e+00 6.557309e-06 1.930631e-06 0.294424
23.645000 7.274601e+00 6.554791e-06 1.926180e-06 0.293858
23.646000 7.274941e+00 6.552273e-06 1.921617e-06 0.293275
23.647000 7.275280e+00 6.549757e-06 1.924742e-06 0.293865
23.648000 7.275620e+00 6.547242e-06 1.916218e-06 0.292676
23.649000 7.275959e+00 6.544728e-06 1.928217e-06 0.294621
23.650000 7.276298e+00 6.542215e-06 1.926310e-06 0.294443
23.651000 7.276637e+00 6.539703e-06 1.921869e-06 0.293877
23.652000 7.276977e+00 6.537192e-06 1.924872e-06 0.294449
23.653000 7.277316e+00 6.534682e-06 1.924154e-06 0.294453
23.654000 7.277655e+00 6.532174e-06 1.927045e-06 0.295008
23.655000 7.277994e+00 6.529666e-06 1.922718e-06 0.294459
23.656000 7.278334e+00 6.527160e-06 1.926791e-06 0.295196
23.657000 7.278673e+00 6.524654e-06 1.917569e-06 0.293896
23.658000 7.279012e+00 6.522150e-06 1.925354e-06 0.295202
23.659000 7.279351e+00 6.519647e-06 1.921033e-06 0.294653
23.660000 7.279691e+00 6.517145e-06 1.927416e-06 0.295746
23.661000 7.280030e+00 6.514644e-06 1.922018e-06 0.295030
23.662000 7.280369e+00 6.512144e-06 1.921301e-06 0.295034
23.663000 7.280708e+00 6.509645e-06 1.921765e-06 0.295218
23.664000 7.281047e+00 6.507147e-06 1.927940e-06 0.296280
23.665000 7.281386e+00 6.504650e-06 1.919152e-06 0.295043
23.666000 7.281725e+00 6.502155e-06 1.907322e-06 0.293337
23.667000 7.282065e+00 6.499660e-06 1.914128e-06 0.294497
23.668000 7.282404e+00 6.497167e-06 1.913414e-06 0.294500
23.669000 7.282743e+00 6.494674e-06 1.905188e-06 0.293346
23.670000 7.283082e+00 6.492183e-06 1.915577e-06 0.295059
23.671000 7.283421e+00 6.489693e-06 1.911275e-06 0.294509
23.672000 7.283760e+00 6.487204e-06 1.910562e-06 0.294512
23.673000 7.284099e+00 6.484715e-06 1.911026e-06 0.294697
23.674000 7.284438e+00 6.482228e-06 1.913898e-06 0.295253
23.675000 7.284777e+00 6.479743e-06 1.905910e-06 0.294134
23.676000 7.285116e+00 6.477258e-06 1.914776e-06 0.295615
23.677000 7.285455e+00 6.474774e-06 1.903315e-06 0.293958
23.678000 7.285794e+00 6.472291e-06 1.906293e-06 0.294531
23.679000 7.286133e+00 6.469810e-06 1.913810e-06 0.295806
23.680000 7.286472e+00 6.467329e-06 1.911924e-06 0.295628
23.681000 7.286811e+00 6.464850e-06 1.908910e-06 0.295275
23.682000 7.287150e+00 6.462371e-06 1.895973e-06 0.293387
23.683000 7.287489e+00 6.459894e-06 1.902743e-06 0.294547
23.684000 7.287828e+00 6.457418e-06 1.902034e-06 0.294550
23.685000 7.288167e+00 6.454942e-06 1.908365e-06 0.295644
23.686000 7.288506e+00 6.452468e-06 1.900617e-06 0.294557
23.687000 7.288844e+00 6.449995e-06 1.896233e-06 0.293990
23.688000 7.289183e+00 6.447523e-06 1.895527e-06 0.293993
23.689000 7.289522e+00 6.445053e-06 1.898494e-06 0.294566
23.690000 7.289861e+00 6.442583e-06 1.901351e-06 0.295123
23.691000 7.290200e+00 6.440114e-06 1.894576e-06 0.294184
23.692000 7.290539e+00 6.437646e-06 1.892703e-06 0.294006
23.693000 7.290877e+00 6.435180e-06 1.899228e-06 0.295132
23.694000 7.291216e+00 6.432714e-06 1.896127e-06 0.294763
23.695000 7.291555e+00 6.430250e-06 1.894255e-06 0.294585
23.696000 7.291894e+00 6.427786e-06 1.889885e-06 0.294018
23.697000 7.292233e+00 6.425324e-06 1.897566e-06 0.295326
23.698000 7.292571e+00 6.422863e-06 1.888478e-06 0.294024
23.699000 7.292910e+00 6.420402e-06 1.891435e-06 0.294598
23.700000 7.293249e+00 6.417943e-06 1.890731e-06 0.294601
23.701000 7.293588e+00 6.415485e-06 1.891190e-06 0.294785
23.702000 7.293926e+00 6.413028e-06 1.889324e-06 0.294607
23.703000 7.294265e+00 6.410572e-06 1.896779e-06 0.295883
23.704000 7.294604e+00 6.408117e-06 1.887918e-06 0.294613
23.705000 7.294942e+00 6.405663e-06 1.883562e-06 0.294046
23.706000 7.295281e+00 6.403211e-06 1.882860e-06 0.294049
23.707000 7.295620e+00 6.400759e-06 1.890514e-06 0.295358
23.708000 7.295958e+00 6.398308e-06 1.889811e-06 0.295361
23.709000 7.296297e+00 6.395859e-06 1.892548e-06 0.295902
23.710000 7.296636e+00 6.393410e-06 1.880059e-06 0.294062
23.711000 7.296974e+00 6.390963e-06 1.883005e-06 0.294636
23.712000 7.297313e+00 6.388516e-06 1.889279e-06 0.295730
23.713000 7.297651e+00 6.386071e-06 1.881604e-06 0.294642
23.714000 7.297990e+00 6.383627e-06 1.877262e-06 0.294075
23.715000 7.298329e+00 6.381183e-06 1.883738e-06 0.295202
23.716000 7.298667e+00 6.378741e-06 1.887626e-06 0.295925
23.717000 7.299006e+00 6.376300e-06 1.889104e-06 0.296270
23.718000 7.299344e+00 6.373860e-06 1.881637e-06 0.295212
23.719000 7.299683e+00 6.371421e-06 1.884366e-06 0.295753
23.720000 7.300021e+00 6.368983e-06 1.873076e-06 0.294093
23.721000 7.300360e+00 6.366546e-06 1.872379e-06 0.294097
23.722000 7.300698e+00 6.364110e-06 1.871683e-06 0.294100
23.723000 7.301037e+00 6.361675e-06 1.874618e-06 0.294674
23.724000 7.301375e+00 6.359242e-06 1.877444e-06 0.295231
23.725000 7.301714e+00 6.356809e-06 1.865854e-06 0.293521
23.726000 7.302052e+00 6.354377e-06 1.865160e-06 0.293524
23.727000 7.302390e+00 6.351947e-06 1.879921e-06 0.295960
23.728000 7.302729e+00 6.349517e-06 1.874654e-06 0.295243
23.729000 7.303067e+00 6.347089e-06 1.873957e-06 0.295247
23.730000 7.303406e+00 6.344661e-06 1.873260e-06 0.295250
23.731000 7.303744e+00 6.342235e-06 1.873713e-06 0.295434
23.732000 7.304082e+00 6.339809e-06 1.868355e-06 0.294702
23.733000 7.304421e+00 6.337385e-06 1.874585e-06 0.295798
23.734000 7.304759e+00 6.334962e-06 1.863349e-06 0.294137
23.735000 7.305097e+00 6.332540e-06 1.866273e-06 0.294712
23.736000 7.305436e+00 6.330118e-06 1.861965e-06 0.294144
23.737000 7.305774e+00 6.327698e-06 1.857547e-06 0.293558
23.738000 7.306112e+00 6.325279e-06 1.867699e-06 0.295275
23.739000 7.306451e+00 6.322861e-06 1.856166e-06 0.293564
23.740000 7.306789e+00 6.320444e-06 1.862808e-06 0.294727
23.741000 7.307127e+00 6.318028e-06 1.869021e-06 0.295823
23.742000 7.307465e+00 6.315613e-06 1.861425e-06 0.294734
23.743000 7.307804e+00 6.313199e-06 1.860733e-06 0.294737
23.744000 7.308142e+00 6.310787e-06 1.860042e-06 0.294740
23.745000 7.308480e+00 6.308375e-06 1.860494e-06 0.294924
23.746000 7.308818e+00 6.305964e-06 1.851344e-06 0.293586
23.747000 7.309157e+00 6.303554e-06 1.857970e-06 0.294750
23.748000 7.309495e+00 6.301146e-06 1.853681e-06 0.294182
23.749000 7.309833e+00 6.298738e-06 1.856591e-06 0.294756
23.750000 7.310171e+00 6.296332e-06 1.848595e-06 0.293599
23.751000 7.310509e+00 6.293926e-06 1.858703e-06 0.295317
23.752000 7.310847e+00 6.291522e-06 1.858013e-06 0.295320
23.753000 7.311186e+00 6.289118e-06 1.860711e-06 0.295862
23.754000 7.311524e+00 6.286716e-06 1.857772e-06 0.295508
23.755000 7.311862e+00 6.284314e-06 1.855944e-06 0.295330
23.756000 7.312200e+00 6.281914e-06 1.851771e-06 0.294778
23.757000 7.312538e+00 6.279515e-06 1.843795e-06 0.293621
23.758000 7.312876e+00 6.277116e-06 1.850397e-06 0.294785
23.759000 7.313214e+00 6.274719e-06 1.849710e-06 0.294788
23.760000 7.313552e+00 6.272323e-06 1.846575e-06 0.294400
23.761000 7.313890e+00 6.269928e-06 1.841058e-06 0.293633
23.762000 7.314228e+00 6.267534e-06 1.854507e-06 0.295891
23.763000 7.314566e+00 6.265140e-06 1.848101e-06 0.294982
23.764000 7.314904e+00 6.262748e-06 1.839009e-06 0.293642
23.765000 7.315242e+00 6.260357e-06 1.842017e-06 0.294235
23.766000 7.315580e+00 6.257967e-06 1.852890e-06 0.296085
23.767000 7.315918e+00 6.255578e-06 1.844227e-06 0.294813
23.768000 7.316256e+00 6.253190e-06 1.847013e-06 0.295371
23.769000 7.316594e+00 6.250804e-06 1.835599e-06 0.293658
23.770000 7.316932e+00 6.248418e-06 1.842175e-06 0.294823
23.771000 7.317270e+00 6.246033e-06 1.841492e-06 0.294826
23.772000 7.317608e+00 6.243649e-06 1.840809e-06 0.294829
23.773000 7.317946e+00 6.241266e-06 1.840126e-06 0.294832
23.774000 7.318284e+00 6.238884e-06 1.835876e-06 0.294263
23.775000 7.318621e+00 6.236504e-06 1.842223e-06 0.295394
23.776000 7.318959e+00 6.234124e-06 1.838080e-06 0.294842
23.777000 7.319297e+00 6.231745e-06 1.850663e-06 0.296974
23.778000 7.319635e+00 6.229367e-06 1.833154e-06 0.294276
23.779000 7.319973e+00 6.226991e-06 1.832474e-06 0.294279
23.780000 7.320311e+00 6.224615e-06 1.838811e-06 0.295410
23.781000 7.320648e+00 6.222241e-06 1.834675e-06 0.294858
23.782000 7.320986e+00 6.219867e-06 1.830437e-06 0.294289
23.783000 7.321324e+00 6.217494e-06 1.840121e-06 0.295959
23.784000 7.321662e+00 6.215123e-06 1.832636e-06 0.294867
23.785000 7.322000e+00 6.212752e-06 1.831956e-06 0.294870
23.786000 7.322337e+00 6.210383e-06 1.834726e-06 0.295429
23.787000 7.322675e+00 6.208014e-06 1.830599e-06 0.294877
23.788000 7.323013e+00 6.205647e-06 1.829921e-06 0.294880
23.789000 7.323351e+00 6.203281e-06 1.825693e-06 0.294311
23.790000 7.323688e+00 6.200915e-06 1.825016e-06 0.294314
23.791000 7.324026e+00 6.198551e-06 1.835796e-06 0.296165
23.792000 7.324364e+00 6.196187e-06 1.820007e-06 0.293730
23.793000 7.324701e+00 6.193825e-06 1.829973e-06 0.295451
23.794000 7.325039e+00 6.191464e-06 1.825856e-06 0.294899
23.795000 7.325377e+00 6.189103e-06 1.833078e-06 0.296178
23.796000 7.325714e+00 6.186744e-06 1.829061e-06 0.295642
23.797000 7.326052e+00 6.184386e-06 1.827264e-06 0.295464
23.798000 7.326390e+00 6.182029e-06 1.823153e-06 0.294912
23.799000 7.326727e+00 6.179672e-06 1.815292e-06 0.293752
23.800000 7.327065e+00 6.177317e-06 1.821803e-06 0.294918
23.801000 7.327402e+00 6.174963e-06 1.825677e-06 0.295658
23.802000 7.327740e+00 6.172610e-06 1.823883e-06 0.295480
23.803000 7.328077e+00 6.170258e-06 1.819780e-06 0.294928
23.804000 7.328415e+00 6.167906e-06 1.822533e-06 0.295487
23.805000 7.328752e+00 6.165556e-06 1.825187e-06 0.296030
23.806000 7.329090e+00 6.163207e-06 1.817759e-06 0.294937
23.807000 7.329428e+00 6.160859e-06 1.823836e-06 0.296036
23.808000 7.329765e+00 6.158512e-06 1.819836e-06 0.295499
23.809000 7.330103e+00 6.156166e-06 1.816855e-06 0.295128
23.810000 7.330440e+00 6.153820e-06 1.811545e-06 0.294377
23.811000 7.330777e+00 6.151476e-06 1.821138e-06 0.296049
23.812000 7.331115e+00 6.149133e-06 1.823692e-06 0.296577
23.813000 7.331452e+00 6.146791e-06 1.813055e-06 0.294960
23.814000 7.331790e+00 6.144450e-06 1.805235e-06 0.293799
23.815000 7.332127e+00 6.142110e-06 1.815128e-06 0.295522
23.816000 7.332465e+00 6.139771e-06 1.811043e-06 0.294969
23.817000 7.332802e+00 6.137433e-06 1.803231e-06 0.293809
23.818000 7.333139e+00 6.135096e-06 1.810813e-06 0.295156
23.819000 7.333477e+00 6.132760e-06 1.815755e-06 0.296075
23.820000 7.333814e+00 6.130425e-06 1.808364e-06 0.294982
23.821000 7.334151e+00 6.128091e-06 1.811103e-06 0.295541
23.822000 7.334489e+00 6.125758e-06 1.803517e-06 0.294415
23.823000 7.334826e+00 6.123426e-06 1.806358e-06 0.294991
23.824000 7.335163e+00 6.121095e-06 1.812401e-06 0.296091
23.825000 7.335501e+00 6.118765e-06 1.797900e-06 0.293834
23.826000 7.335838e+00 6.116436e-06 1.804355e-06 0.295001
23.827000 7.336175e+00 6.114108e-06 1.807088e-06 0.295560
23.828000 7.336513e+00 6.111781e-06 1.799518e-06 0.294434
23.829000 7.336850e+00 6.109455e-06 1.802354e-06 0.295011
23.830000 7.337187e+00 6.107130e-06 1.794578e-06 0.293850
23.831000 7.337524e+00 6.104806e-06 1.804417e-06 0.295573
23.832000 7.337862e+00 6.102483e-06 1.800355e-06 0.295020
23.833000 7.338199e+00 6.100160e-06 1.804187e-06 0.295761
23.834000 7.338536e+00 6.097839e-06 1.791924e-06 0.293862
23.835000 7.338873e+00 6.095519e-06 1.798359e-06 0.295030
23.836000 7.339210e+00 6.093200e-06 1.797695e-06 0.295033
23.837000 7.339548e+00 6.090882e-06 1.789938e-06 0.293872
23.838000 7.339885e+00 6.088565e-06 1.796366e-06 0.295039
23.839000 7.340222e+00 6.086249e-06 1.788614e-06 0.293878
23.840000 7.340559e+00 6.083934e-06 1.798424e-06 0.295602
23.841000 7.340896e+00 6.081620e-06 1.801047e-06 0.296146
23.842000 7.341233e+00 6.079307e-06 1.797095e-06 0.295609
23.843000 7.341570e+00 6.076995e-06 1.796431e-06 0.295612
23.844000 7.341907e+00 6.074684e-06 1.799052e-06 0.296156
23.845000 7.342244e+00 6.072374e-06 1.791725e-06 0.295062
23.846000 7.342582e+00 6.070065e-06 1.787582e-06 0.294491
23.847000 7.342919e+00 6.067757e-06 1.793779e-06 0.295625
23.848000 7.343256e+00 6.065450e-06 1.789740e-06 0.295071
23.849000 7.343593e+00 6.063144e-06 1.792454e-06 0.295631
23.850000 7.343930e+00 6.060839e-06 1.784942e-06 0.294504
23.851000 7.344267e+00 6.058534e-06 1.784282e-06 0.294507
23.852000 7.344604e+00 6.056231e-06 1.790469e-06 0.295641
23.853000 7.344941e+00 6.053929e-06 1.786437e-06 0.295087
23.854000 7.345278e+00 6.051628e-06 1.785778e-06 0.295090
23.855000 7.345615e+00 6.049328e-06 1.791758e-06 0.296191
23.856000 7.345952e+00 6.047029e-06 1.777412e-06 0.293931
23.857000 7.346288e+00 6.044731e-06 1.783800e-06 0.295100
23.858000 7.346625e+00 6.042433e-06 1.780768e-06 0.294710
23.859000 7.346962e+00 6.040137e-06 1.779018e-06 0.294533
23.860000 7.347299e+00 6.037842e-06 1.788454e-06 0.296207
23.861000 7.347636e+00 6.035548e-06 1.784529e-06 0.295670
23.862000 7.347973e+00 6.033254e-06 1.780510e-06 0.295116
23.863000 7.348310e+00 6.030962e-06 1.779853e-06 0.295119
23.864000 7.348647e+00 6.028671e-06 1.779196e-06 0.295122
23.865000 7.348984e+00 6.026381e-06 1.778539e-06 0.295126
23.866000 7.349320e+00 6.024091e-06 1.781239e-06 0.295686
23.867000 7.349657e+00 6.021803e-06 1.787007e-06 0.296756
23.868000 7.349994e+00 6.019516e-06 1.779924e-06 0.295692
23.869000 7.350331e+00 6.017229e-06 1.772462e-06 0.294564
23.870000 7.350668e+00 6.014944e-06 1.778611e-06 0.295699
23.871000 7.351004e+00 6.012659e-06 1.784372e-06 0.296769
23.872000 7.351341e+00 6.010376e-06 1.766942e-06 0.293982
23.873000 7.351678e+00 6.008093e-06 1.773296e-06 0.295151
23.874000 7.352015e+00 6.005812e-06 1.775989e-06 0.295712
23.875000 7.352351e+00 6.003532e-06 1.775334e-06 0.295715
23.876000 7.352688e+00 6.001252e-06 1.777927e-06 0.296259
23.877000 7.353025e+00 5.998973e-06 1.777271e-06 0.296263
23.878000 7.353362e+00 5.996696e-06 1.763034e-06 0.294001
23.879000 7.353698e+00 5.994419e-06 1.765934e-06 0.294596
23.880000 7.354035e+00 5.992144e-06 1.761734e-06 0.294007
23.881000 7.354372e+00 5.989869e-06 1.771409e-06 0.295734
23.882000 7.354708e+00 5.987595e-06 1.773998e-06 0.296279
23.883000 7.355045e+00 5.985323e-06 1.763330e-06 0.294609
23.884000 7.355381e+00 5.983051e-06 1.762680e-06 0.294612
23.885000 7.355718e+00 5.980780e-06 1.762030e-06 0.294615
23.886000 7.356055e+00 5.978511e-06 1.768147e-06 0.295750
23.887000 7.356391e+00 5.976242e-06 1.764163e-06 0.295196
23.888000 7.356728e+00 5.973974e-06 1.760082e-06 0.294625
23.889000 7.357064e+00 5.971707e-06 1.769426e-06 0.296302
23.890000 7.357401e+00 5.969441e-06 1.765541e-06 0.295763
23.891000 7.357738e+00 5.967177e-06 1.761564e-06 0.295209
23.892000 7.358074e+00 5.964913e-06 1.764241e-06 0.295770
23.893000 7.358411e+00 5.962650e-06 1.763590e-06 0.295773
23.894000 7.358747e+00 5.960388e-06 1.756193e-06 0.294644
23.895000 7.359084e+00 5.958127e-06 1.758969e-06 0.295222
23.896000 7.359420e+00 5.955867e-06 1.758321e-06 0.295225
23.897000 7.359757e+00 5.953608e-06 1.750724e-06 0.294061
23.898000 7.360093e+00 5.951349e-06 1.760344e-06 0.295789
23.899000 7.360430e+00 5.949092e-06 1.759696e-06 0.295792
23.900000 7.360766e+00 5.946836e-06 1.762269e-06 0.296337
23.901000 7.361102e+00 5.944581e-06 1.748144e-06 0.294074
23.902000 7.361439e+00 5.942327e-06 1.743864e-06 0.293465
23.903000 7.361775e+00 5.940074e-06 1.753792e-06 0.295247
23.904000 7.362112e+00 5.937821e-06 1.753146e-06 0.295251
23.905000 7.362448e+00 5.935570e-06 1.749088e-06 0.294679
23.906000 7.362784e+00 5.933320e-06 1.748444e-06 0.294682
23.907000 7.363121e+00 5.931070e-06 1.747800e-06 0.294685
23.908000 7.363457e+00 5.928822e-06 1.750565e-06 0.295264
23.909000 7.363793e+00 5.926574e-06 1.749920e-06 0.295267
23.910000 7.364130e+00 5.924328e-06 1.749276e-06 0.295270
23.911000 7.364466e+00 5.922082e-06 1.745227e-06 0.294698
23.912000 7.364802e+00 5.919838e-06 1.751291e-06 0.295834
23.913000 7.365139e+00 5.917594e-06 1.747345e-06 0.295280
23.914000 7.365475e+00 5.915351e-06 1.746701e-06 0.295283
23.915000 7.365811e+00 5.913110e-06 1.742658e-06 0.294711
23.916000 7.366148e+00 5.910869e-06 1.745416e-06 0.295289
23.917000 7.366484e+00 5.908629e-06 1.744773e-06 0.295292
23.918000 7.366820e+00 5.906390e-06 1.747428e-06 0.295854
23.919000 7.367156e+00 5.904152e-06 1.746785e-06 0.295857
23.920000 7.367492e+00 5.901916e-06 1.742848e-06 0.295302
23.921000 7.367829e+00 5.899680e-06 1.745500e-06 0.295863
23.922000 7.368165e+00 5.897445e-06 1.741566e-06 0.295309
23.923000 7.368501e+00 5.895211e-06 1.730426e-06 0.293531
23.924000 7.368837e+00 5.892977e-06 1.733398e-06 0.294146
23.925000 7.369173e+00 5.890745e-06 1.732760e-06 0.294150
23.926000 7.369510e+00 5.888514e-06 1.735617e-06 0.294746
23.927000 7.369846e+00 5.886284e-06 1.734978e-06 0.294749
23.928000 7.370182e+00 5.884055e-06 1.730848e-06 0.294159
23.929000 7.370518e+00 5.881826e-06 1.743559e-06 0.296432
23.930000 7.370854e+00 5.879599e-06 1.736447e-06 0.295334
23.931000 7.371190e+00 5.877373e-06 1.735808e-06 0.295337
23.932000 7.371526e+00 5.875147e-06 1.738451e-06 0.295899
23.933000 7.371862e+00 5.872923e-06 1.737811e-06 0.295902
23.934000 7.372198e+00 5.870699e-06 1.730516e-06 0.294772
23.935000 7.372534e+00 5.868477e-06 1.729879e-06 0.294775
23.936000 7.372870e+00 5.866255e-06 1.735895e-06 0.295912
23.937000 7.373206e+00 5.864034e-06 1.731982e-06 0.295357
23.938000 7.373542e+00 5.861815e-06 1.734619e-06 0.295918
23.939000 7.373878e+00 5.859596e-06 1.733982e-06 0.295922
23.940000 7.374214e+00 5.857378e-06 1.733344e-06 0.295925
23.941000 7.374550e+00 5.855161e-06 1.726067e-06 0.294794
23.942000 7.374886e+00 5.852945e-06 1.728801e-06 0.295373
23.943000 7.375222e+00 5.850730e-06 1.731434e-06 0.295935
23.944000 7.375558e+00 5.848516e-06 1.724164e-06 0.294804
23.945000 7.375894e+00 5.846303e-06 1.733334e-06 0.296484
23.946000 7.376230e+00 5.844091e-06 1.729526e-06 0.295944
23.947000 7.376566e+00 5.841880e-06 1.732061e-06 0.296490
23.948000 7.376902e+00 5.839670e-06 1.724993e-06 0.295392
23.949000 7.377238e+00 5.837460e-06 1.720998e-06 0.294820
23.950000 7.377574e+00 5.835252e-06 1.723725e-06 0.295399
23.951000 7.377909e+00 5.833044e-06 1.723092e-06 0.295402
23.952000 7.378245e+00 5.830838e-06 1.725717e-06 0.295964
23.953000 7.378581e+00 5.828632e-06 1.718470e-06 0.294832
23.954000 7.378917e+00 5.826428e-06 1.717838e-06 0.294836
23.955000 7.379253e+00 5.824224e-06 1.713748e-06 0.294245
23.956000 7.379589e+00 5.822022e-06 1.723184e-06 0.295977
23.957000 7.379924e+00 5.819820e-06 1.719298e-06 0.295421
23.958000 7.380260e+00 5.817619e-06 1.715316e-06 0.294848
23.959000 7.380596e+00 5.815419e-06 1.721286e-06 0.295987
23.960000 7.380932e+00 5.813220e-06 1.714056e-06 0.294855
23.961000 7.381267e+00 5.811022e-06 1.720022e-06 0.295993
23.962000 7.381603e+00 5.808825e-06 1.709346e-06 0.294267
23.963000 7.381939e+00 5.806629e-06 1.715513e-06 0.295441
23.964000 7.382275e+00 5.804434e-06 1.708091e-06 0.294273
23.965000 7.382610e+00 5.802240e-06 1.717498e-06 0.296006
23.966000 7.382946e+00 5.800046e-06 1.716868e-06 0.296009
23.967000 7.383282e+00 5.797854e-06 1.709655e-06 0.294877
23.968000 7.383617e+00 5.795662e-06 1.715608e-06 0.296016
23.969000 7.383953e+00 5.793472e-06 1.714978e-06 0.296019
23.970000 7.384289e+00 5.791282e-06 1.697105e-06 0.293045
23.971000 7.384624e+00 5.789094e-06 1.713720e-06 0.296026
23.972000 7.384960e+00 5.786906e-06 1.716234e-06 0.296572
23.973000 7.385295e+00 5.784719e-06 1.712462e-06 0.296032
23.974000 7.385631e+00 5.782534e-06 1.708600e-06 0.295476
23.975000 7.385967e+00 5.780349e-06 1.701205e-06 0.294308
23.976000 7.386302e+00 5.778165e-06 1.710578e-06 0.296042
23.977000 7.386638e+00 5.775982e-06 1.706720e-06 0.295486
23.978000 7.386973e+00 5.773800e-06 1.702766e-06 0.294912
23.979000 7.387309e+00 5.771618e-06 1.705468e-06 0.295492
23.980000 7.387644e+00 5.769438e-06 1.708070e-06 0.296055
23.981000 7.387980e+00 5.767259e-06 1.704217e-06 0.295499
23.982000 7.388315e+00 5.765081e-06 1.703592e-06 0.295502
23.983000 7.388651e+00 5.762903e-06 1.699645e-06 0.294929
23.984000 7.388986e+00 5.760727e-06 1.699021e-06 0.294932
23.985000 7.389322e+00 5.758551e-06 1.701718e-06 0.295512
23.986000 7.389657e+00 5.756377e-06 1.700005e-06 0.295325
23.987000 7.389993e+00 5.754203e-06 1.693730e-06 0.294347
23.988000 7.390328e+00 5.752030e-06 1.696530e-06 0.294945
23.989000 7.390664e+00 5.749858e-06 1.695908e-06 0.294948
23.990000 7.390999e+00 5.747687e-06 1.695286e-06 0.294951
23.991000 7.391334e+00 5.745517e-06 1.697978e-06 0.295531
23.992000 7.391670e+00 5.743348e-06 1.694043e-06 0.294957
23.993000 7.392005e+00 5.741180e-06 1.682837e-06 0.293117
23.994000 7.392341e+00 5.739013e-06 1.688301e-06 0.294180
23.995000 7.392676e+00 5.736846e-06 1.695490e-06 0.295544
23.996000 7.393011e+00 5.734681e-06 1.694868e-06 0.295547
23.997000 7.393347e+00 5.732517e-06 1.694247e-06 0.295550
23.998000 7.393682e+00 5.730353e-06 1.693626e-06 0.295554
23.999000 7.394017e+00 5.728191e-06 1.689701e-06 0.294980
24.000000 7.394352e+00 5.726029e-06 1.692385e-06 0.295560
