0.700000 7.313362e-05 7.594313e+06 7.329778e+06 0.965167
0.705800 7.435049e-05 7.347695e+06 7.090893e+06 0.965050
0.711600 7.557739e-05 7.111005e+06 6.861652e+06 0.964934
0.717400 7.681433e-05 6.883768e+06 6.641594e+06 0.964819
0.723200 7.806131e-05 6.665535e+06 6.430280e+06 0.964706
0.729000 7.931833e-05 6.455881e+06 6.227296e+06 0.964593
0.734800 8.058538e-05 6.254405e+06 6.032252e+06 0.964481
0.740600 8.186248e-05 6.060726e+06 5.844779e+06 0.964369
0.746400 8.314961e-05 5.874485e+06 5.664526e+06 0.964259
0.752200 8.444678e-05 5.695343e+06 5.491163e+06 0.964150
0.758000 8.575398e-05 5.522977e+06 5.324377e+06 0.964041
0.763800 8.707123e-05 5.357081e+06 5.163869e+06 0.963933
0.769600 8.839851e-05 5.197367e+06 5.009359e+06 0.963826
0.775400 8.973583e-05 5.043560e+06 4.860581e+06 0.963720
0.781200 9.108319e-05 4.895400e+06 4.717280e+06 0.963615
0.787000 9.244058e-05 4.752639e+06 4.579217e+06 0.963510
0.792800 9.380801e-05 4.615045e+06 4.446164e+06 0.963406
0.798600 9.518548e-05 4.482393e+06 4.317904e+06 0.963303
0.804400 9.657298e-05 4.354472e+06 4.194232e+06 0.963201
0.810200 9.797052e-05 4.231082e+06 4.074953e+06 0.963100
0.816000 9.937810e-05 4.112030e+06 3.959880e+06 0.962999
0.821800 1.007957e-04 3.997136e+06 3.848837e+06 0.962899
0.827600 1.022234e-04 3.886226e+06 3.741655e+06 0.962799
0.833400 1.036611e-04 3.779136e+06 3.638176e+06 0.962700
0.839200 1.051088e-04 3.675709e+06 3.538246e+06 0.962602
0.845000 1.065665e-04 3.575795e+06 3.441721e+06 0.962505
0.850800 1.080343e-04 3.479253e+06 3.348462e+06 0.962408
0.856600 1.095122e-04 3.385946e+06 3.258337e+06 0.962312
0.862400 1.110001e-04 3.295746e+06 3.171222e+06 0.962217
0.868200 1.124980e-04 3.208529e+06 3.086996e+06 0.962122
0.874000 1.140059e-04 3.124177e+06 3.005546e+06 0.962028
0.879800 1.155239e-04 3.042579e+06 2.926762e+06 0.961934
0.885600 1.170519e-04 2.963627e+06 2.850540e+06 0.961842
0.891400 1.185899e-04 2.887219e+06 2.776781e+06 0.961749
0.897200 1.201380e-04 2.813257e+06 2.705390e+06 0.961658
0.903000 1.216962e-04 2.741648e+06 2.636277e+06 0.961566
0.908800 1.232643e-04 2.672303e+06 2.569355e+06 0.961476
0.914600 1.248425e-04 2.605135e+06 2.504541e+06 0.961386
0.920400 1.264307e-04 2.540065e+06 2.441756e+06 0.961297
0.926200 1.280290e-04 2.477013e+06 2.380924e+06 0.961208
0.932000 1.296373e-04 2.415905e+06 2.321973e+06 0.961120
0.937800 1.312556e-04 2.356669e+06 2.264834e+06 0.961032
0.943600 1.328840e-04 2.299238e+06 2.209440e+06 0.960945
0.949400 1.345224e-04 2.243544e+06 2.155728e+06 0.960858
0.955200 1.361708e-04 2.189527e+06 2.103637e+06 0.960772
0.961000 1.378293e-04 2.137125e+06 2.053108e+06 0.960687
0.966800 1.394978e-04 2.086282e+06 2.004085e+06 0.960601
0.972600 1.411764e-04 2.036941e+06 1.956516e+06 0.960517
0.978400 1.428649e-04 1.989049e+06 1.910348e+06 0.960433
0.984200 1.445636e-04 1.942557e+06 1.865533e+06 0.960349
0.990000 1.462722e-04 1.897415e+06 1.822024e+06 0.960266
0.995800 1.479909e-04 1.853576e+06 1.779774e+06 0.960184
1.001600 1.497196e-04 1.810996e+06 1.738740e+06 0.960102
1.007400 1.514583e-04 1.769631e+06 1.698881e+06 0.960020
1.013200 1.532071e-04 1.729440e+06 1.660157e+06 0.959939
1.019000 1.549659e-04 1.690383e+06 1.622528e+06 0.959858
1.024800 1.567348e-04 1.652423e+06 1.585959e+06 0.959778
1.030600 1.585137e-04 1.615522e+06 1.550413e+06 0.959698
1.036400 1.603026e-04 1.579645e+06 1.515857e+06 0.959619
1.042200 1.621015e-04 1.544758e+06 1.482257e+06 0.959540
1.048000 1.639105e-04 1.510828e+06 1.449582e+06 0.959462
1.053800 1.657295e-04 1.477825e+06 1.417801e+06 0.959384
1.059600 1.675586e-04 1.445718e+06 1.386886e+06 0.959306
1.065400 1.693977e-04 1.414478e+06 1.356808e+06 0.959229
1.071200 1.712468e-04 1.384077e+06 1.327540e+06 0.959152
1.077000 1.731059e-04 1.354488e+06 1.299057e+06 0.959076
1.082800 1.749751e-04 1.325685e+06 1.271332e+06 0.959000
1.088600 1.768543e-04 1.297644e+06 1.244343e+06 0.958925
1.094400 1.787436e-04 1.270340e+06 1.218065e+06 0.958850
1.100200 1.806429e-04 1.243750e+06 1.192476e+06 0.958775
1.106000 1.825522e-04 1.217852e+06 1.167555e+06 0.958701
1.111800 1.844715e-04 1.192624e+06 1.143281e+06 0.958627
1.117600 1.864009e-04 1.168046e+06 1.119634e+06 0.958553
1.123400 1.883403e-04 1.144098e+06 1.096595e+06 0.958480
1.129200 1.902897e-04 1.120760e+06 1.074145e+06 0.958407
1.135000 1.922492e-04 1.098014e+06 1.052265e+06 0.958335
1.140800 1.942187e-04 1.075842e+06 1.030940e+06 0.958263
1.146600 1.961982e-04 1.054227e+06 1.010151e+06 0.958191
1.152400 1.981878e-04 1.033152e+06 9.898831e+05 0.958120
1.158200 2.001874e-04 1.012600e+06 9.701205e+05 0.958049
1.164000 2.021970e-04 9.925568e+05 9.508481e+05 0.957979
1.169800 2.042167e-04 9.730069e+05 9.320514e+05 0.957908
1.175600 2.062464e-04 9.539358e+05 9.137163e+05 0.957838
1.181400 2.082861e-04 9.353295e+05 8.958295e+05 0.957769
1.187200 2.103358e-04 9.171745e+05 8.783778e+05 0.957700
1.193000 2.123956e-04 8.994577e+05 8.613485e+05 0.957631
1.198800 2.144654e-04 8.821665e+05 8.447295e+05 0.957562
1.204600 2.165453e-04 8.652887e+05 8.285089e+05 0.957494
1.210400 2.186351e-04 8.488124e+05 8.126754e+05 0.957426
1.216200 2.207350e-04 8.327263e+05 7.972179e+05 0.957359
1.222000 2.228450e-04 8.170193e+05 7.821258e+05 0.957292
1.227800 2.249649e-04 8.016808e+05 7.673887e+05 0.957225
1.233600 2.270949e-04 7.867004e+05 7.529968e+05 0.957158
1.239400 2.292350e-04 7.720682e+05 7.389403e+05 0.957092
1.245200 2.313850e-04 7.577745e+05 7.252099e+05 0.957026
1.251000 2.335451e-04 7.438099e+05 7.117966e+05 0.956960
1.256800 2.357152e-04 7.301654e+05 6.986916e+05 0.956895
1.262600 2.378953e-04 7.168322e+05 6.858866e+05 0.956830
1.268400 2.400855e-04 7.038018e+05 6.733732e+05 0.956765
1.274200 2.422857e-04 6.910661e+05 6.611435e+05 0.956701
1.280000 2.444959e-04 6.786170e+05 6.491900e+05 0.956637
1.285800 2.467162e-04 6.664469e+05 6.375050e+05 0.956573
1.291600 2.489465e-04 6.545482e+05 6.260815e+05 0.956509
1.297400 2.511868e-04 6.429138e+05 6.149125e+05 0.956446
1.303200 2.534371e-04 6.315367e+05 6.039911e+05 0.956383
1.309000 2.556975e-04 6.204100e+05 5.933108e+05 0.956320
1.314800 2.579679e-04 6.095272e+05 5.828653e+05 0.956258
1.320600 2.602483e-04 5.988819e+05 5.726484e+05 0.956196
1.326400 2.625387e-04 5.884679e+05 5.626541e+05 0.956134
1.332200 2.648392e-04 5.782791e+05 5.528767e+05 0.956072
1.338000 2.671497e-04 5.683098e+05 5.433105e+05 0.956011
1.343800 2.694703e-04 5.585543e+05 5.339500e+05 0.955950
1.349600 2.718008e-04 5.490072e+05 5.247901e+05 0.955889
1.355400 2.741414e-04 5.396631e+05 5.158255e+05 0.955829
1.361200 2.764920e-04 5.305168e+05 5.070512e+05 0.955768
1.367000 2.788527e-04 5.215634e+05 4.984626e+05 0.955708
1.372800 2.812233e-04 5.127981e+05 4.900548e+05 0.955649
1.378600 2.836040e-04 5.042159e+05 4.818233e+05 0.955589
1.384400 2.859948e-04 4.958125e+05 4.737637e+05 0.955530
1.390200 2.883955e-04 4.875834e+05 4.658717e+05 0.955471
1.396000 2.908063e-04 4.795242e+05 4.581432e+05 0.955412
1.401800 2.932271e-04 4.716307e+05 4.505741e+05 0.955354
1.407600 2.956579e-04 4.638989e+05 4.431605e+05 0.955295
1.413400 2.980988e-04 4.563249e+05 4.358985e+05 0.955237
1.419200 3.005496e-04 4.489047e+05 4.287845e+05 0.955179
1.425000 3.030105e-04 4.416346e+05 4.218149e+05 0.955122
1.430800 3.054815e-04 4.345111e+05 4.149861e+05 0.955065
1.436600 3.079624e-04 4.275305e+05 4.082948e+05 0.955007
1.442400 3.104534e-04 4.206895e+05 4.017377e+05 0.954951
1.448200 3.129544e-04 4.139847e+05 3.953115e+05 0.954894
1.454000 3.154654e-04 4.074129e+05 3.890131e+05 0.954838
1.459800 3.179865e-04 4.009708e+05 3.828395e+05 0.954781
1.465600 3.205176e-04 3.946556e+05 3.767877e+05 0.954725
1.471400 3.230587e-04 3.884641e+05 3.708549e+05 0.954670
1.477200 3.256098e-04 3.823935e+05 3.650383e+05 0.954614
1.483000 3.281709e-04 3.764410e+05 3.593351e+05 0.954559
1.488800 3.307421e-04 3.706038e+05 3.537427e+05 0.954504
1.494600 3.333233e-04 3.648792e+05 3.482586e+05 0.954449
1.500400 3.359145e-04 3.592647e+05 3.428801e+05 0.954394
1.506200 3.385158e-04 3.537577e+05 3.376050e+05 0.954340
1.512000 3.411271e-04 3.483557e+05 3.324308e+05 0.954286
1.517800 3.437483e-04 3.430564e+05 3.273553e+05 0.954232
1.523600 3.463797e-04 3.378574e+05 3.223761e+05 0.954178
1.529400 3.490210e-04 3.327565e+05 3.174911e+05 0.954124
1.535200 3.516724e-04 3.277515e+05 3.126981e+05 0.954071
1.541000 3.543337e-04 3.228401e+05 3.079951e+05 0.954018
1.546800 3.570052e-04 3.180203e+05 3.033802e+05 0.953965
1.552600 3.596866e-04 3.132901e+05 2.988512e+05 0.953912
1.558400 3.623780e-04 3.086475e+05 2.944063e+05 0.953859
1.564200 3.650795e-04 3.040905e+05 2.900436e+05 0.953807
1.570000 3.677910e-04 2.996172e+05 2.857613e+05 0.953755
1.575800 3.705125e-04 2.952259e+05 2.815577e+05 0.953703
1.581600 3.732441e-04 2.909146e+05 2.774309e+05 0.953651
1.587400 3.759856e-04 2.866817e+05 2.733794e+05 0.953599
1.593200 3.787372e-04 2.825255e+05 2.694015e+05 0.953548
1.599000 3.814988e-04 2.784443e+05 2.654956e+05 0.953496
1.604800 3.842704e-04 2.744364e+05 2.616601e+05 0.953445
1.610600 3.870521e-04 2.705004e+05 2.578936e+05 0.953395
1.616400 3.898437e-04 2.666346e+05 2.541945e+05 0.953344
1.622200 3.926454e-04 2.628376e+05 2.505613e+05 0.953293
1.628000 3.954571e-04 2.591079e+05 2.469928e+05 0.953243
1.633800 3.982788e-04 2.554441e+05 2.434875e+05 0.953193
1.639600 4.011106e-04 2.518447e+05 2.400440e+05 0.953143
1.645400 4.039524e-04 2.483085e+05 2.366612e+05 0.953093
1.651200 4.068041e-04 2.448342e+05 2.333376e+05 0.953043
1.657000 4.096659e-04 2.414203e+05 2.300721e+05 0.952994
1.662800 4.125378e-04 2.380657e+05 2.268634e+05 0.952945
1.668600 4.154196e-04 2.347691e+05 2.237104e+05 0.952896
1.674400 4.183115e-04 2.315293e+05 2.206119e+05 0.952847
1.680200 4.212134e-04 2.283452e+05 2.175668e+05 0.952798
1.686000 4.241253e-04 2.252156e+05 2.145740e+05 0.952749
1.691800 4.270472e-04 2.221394e+05 2.116324e+05 0.952701
1.697600 4.299791e-04 2.191155e+05 2.087410e+05 0.952653
1.703400 4.329211e-04 2.161428e+05 2.058987e+05 0.952605
1.709200 4.358730e-04 2.132204e+05 2.031045e+05 0.952557
1.715000 4.388350e-04 2.103471e+05 2.003575e+05 0.952509
1.720800 4.418070e-04 2.075220e+05 1.976567e+05 0.952461
1.726600 4.447891e-04 2.047442e+05 1.950013e+05 0.952414
1.732400 4.477811e-04 2.020127e+05 1.923902e+05 0.952367
1.738200 4.507832e-04 1.993265e+05 1.898225e+05 0.952320
1.744000 4.537953e-04 1.966848e+05 1.872976e+05 0.952273
1.749800 4.568174e-04 1.940867e+05 1.848144e+05 0.952226
1.755600 4.598495e-04 1.915313e+05 1.823721e+05 0.952179
1.761400 4.628916e-04 1.890178e+05 1.799700e+05 0.952133
1.767200 4.659437e-04 1.865454e+05 1.776073e+05 0.952086
1.773000 4.690059e-04 1.841132e+05 1.752832e+05 0.952040
1.778800 4.720781e-04 1.817205e+05 1.729969e+05 0.951994
1.784600 4.751603e-04 1.793665e+05 1.707477e+05 0.951948
1.790400 4.782525e-04 1.770505e+05 1.685348e+05 0.951903
1.796200 4.813547e-04 1.747717e+05 1.663577e+05 0.951857
1.802000 4.844669e-04 1.725294e+05 1.642155e+05 0.951812
1.807800 4.875892e-04 1.703230e+05 1.621077e+05 0.951766
1.813600 4.907215e-04 1.681517e+05 1.600335e+05 0.951721
1.819400 4.938638e-04 1.660148e+05 1.579923e+05 0.951676
1.825200 4.970161e-04 1.639117e+05 1.559836e+05 0.951631
1.831000 5.001784e-04 1.618419e+05 1.540066e+05 0.951587
1.836800 5.033507e-04 1.598045e+05 1.520607e+05 0.951542
1.842600 5.065330e-04 1.577991e+05 1.501455e+05 0.951498
1.848400 5.097254e-04 1.558250e+05 1.482603e+05 0.951453
1.854200 5.129278e-04 1.538817e+05 1.464045e+05 0.951409
1.860000 5.161402e-04 1.519686e+05 1.445776e+05 0.951365
1.865800 5.193626e-04 1.500850e+05 1.427791e+05 0.951321
1.871600 5.225950e-04 1.482306e+05 1.410084e+05 0.951278
1.877400 5.258374e-04 1.464046e+05 1.392651e+05 0.951234
1.883200 5.290898e-04 1.446067e+05 1.375485e+05 0.951191
1.889000 5.323523e-04 1.428362e+05 1.358583e+05 0.951147
1.894800 5.356247e-04 1.410928e+05 1.341939e+05 0.951104
1.900600 5.389072e-04 1.393758e+05 1.325549e+05 0.951061
1.906400 5.421997e-04 1.376849e+05 1.309408e+05 0.951018
1.912200 5.455022e-04 1.360195e+05 1.293512e+05 0.950976
1.918000 5.488147e-04 1.343791e+05 1.277855e+05 0.950933
1.923800 5.521372e-04 1.327635e+05 1.262435e+05 0.950890
1.929600 5.554698e-04 1.311720e+05 1.247246e+05 0.950848
1.935400 5.588123e-04 1.296042e+05 1.232284e+05 0.950806
1.941200 5.621649e-04 1.280598e+05 1.217546e+05 0.950764
1.947000 5.655274e-04 1.265383e+05 1.203027e+05 0.950722
1.952800 5.689000e-04 1.250393e+05 1.188723e+05 0.950680
1.958600 5.722826e-04 1.235624e+05 1.174631e+05 0.950638
1.964400 5.756752e-04 1.221073e+05 1.160747e+05 0.950596
1.970200 5.790778e-04 1.206734e+05 1.147067e+05 0.950555
1.976000 5.824904e-04 1.192606e+05 1.133588e+05 0.950513
1.981800 5.859131e-04 1.178683e+05 1.120305e+05 0.950472
1.987600 5.893457e-04 1.164963e+05 1.107217e+05 0.950431
1.993400 5.927883e-04 1.151441e+05 1.094318e+05 0.950390
1.999200 5.962410e-04 1.138115e+05 1.081607e+05 0.950349
2.005000 5.997037e-04 1.124982e+05 1.069079e+05 0.950308
2.010800 6.031763e-04 1.112036e+05 1.056732e+05 0.950268
2.016600 6.066590e-04 1.099277e+05 1.044562e+05 0.950227
2.022400 6.101517e-04 1.086699e+05 1.032567e+05 0.950187
2.028200 6.136544e-04 1.074301e+05 1.020743e+05 0.950146
2.034000 6.171671e-04 1.062079e+05 1.009088e+05 0.950106
2.039800 6.206898e-04 1.050030e+05 9.975978e+04 0.950066
2.045600 6.242225e-04 1.038151e+05 9.862708e+04 0.950026
2.051400 6.277653e-04 1.026440e+05 9.751037e+04 0.949986
2.057200 6.313180e-04 1.014893e+05 9.640940e+04 0.949947
2.063000 6.348808e-04 1.003508e+05 9.532390e+04 0.949907
2.068800 6.384535e-04 9.922816e+04 9.425360e+04 0.949867
2.074600 6.420363e-04 9.812118e+04 9.319826e+04 0.949828
2.080400 6.456290e-04 9.702959e+04 9.215761e+04 0.949789
2.086200 6.492318e-04 9.595311e+04 9.113143e+04 0.949750
2.092000 6.528446e-04 9.489151e+04 9.011947e+04 0.949711
2.097800 6.564674e-04 9.384453e+04 8.912149e+04 0.949672
2.103600 6.601001e-04 9.281194e+04 8.813726e+04 0.949633
2.109400 6.637429e-04 9.179349e+04 8.716655e+04 0.949594
2.115200 6.673957e-04 9.078896e+04 8.620915e+04 0.949555
2.121000 6.710585e-04 8.979812e+04 8.526483e+04 0.949517
2.126800 6.747313e-04 8.882075e+04 8.433339e+04 0.949478
2.132600 6.784142e-04 8.785662e+04 8.341460e+04 0.949440
2.138400 6.821070e-04 8.690552e+04 8.250827e+04 0.949402
2.144200 6.858098e-04 8.596724e+04 8.161420e+04 0.949364
2.150000 6.895226e-04 8.504158e+04 8.073218e+04 0.949326
2.155800 6.932454e-04 8.412833e+04 7.986202e+04 0.949288
2.161600 6.969783e-04 8.322729e+04 7.900353e+04 0.949250
2.167400 7.007211e-04 8.233827e+04 7.815652e+04 0.949213
2.173200 7.044739e-04 8.146108e+04 7.732081e+04 0.949175
2.179000 7.082368e-04 8.059552e+04 7.649623e+04 0.949137
2.184800 7.120096e-04 7.974141e+04 7.568258e+04 0.949100
2.190600 7.157925e-04 7.889858e+04 7.487970e+04 0.949063
2.196400 7.195853e-04 7.806684e+04 7.408743e+04 0.949026
2.202200 7.233882e-04 7.724601e+04 7.330558e+04 0.948989
2.208000 7.272010e-04 7.643594e+04 7.253400e+04 0.948952
2.213800 7.310239e-04 7.563644e+04 7.177253e+04 0.948915
2.219600 7.348567e-04 7.484735e+04 7.102100e+04 0.948878
2.225400 7.386996e-04 7.406852e+04 7.027926e+04 0.948841
2.231200 7.425524e-04 7.329978e+04 6.954717e+04 0.948805
2.237000 7.464153e-04 7.254097e+04 6.882456e+04 0.948768
2.242800 7.502882e-04 7.179195e+04 6.811130e+04 0.948732
2.248600 7.541710e-04 7.105255e+04 6.740723e+04 0.948695
2.254400 7.580639e-04 7.032264e+04 6.671222e+04 0.948659
2.260200 7.619667e-04 6.960207e+04 6.602613e+04 0.948623
2.266000 7.658796e-04 6.889069e+04 6.534881e+04 0.948587
2.271800 7.698025e-04 6.818836e+04 6.468015e+04 0.948551
2.277600 7.737353e-04 6.749495e+04 6.401999e+04 0.948515
2.283400 7.776782e-04 6.681032e+04 6.336822e+04 0.948480
2.289200 7.816310e-04 6.613434e+04 6.272471e+04 0.948444
2.295000 7.855939e-04 6.546687e+04 6.208933e+04 0.948408
2.300800 7.895667e-04 6.480780e+04 6.146196e+04 0.948373
2.306600 7.935496e-04 6.415698e+04 6.084247e+04 0.948338
2.312400 7.975424e-04 6.351431e+04 6.023076e+04 0.948302
2.318200 8.015453e-04 6.287965e+04 5.962670e+04 0.948267
2.324000 8.055581e-04 6.225289e+04 5.903018e+04 0.948232
2.329800 8.095809e-04 6.163391e+04 5.844108e+04 0.948197
2.335600 8.136138e-04 6.102259e+04 5.785930e+04 0.948162
2.341400 8.176566e-04 6.041882e+04 5.728472e+04 0.948127
2.347200 8.217094e-04 5.982249e+04 5.671725e+04 0.948092
2.353000 8.257723e-04 5.923349e+04 5.615677e+04 0.948058
2.358800 8.298451e-04 5.865171e+04 5.560318e+04 0.948023
2.364600 8.339279e-04 5.807705e+04 5.505638e+04 0.947989
2.370400 8.380207e-04 5.750939e+04 5.451627e+04 0.947954
2.376200 8.421235e-04 5.694865e+04 5.398276e+04 0.947920
2.382000 8.462363e-04 5.639472e+04 5.345574e+04 0.947886
2.387800 8.503591e-04 5.584749e+04 5.293513e+04 0.947852
2.393600 8.544919e-04 5.530688e+04 5.242082e+04 0.947817
2.399400 8.586347e-04 5.477278e+04 5.191274e+04 0.947783
2.405200 8.627875e-04 5.424511e+04 5.141078e+04 0.947750
2.411000 8.669503e-04 5.372376e+04 5.091486e+04 0.947716
2.416800 8.711231e-04 5.320866e+04 5.042489e+04 0.947682
2.422600 8.753058e-04 5.269970e+04 4.994079e+04 0.947648
2.428400 8.794986e-04 5.219681e+04 4.946247e+04 0.947615
2.434200 8.837013e-04 5.169990e+04 4.898985e+04 0.947581
2.440000 8.879141e-04 5.120887e+04 4.852285e+04 0.947548
2.445800 8.921368e-04 5.072365e+04 4.806140e+04 0.947515
2.451600 8.963695e-04 5.024416e+04 4.760540e+04 0.947481
2.457400 9.006123e-04 4.977031e+04 4.715478e+04 0.947448
2.463200 9.048650e-04 4.930202e+04 4.670948e+04 0.947415
2.469000 9.091277e-04 4.883922e+04 4.626940e+04 0.947382
2.474800 9.134004e-04 4.838184e+04 4.583449e+04 0.947349
2.480600 9.176831e-04 4.792978e+04 4.540466e+04 0.947316
2.486400 9.219757e-04 4.748298e+04 4.497984e+04 0.947283
2.492200 9.262784e-04 4.704138e+04 4.455998e+04 0.947251
2.498000 9.305911e-04 4.660488e+04 4.414499e+04 0.947218
2.503800 9.349137e-04 4.617343e+04 4.373480e+04 0.947186
2.509600 9.392464e-04 4.574695e+04 4.332937e+04 0.947153
2.515400 9.435890e-04 4.532538e+04 4.292860e+04 0.947121
2.521200 9.479416e-04 4.490864e+04 4.253245e+04 0.947088
2.527000 9.523042e-04 4.449668e+04 4.214085e+04 0.947056
2.532800 9.566768e-04 4.408942e+04 4.175374e+04 0.947024
2.538600 9.610594e-04 4.368680e+04 4.137105e+04 0.946992
2.544400 9.654520e-04 4.328876e+04 4.099272e+04 0.946960
2.550200 9.698545e-04 4.289524e+04 4.061870e+04 0.946928
2.556000 9.742671e-04 4.250617e+04 4.024892e+04 0.946896
2.561800 9.786896e-04 4.212150e+04 3.988334e+04 0.946864
2.567600 9.831221e-04 4.174116e+04 3.952188e+04 0.946833
2.573400 9.875647e-04 4.136509e+04 3.916451e+04 0.946801
2.579200 9.920172e-04 4.099325e+04 3.881115e+04 0.946769
2.585000 9.964796e-04 4.062556e+04 3.846176e+04 0.946738
2.590800 1.000952e-03 4.026199e+04 3.811628e+04 0.946706
2.596600 1.005435e-03 3.990246e+04 3.777466e+04 0.946675
2.602400 1.009927e-03 3.954694e+04 3.743686e+04 0.946644
2.608200 1.014429e-03 3.919535e+04 3.710281e+04 0.946612
2.614000 1.018942e-03 3.884766e+04 3.677247e+04 0.946581
2.619800 1.023464e-03 3.850381e+04 3.644579e+04 0.946550
2.625600 1.027997e-03 3.816375e+04 3.612272e+04 0.946519
2.631400 1.032539e-03 3.782743e+04 3.580322e+04 0.946488
2.637200 1.037091e-03 3.749480e+04 3.548723e+04 0.946457
2.643000 1.041654e-03 3.716581e+04 3.517471e+04 0.946427
2.648800 1.046226e-03 3.684041e+04 3.486562e+04 0.946396
2.654600 1.050808e-03 3.651856e+04 3.455990e+04 0.946365
2.660400 1.055401e-03 3.620022e+04 3.425752e+04 0.946335
2.666200 1.060003e-03 3.588533e+04 3.395843e+04 0.946304
2.672000 1.064615e-03 3.557385e+04 3.366259e+04 0.946274
2.677800 1.069237e-03 3.526573e+04 3.336996e+04 0.946243
2.683600 1.073870e-03 3.496094e+04 3.308050e+04 0.946213
2.689400 1.078512e-03 3.465943e+04 3.279415e+04 0.946183
2.695200 1.083164e-03 3.436115e+04 3.251089e+04 0.946153
2.701000 1.087826e-03 3.406608e+04 3.223068e+04 0.946122
2.706800 1.092498e-03 3.377415e+04 3.195347e+04 0.946092
2.712600 1.097180e-03 3.348535e+04 3.167922e+04 0.946062
2.718400 1.101873e-03 3.319961e+04 3.140791e+04 0.946032
2.724200 1.106575e-03 3.291691e+04 3.113949e+04 0.946003
2.730000 1.111287e-03 3.263721e+04 3.087392e+04 0.945973
2.735800 1.116009e-03 3.236047e+04 3.061116e+04 0.945943
2.741600 1.120741e-03 3.208665e+04 3.035119e+04 0.945913
2.747400 1.125483e-03 3.181572e+04 3.009397e+04 0.945884
2.753200 1.130235e-03 3.154763e+04 2.983946e+04 0.945854
2.759000 1.134997e-03 3.128236e+04 2.958763e+04 0.945825
2.764800 1.139769e-03 3.101986e+04 2.933844e+04 0.945795
2.770600 1.144551e-03 3.076011e+04 2.909186e+04 0.945766
2.776400 1.149343e-03 3.050306e+04 2.884786e+04 0.945737
2.782200 1.154145e-03 3.024869e+04 2.860641e+04 0.945707
2.788000 1.158956e-03 2.999696e+04 2.836747e+04 0.945678
2.793800 1.163778e-03 2.974784e+04 2.813102e+04 0.945649
2.799600 1.168610e-03 2.950129e+04 2.789701e+04 0.945620
2.805400 1.173452e-03 2.925729e+04 2.766543e+04 0.945591
2.811200 1.178304e-03 2.901580e+04 2.743624e+04 0.945562
2.817000 1.183165e-03 2.877679e+04 2.720942e+04 0.945533
2.822800 1.188037e-03 2.854023e+04 2.698492e+04 0.945505
2.828600 1.192919e-03 2.830610e+04 2.676273e+04 0.945476
2.834400 1.197810e-03 2.807435e+04 2.654282e+04 0.945447
2.840200 1.202712e-03 2.784497e+04 2.632515e+04 0.945419
2.846000 1.207624e-03 2.761792e+04 2.610971e+04 0.945390
2.851800 1.212545e-03 2.739318e+04 2.589645e+04 0.945362
2.857600 1.217477e-03 2.717071e+04 2.568537e+04 0.945333
2.863400 1.222418e-03 2.695049e+04 2.547643e+04 0.945305
2.869200 1.227370e-03 2.673249e+04 2.526960e+04 0.945276
2.875000 1.232331e-03 2.651669e+04 2.506485e+04 0.945248
2.880800 1.237303e-03 2.630306e+04 2.486218e+04 0.945220
2.886600 1.242284e-03 2.609157e+04 2.466154e+04 0.945192
2.892400 1.247276e-03 2.588220e+04 2.446292e+04 0.945164
2.898200 1.252277e-03 2.567492e+04 2.426628e+04 0.945136
2.904000 1.257289e-03 2.546971e+04 2.407162e+04 0.945108
2.909800 1.262310e-03 2.526654e+04 2.387889e+04 0.945080
2.915600 1.267341e-03 2.506538e+04 2.368809e+04 0.945052
2.921400 1.272382e-03 2.486622e+04 2.349918e+04 0.945024
2.927200 1.277434e-03 2.466903e+04 2.331214e+04 0.944996
2.933000 1.282495e-03 2.447379e+04 2.312696e+04 0.944969
2.938800 1.287566e-03 2.428047e+04 2.294361e+04 0.944941
2.944600 1.292647e-03 2.408905e+04 2.276207e+04 0.944913
2.950400 1.297738e-03 2.389951e+04 2.258231e+04 0.944886
2.956200 1.302839e-03 2.371182e+04 2.240432e+04 0.944858
2.962000 1.307951e-03 2.352598e+04 2.222807e+04 0.944831
2.967800 1.313072e-03 2.334194e+04 2.205355e+04 0.944804
2.973600 1.318203e-03 2.315970e+04 2.188073e+04 0.944776
2.979400 1.323344e-03 2.297922e+04 2.170960e+04 0.944749
2.985200 1.328494e-03 2.280050e+04 2.154014e+04 0.944722
2.991000 1.333655e-03 2.262351e+04 2.137231e+04 0.944695
2.996800 1.338826e-03 2.244823e+04 2.120612e+04 0.944668
3.002600 1.344007e-03 2.227464e+04 2.104153e+04 0.944641
3.008400 1.349198e-03 2.210272e+04 2.087853e+04 0.944614
3.014200 1.354399e-03 2.193246e+04 2.071711e+04 0.944587
3.020000 1.359609e-03 2.176382e+04 2.055723e+04 0.944560
3.025800 1.364830e-03 2.159680e+04 2.039889e+04 0.944533
3.031600 1.370061e-03 2.143138e+04 2.024207e+04 0.944506
3.037400 1.375301e-03 2.126753e+04 2.008675e+04 0.944480
3.043200 1.380552e-03 2.110524e+04 1.993291e+04 0.944453
3.049000 1.385813e-03 2.094449e+04 1.978053e+04 0.944426
3.054800 1.391083e-03 2.078527e+04 1.962961e+04 0.944400
3.060600 1.396364e-03 2.062756e+04 1.948011e+04 0.944373
3.066400 1.401654e-03 2.047133e+04 1.933203e+04 0.944347
3.072200 1.406955e-03 2.031658e+04 1.918536e+04 0.944320
3.078000 1.412265e-03 2.016328e+04 1.904006e+04 0.944294
3.083800 1.417585e-03 2.001142e+04 1.889614e+04 0.944268
3.089600 1.422916e-03 1.986099e+04 1.875357e+04 0.944241
3.095400 1.428256e-03 1.971196e+04 1.861234e+04 0.944215
3.101200 1.433606e-03 1.956433e+04 1.847242e+04 0.944189
3.107000 1.438966e-03 1.941807e+04 1.833382e+04 0.944163
3.112800 1.444337e-03 1.927317e+04 1.819651e+04 0.944137
3.118600 1.449717e-03 1.912962e+04 1.806049e+04 0.944111
3.124400 1.455107e-03 1.898740e+04 1.792572e+04 0.944085
3.130200 1.460507e-03 1.884650e+04 1.779221e+04 0.944059
3.136000 1.465917e-03 1.870689e+04 1.765993e+04 0.944033
3.141800 1.471337e-03 1.856858e+04 1.752888e+04 0.944007
3.147600 1.476767e-03 1.843154e+04 1.739903e+04 0.943982
3.153400 1.482207e-03 1.829575e+04 1.727039e+04 0.943956
3.159200 1.487657e-03 1.816121e+04 1.714292e+04 0.943930
3.165000 1.493116e-03 1.802791e+04 1.701663e+04 0.943905
3.170800 1.498586e-03 1.789582e+04 1.689149e+04 0.943879
3.176600 1.504066e-03 1.776493e+04 1.676750e+04 0.943854
3.182400 1.509556e-03 1.763524e+04 1.664464e+04 0.943828
3.188200 1.515055e-03 1.750672e+04 1.652290e+04 0.943803
3.194000 1.520565e-03 1.737938e+04 1.640226e+04 0.943777
3.199800 1.526084e-03 1.725318e+04 1.628272e+04 0.943752
3.205600 1.531614e-03 1.712812e+04 1.616427e+04 0.943727
3.211400 1.537153e-03 1.700420e+04 1.604689e+04 0.943702
3.217200 1.542703e-03 1.688138e+04 1.593056e+04 0.943676
3.223000 1.548262e-03 1.675968e+04 1.581529e+04 0.943651
3.228800 1.553831e-03 1.663906e+04 1.570105e+04 0.943626
3.234600 1.559411e-03 1.651953e+04 1.558784e+04 0.943601
3.240400 1.565000e-03 1.640106e+04 1.547565e+04 0.943576
3.246200 1.570599e-03 1.628365e+04 1.536446e+04 0.943551
3.252000 1.576208e-03 1.616729e+04 1.525426e+04 0.943526
3.257800 1.581827e-03 1.605196e+04 1.514505e+04 0.943501
3.263600 1.587457e-03 1.593766e+04 1.503681e+04 0.943477
3.269400 1.593096e-03 1.582437e+04 1.492953e+04 0.943452
3.275200 1.598745e-03 1.571208e+04 1.482320e+04 0.943427
3.281000 1.604403e-03 1.560078e+04 1.471781e+04 0.943403
3.286800 1.610072e-03 1.549046e+04 1.461336e+04 0.943378
3.292600 1.615751e-03 1.538112e+04 1.450983e+04 0.943353
3.298400 1.621440e-03 1.527273e+04 1.440721e+04 0.943329
3.304200 1.627139e-03 1.516530e+04 1.430549e+04 0.943304
3.310000 1.632847e-03 1.505880e+04 1.420467e+04 0.943280
3.315800 1.638566e-03 1.495324e+04 1.410473e+04 0.943255
3.321600 1.644295e-03 1.484860e+04 1.400566e+04 0.943231
3.327400 1.650033e-03 1.474487e+04 1.390746e+04 0.943207
3.333200 1.655782e-03 1.464204e+04 1.381011e+04 0.943182
3.339000 1.661540e-03 1.454010e+04 1.371362e+04 0.943158
3.344800 1.667308e-03 1.443905e+04 1.361796e+04 0.943134
3.350600 1.673087e-03 1.433887e+04 1.352313e+04 0.943110
3.356400 1.678875e-03 1.423956e+04 1.342912e+04 0.943086
3.362200 1.684673e-03 1.414110e+04 1.333593e+04 0.943062
3.368000 1.690482e-03 1.404349e+04 1.324354e+04 0.943038
3.373800 1.696300e-03 1.394671e+04 1.315194e+04 0.943014
3.379600 1.702128e-03 1.385077e+04 1.306113e+04 0.942990
3.385400 1.707966e-03 1.375565e+04 1.297111e+04 0.942966
3.391200 1.713814e-03 1.366134e+04 1.288185e+04 0.942942
3.397000 1.719672e-03 1.356784e+04 1.279336e+04 0.942918
3.402800 1.725539e-03 1.347513e+04 1.270562e+04 0.942894
3.408600 1.731417e-03 1.338321e+04 1.261863e+04 0.942871
3.414400 1.737305e-03 1.329207e+04 1.253239e+04 0.942847
3.420200 1.743203e-03 1.320170e+04 1.244687e+04 0.942823
3.426000 1.749110e-03 1.311210e+04 1.236208e+04 0.942800
3.431800 1.755028e-03 1.302325e+04 1.227801e+04 0.942776
3.437600 1.760956e-03 1.293516e+04 1.219465e+04 0.942753
3.443400 1.766893e-03 1.284780e+04 1.211200e+04 0.942729
3.449200 1.772840e-03 1.276118e+04 1.203004e+04 0.942706
3.455000 1.778798e-03 1.267529e+04 1.194877e+04 0.942682
3.460800 1.784765e-03 1.259011e+04 1.186818e+04 0.942659
3.466600 1.790742e-03 1.250565e+04 1.178827e+04 0.942636
3.472400 1.796730e-03 1.242189e+04 1.170903e+04 0.942612
3.478200 1.802727e-03 1.233883e+04 1.163045e+04 0.942589
3.484000 1.808734e-03 1.225646e+04 1.155252e+04 0.942566
3.489800 1.814751e-03 1.217478e+04 1.147525e+04 0.942543
3.495600 1.820778e-03 1.209377e+04 1.139862e+04 0.942520
3.501400 1.826815e-03 1.201343e+04 1.132262e+04 0.942497
3.507200 1.832861e-03 1.193376e+04 1.124725e+04 0.942474
3.513000 1.838918e-03 1.185474e+04 1.117251e+04 0.942451
3.518800 1.844985e-03 1.177638e+04 1.109839e+04 0.942428
3.524600 1.851062e-03 1.169866e+04 1.102487e+04 0.942405
3.530400 1.857148e-03 1.162158e+04 1.095197e+04 0.942382
3.536200 1.863245e-03 1.154513e+04 1.087966e+04 0.942359
3.542000 1.869351e-03 1.146930e+04 1.080794e+04 0.942336
3.547800 1.875468e-03 1.139410e+04 1.073681e+04 0.942314
3.553600 1.881594e-03 1.131951e+04 1.066627e+04 0.942291
3.559400 1.887730e-03 1.124553e+04 1.059630e+04 0.942268
3.565200 1.893876e-03 1.117214e+04 1.052690e+04 0.942245
3.571000 1.900033e-03 1.109936e+04 1.045807e+04 0.942223
3.576800 1.906199e-03 1.102716e+04 1.038980e+04 0.942200
3.582600 1.912375e-03 1.095555e+04 1.032208e+04 0.942178
3.588400 1.918561e-03 1.088452e+04 1.025490e+04 0.942155
3.594200 1.924757e-03 1.081406e+04 1.018828e+04 0.942133
3.600000 1.930962e-03 1.074416e+04 1.012219e+04 0.942110
3.605800 1.937178e-03 1.067483e+04 1.005663e+04 0.942088
3.611600 1.943404e-03 1.060606e+04 9.991603e+03 0.942066
3.617400 1.949640e-03 1.053783e+04 9.927097e+03 0.942043
3.623200 1.955885e-03 1.047016e+04 9.863109e+03 0.942021
3.629000 1.962141e-03 1.040302e+04 9.799634e+03 0.941999
3.634800 1.968406e-03 1.033642e+04 9.736667e+03 0.941977
3.640600 1.974681e-03 1.027035e+04 9.674202e+03 0.941955
3.646400 1.980967e-03 1.020480e+04 9.612236e+03 0.941932
3.652200 1.987262e-03 1.013978e+04 9.550763e+03 0.941910
3.658000 1.993567e-03 1.007527e+04 9.489779e+03 0.941888
3.663800 1.999882e-03 1.001127e+04 9.429279e+03 0.941866
3.669600 2.006207e-03 9.947778e+03 9.369258e+03 0.941844
3.675400 2.012542e-03 9.884786e+03 9.309712e+03 0.941822
3.681200 2.018887e-03 9.822290e+03 9.250637e+03 0.941800
3.687000 2.025242e-03 9.760286e+03 9.192028e+03 0.941779
3.692800 2.031607e-03 9.698768e+03 9.133880e+03 0.941757
3.698600 2.037981e-03 9.637733e+03 9.076190e+03 0.941735
3.704400 2.044366e-03 9.577175e+03 9.018952e+03 0.941713
3.710200 2.050760e-03 9.517091e+03 8.962163e+03 0.941691
3.716000 2.057165e-03 9.457476e+03 8.905819e+03 0.941670
3.721800 2.063579e-03 9.398325e+03 8.849915e+03 0.941648
3.727600 2.070003e-03 9.339634e+03 8.794447e+03 0.941626
3.733400 2.076438e-03 9.281400e+03 8.739411e+03 0.941605
3.739200 2.082882e-03 9.223617e+03 8.684804e+03 0.941583
3.745000 2.089336e-03 9.166281e+03 8.630620e+03 0.941562
3.750800 2.095800e-03 9.109389e+03 8.576857e+03 0.941540
3.756600 2.102274e-03 9.052936e+03 8.523510e+03 0.941519
3.762400 2.108758e-03 8.996918e+03 8.470575e+03 0.941497
3.768200 2.115252e-03 8.941331e+03 8.418049e+03 0.941476
3.774000 2.121755e-03 8.886171e+03 8.365928e+03 0.941455
3.779800 2.128269e-03 8.831435e+03 8.314208e+03 0.941433
3.785600 2.134792e-03 8.777118e+03 8.262885e+03 0.941412
3.791400 2.141326e-03 8.723216e+03 8.211956e+03 0.941391
3.797200 2.147869e-03 8.669726e+03 8.161417e+03 0.941370
3.803000 2.154423e-03 8.616644e+03 8.111265e+03 0.941349
3.808800 2.160986e-03 8.563967e+03 8.061496e+03 0.941327
3.814600 2.167559e-03 8.511689e+03 8.012107e+03 0.941306
3.820400 2.174142e-03 8.459809e+03 7.963093e+03 0.941285
3.826200 2.180735e-03 8.408322e+03 7.914452e+03 0.941264
3.832000 2.187338e-03 8.357225e+03 7.866180e+03 0.941243
3.837800 2.193951e-03 8.306514e+03 7.818275e+03 0.941222
3.843600 2.200574e-03 8.256185e+03 7.770732e+03 0.941201
3.849400 2.207206e-03 8.206236e+03 7.723548e+03 0.941180
3.855200 2.213849e-03 8.156663e+03 7.676720e+03 0.941159
3.861000 2.220502e-03 8.107462e+03 7.630245e+03 0.941139
3.866800 2.227164e-03 8.058630e+03 7.584120e+03 0.941118
3.872600 2.233836e-03 8.010164e+03 7.538341e+03 0.941097
3.878400 2.240519e-03 7.962060e+03 7.492906e+03 0.941076
3.884200 2.247211e-03 7.914316e+03 7.447811e+03 0.941056
3.890000 2.253913e-03 7.866928e+03 7.403053e+03 0.941035
3.895800 2.260625e-03 7.819892e+03 7.358630e+03 0.941014
3.901600 2.267347e-03 7.773206e+03 7.314537e+03 0.940994
3.907400 2.274079e-03 7.726867e+03 7.270773e+03 0.940973
3.913200 2.280821e-03 7.680872e+03 7.227335e+03 0.940952
3.919000 2.287572e-03 7.635216e+03 7.184219e+03 0.940932
3.924800 2.294334e-03 7.589899e+03 7.141423e+03 0.940911
3.930600 2.301105e-03 7.544916e+03 7.098943e+03 0.940891
3.936400 2.307887e-03 7.500264e+03 7.056777e+03 0.940871
3.942200 2.314678e-03 7.455941e+03 7.014923e+03 0.940850
3.948000 2.321479e-03 7.411943e+03 6.973377e+03 0.940830
3.953800 2.328291e-03 7.368269e+03 6.932137e+03 0.940809
3.959600 2.335112e-03 7.324914e+03 6.891200e+03 0.940789
3.965400 2.341943e-03 7.281877e+03 6.850563e+03 0.940769
3.971200 2.348784e-03 7.239154e+03 6.810224e+03 0.940749
3.977000 2.355634e-03 7.196743e+03 6.770181e+03 0.940728
3.982800 2.362495e-03 7.154641e+03 6.730429e+03 0.940708
3.988600 2.369366e-03 7.112845e+03 6.690968e+03 0.940688
3.994400 2.376246e-03 7.071352e+03 6.651795e+03 0.940668
4.000200 2.383137e-03 7.030161e+03 6.612906e+03 0.940648
4.006000 2.390037e-03 6.989267e+03 6.574300e+03 0.940628
4.011800 2.396947e-03 6.948670e+03 6.535973e+03 0.940608
4.017600 2.403868e-03 6.908366e+03 6.497925e+03 0.940588
4.023400 2.410798e-03 6.868352e+03 6.460151e+03 0.940568
4.029200 2.417738e-03 6.828627e+03 6.422651e+03 0.940548
4.035000 2.424688e-03 6.789187e+03 6.385421e+03 0.940528
4.040800 2.431647e-03 6.750031e+03 6.348459e+03 0.940508
4.046600 2.438617e-03 6.711155e+03 6.311763e+03 0.940488
4.052400 2.445597e-03 6.672558e+03 6.275330e+03 0.940468
4.058200 2.452586e-03 6.634236e+03 6.239159e+03 0.940449
4.064000 2.459586e-03 6.596189e+03 6.203247e+03 0.940429
4.069800 2.466595e-03 6.558412e+03 6.167591e+03 0.940409
4.075600 2.473614e-03 6.520905e+03 6.132190e+03 0.940390
4.081400 2.480643e-03 6.483664e+03 6.097042e+03 0.940370
4.087200 2.487682e-03 6.446687e+03 6.062144e+03 0.940350
4.093000 2.494731e-03 6.409973e+03 6.027494e+03 0.940331
4.098800 2.501790e-03 6.373519e+03 5.993090e+03 0.940311
4.104600 2.508859e-03 6.337322e+03 5.958930e+03 0.940291
4.110400 2.515938e-03 6.301381e+03 5.925012e+03 0.940272
4.116200 2.523026e-03 6.265694e+03 5.891334e+03 0.940252
4.122000 2.530125e-03 6.230257e+03 5.857893e+03 0.940233
4.127800 2.537233e-03 6.195070e+03 5.824689e+03 0.940214
4.133600 2.544351e-03 6.160130e+03 5.791718e+03 0.940194
4.139400 2.551479e-03 6.125435e+03 5.758979e+03 0.940175
4.145200 2.558618e-03 6.090982e+03 5.726470e+03 0.940155
4.151000 2.565766e-03 6.056771e+03 5.694189e+03 0.940136
4.156800 2.572923e-03 6.022798e+03 5.662134e+03 0.940117
4.162600 2.580091e-03 5.989063e+03 5.630303e+03 0.940098
4.168400 2.587269e-03 5.955562e+03 5.598694e+03 0.940078
4.174200 2.594456e-03 5.922294e+03 5.567306e+03 0.940059
4.180000 2.601654e-03 5.889257e+03 5.536137e+03 0.940040
4.185800 2.608861e-03 5.856450e+03 5.505184e+03 0.940021
4.191600 2.616078e-03 5.823869e+03 5.474446e+03 0.940002
4.197400 2.623306e-03 5.791514e+03 5.443922e+03 0.939983
4.203200 2.630543e-03 5.759382e+03 5.413608e+03 0.939963
4.209000 2.637790e-03 5.727472e+03 5.383505e+03 0.939944
4.214800 2.645046e-03 5.695781e+03 5.353609e+03 0.939925
4.220600 2.652313e-03 5.664308e+03 5.323920e+03 0.939906
4.226400 2.659590e-03 5.633052e+03 5.294435e+03 0.939887
4.232200 2.666876e-03 5.602010e+03 5.265153e+03 0.939868
4.238000 2.674173e-03 5.571181e+03 5.236072e+03 0.939850
4.243800 2.681479e-03 5.540562e+03 5.207190e+03 0.939831
4.249600 2.688795e-03 5.510153e+03 5.178507e+03 0.939812
4.255400 2.696121e-03 5.479951e+03 5.150019e+03 0.939793
4.261200 2.703457e-03 5.449954e+03 5.121727e+03 0.939774
4.267000 2.710803e-03 5.420162e+03 5.093627e+03 0.939755
4.272800 2.718159e-03 5.390572e+03 5.065719e+03 0.939737
4.278600 2.725524e-03 5.361183e+03 5.038001e+03 0.939718
4.284400 2.732900e-03 5.331994e+03 5.010471e+03 0.939699
4.290200 2.740285e-03 5.303001e+03 4.983128e+03 0.939681
4.296000 2.747681e-03 5.274205e+03 4.955970e+03 0.939662
4.301800 2.755086e-03 5.245603e+03 4.928996e+03 0.939643
4.307600 2.762501e-03 5.217193e+03 4.902204e+03 0.939625
4.313400 2.769926e-03 5.188975e+03 4.875594e+03 0.939606
4.319200 2.777361e-03 5.160947e+03 4.849162e+03 0.939588
4.325000 2.784806e-03 5.133107e+03 4.822909e+03 0.939569
4.330800 2.792260e-03 5.105453e+03 4.796832e+03 0.939551
4.336600 2.799725e-03 5.077984e+03 4.770930e+03 0.939532
4.342400 2.807199e-03 5.050700e+03 4.745202e+03 0.939514
4.348200 2.814684e-03 5.023597e+03 4.719646e+03 0.939495
4.354000 2.822178e-03 4.996675e+03 4.694262e+03 0.939477
4.359800 2.829682e-03 4.969932e+03 4.669046e+03 0.939459
4.365600 2.837196e-03 4.943367e+03 4.643999e+03 0.939440
4.371400 2.844720e-03 4.916979e+03 4.619119e+03 0.939422
4.377200 2.852253e-03 4.890766e+03 4.594404e+03 0.939404
4.383000 2.859797e-03 4.864726e+03 4.569854e+03 0.939386
4.388800 2.867350e-03 4.838859e+03 4.545466e+03 0.939367
4.394600 2.874914e-03 4.813162e+03 4.521240e+03 0.939349
4.400400 2.882487e-03 4.787635e+03 4.497174e+03 0.939331
4.406200 2.890070e-03 4.762277e+03 4.473268e+03 0.939313
4.412000 2.897663e-03 4.737085e+03 4.449519e+03 0.939295
4.417800 2.905266e-03 4.712059e+03 4.425927e+03 0.939277
4.423600 2.912879e-03 4.687197e+03 4.402490e+03 0.939259
4.429400 2.920501e-03 4.662498e+03 4.379207e+03 0.939241
4.435200 2.928134e-03 4.637960e+03 4.356077e+03 0.939223
4.441000 2.935776e-03 4.613584e+03 4.333099e+03 0.939205
4.446800 2.943429e-03 4.589366e+03 4.310271e+03 0.939187
4.452600 2.951091e-03 4.565306e+03 4.287592e+03 0.939169
4.458400 2.958763e-03 4.541403e+03 4.265062e+03 0.939151
4.464200 2.966445e-03 4.517656e+03 4.242679e+03 0.939133
4.470000 2.974137e-03 4.494063e+03 4.220441e+03 0.939115
4.475800 2.981838e-03 4.470623e+03 4.198349e+03 0.939097
4.481600 2.989550e-03 4.447334e+03 4.176399e+03 0.939079
4.487400 2.997271e-03 4.424197e+03 4.154593e+03 0.939061
4.493200 3.005003e-03 4.401209e+03 4.132927e+03 0.939044
4.499000 3.012744e-03 4.378369e+03 4.111402e+03 0.939026
4.504800 3.020495e-03 4.355677e+03 4.090016e+03 0.939008
4.510600 3.028256e-03 4.333131e+03 4.068769e+03 0.938990
4.516400 3.036027e-03 4.310730e+03 4.047658e+03 0.938973
4.522200 3.043807e-03 4.288472e+03 4.026683e+03 0.938955
4.528000 3.051598e-03 4.266358e+03 4.005843e+03 0.938938
4.533800 3.059398e-03 4.244385e+03 3.985137e+03 0.938920
4.539600 3.067208e-03 4.222552e+03 3.964564e+03 0.938902
4.545400 3.075029e-03 4.200860e+03 3.944123e+03 0.938885
4.551200 3.082859e-03 4.179305e+03 3.923813e+03 0.938867
4.557000 3.090699e-03 4.157888e+03 3.903632e+03 0.938850
4.562800 3.098548e-03 4.136608e+03 3.883581e+03 0.938832
4.568600 3.106408e-03 4.115462e+03 3.863657e+03 0.938815
4.574400 3.114277e-03 4.094451e+03 3.843860e+03 0.938797
4.580200 3.122157e-03 4.073573e+03 3.824189e+03 0.938780
4.586000 3.130046e-03 4.052828e+03 3.804643e+03 0.938763
4.591800 3.137945e-03 4.032213e+03 3.785221e+03 0.938745
4.597600 3.145854e-03 4.011729e+03 3.765922e+03 0.938728
4.603400 3.153773e-03 3.991374e+03 3.746745e+03 0.938710
4.609200 3.161702e-03 3.971148e+03 3.727689e+03 0.938693
4.615000 3.169640e-03 3.951048e+03 3.708754e+03 0.938676
4.620800 3.177589e-03 3.931075e+03 3.689938e+03 0.938659
4.626600 3.185547e-03 3.911228e+03 3.671240e+03 0.938641
4.632400 3.193515e-03 3.891505e+03 3.652661e+03 0.938624
4.638200 3.201493e-03 3.871905e+03 3.634197e+03 0.938607
4.644000 3.209481e-03 3.852428e+03 3.615850e+03 0.938590
4.649800 3.217479e-03 3.833073e+03 3.597618e+03 0.938573
4.655600 3.225486e-03 3.813839e+03 3.579500e+03 0.938556
4.661400 3.233504e-03 3.794724e+03 3.561495e+03 0.938539
4.667200 3.241531e-03 3.775728e+03 3.543602e+03 0.938521
4.673000 3.249568e-03 3.756851e+03 3.525821e+03 0.938504
4.678800 3.257616e-03 3.738090e+03 3.508151e+03 0.938487
4.684600 3.265672e-03 3.719447e+03 3.490590e+03 0.938470
4.690400 3.273739e-03 3.700918e+03 3.473139e+03 0.938453
4.696200 3.281816e-03 3.682504e+03 3.455796e+03 0.938436
4.702000 3.289902e-03 3.664204e+03 3.438561e+03 0.938419
4.707800 3.297999e-03 3.646017e+03 3.421432e+03 0.938403
4.713600 3.306105e-03 3.627942e+03 3.404409e+03 0.938386
4.719400 3.314221e-03 3.609978e+03 3.387491e+03 0.938369
4.725200 3.322347e-03 3.592125e+03 3.370677e+03 0.938352
4.731000 3.330483e-03 3.574381e+03 3.353968e+03 0.938335
4.736800 3.338628e-03 3.556746e+03 3.337360e+03 0.938318
4.742600 3.346784e-03 3.539220e+03 3.320855e+03 0.938302
4.748400 3.354949e-03 3.521800e+03 3.304452e+03 0.938285
4.754200 3.363125e-03 3.504487e+03 3.288148e+03 0.938268
4.760000 3.371310e-03 3.487280e+03 3.271945e+03 0.938251
4.765800 3.379505e-03 3.470177e+03 3.255841e+03 0.938235
4.771600 3.387709e-03 3.453179e+03 3.239835e+03 0.938218
4.777400 3.395924e-03 3.436284e+03 3.223926e+03 0.938201
4.783200 3.404148e-03 3.419492e+03 3.208115e+03 0.938185
4.789000 3.412383e-03 3.402801e+03 3.192400e+03 0.938168
4.794800 3.420627e-03 3.386212e+03 3.176780e+03 0.938151
4.800600 3.428881e-03 3.369723e+03 3.161255e+03 0.938135
4.806400 3.437145e-03 3.353334e+03 3.145824e+03 0.938118
4.812200 3.445419e-03 3.337044e+03 3.130487e+03 0.938102
4.818000 3.453702e-03 3.320852e+03 3.115243e+03 0.938085
4.823800 3.461996e-03 3.304758e+03 3.100090e+03 0.938069
4.829600 3.470299e-03 3.288760e+03 3.085029e+03 0.938052
4.835400 3.478612e-03 3.272859e+03 3.070059e+03 0.938036
4.841200 3.486935e-03 3.257053e+03 3.055179e+03 0.938020
4.847000 3.495268e-03 3.241342e+03 3.040389e+03 0.938003
4.852800 3.503611e-03 3.225725e+03 3.025687e+03 0.937987
4.858600 3.511963e-03 3.210201e+03 3.011074e+03 0.937970
4.864400 3.520325e-03 3.194770e+03 2.996548e+03 0.937954
4.870200 3.528698e-03 3.179431e+03 2.982109e+03 0.937938
4.876000 3.537080e-03 3.164184e+03 2.967756e+03 0.937921
4.881800 3.545472e-03 3.149028e+03 2.953489e+03 0.937905
4.887600 3.553873e-03 3.133961e+03 2.939307e+03 0.937889
4.893400 3.562285e-03 3.118984e+03 2.925210e+03 0.937873
4.899200 3.570706e-03 3.104096e+03 2.911197e+03 0.937857
4.905000 3.579138e-03 3.089296e+03 2.897266e+03 0.937840
4.910800 3.587579e-03 3.074584e+03 2.883419e+03 0.937824
4.916600 3.596030e-03 3.059958e+03 2.869654e+03 0.937808
4.922400 3.604491e-03 3.045419e+03 2.855970e+03 0.937792
4.928200 3.612961e-03 3.030966e+03 2.842367e+03 0.937776
4.934000 3.621442e-03 3.016598e+03 2.828844e+03 0.937760
4.939800 3.629932e-03 3.002315e+03 2.815401e+03 0.937744
4.945600 3.638432e-03 2.988115e+03 2.802038e+03 0.937728
4.951400 3.646942e-03 2.973999e+03 2.788753e+03 0.937712
4.957200 3.655462e-03 2.959965e+03 2.775546e+03 0.937696
4.963000 3.663992e-03 2.946014e+03 2.762417e+03 0.937680
4.968800 3.672531e-03 2.932145e+03 2.749365e+03 0.937664
4.974600 3.681081e-03 2.918356e+03 2.736390e+03 0.937648
4.980400 3.689640e-03 2.904648e+03 2.723490e+03 0.937632
4.986200 3.698209e-03 2.891020e+03 2.710666e+03 0.937616
4.992000 3.706788e-03 2.877471e+03 2.697916e+03 0.937600
4.997800 3.715376e-03 2.864001e+03 2.685242e+03 0.937584
5.003600 3.723975e-03 2.850609e+03 2.672640e+03 0.937568
5.009400 3.732583e-03 2.837295e+03 2.660113e+03 0.937552
5.015200 3.741202e-03 2.824058e+03 2.647658e+03 0.937537
5.021000 3.749830e-03 2.810898e+03 2.635275e+03 0.937521
5.026800 3.758468e-03 2.797814e+03 2.622965e+03 0.937505
5.032600 3.767115e-03 2.784805e+03 2.610725e+03 0.937489
5.038400 3.775773e-03 2.771872e+03 2.598557e+03 0.937474
5.044200 3.784440e-03 2.759013e+03 2.586458e+03 0.937458
5.050000 3.793117e-03 2.746228e+03 2.574430e+03 0.937442
5.055800 3.801804e-03 2.733517e+03 2.562471e+03 0.937426
5.061600 3.810501e-03 2.720879e+03 2.550581e+03 0.937411
5.067400 3.819208e-03 2.708313e+03 2.538759e+03 0.937395
5.073200 3.827924e-03 2.695819e+03 2.527006e+03 0.937380
5.079000 3.836651e-03 2.683397e+03 2.515319e+03 0.937364
5.084800 3.845387e-03 2.671045e+03 2.503700e+03 0.937348
5.090600 3.854133e-03 2.658765e+03 2.492148e+03 0.937333
5.096400 3.862889e-03 2.646554e+03 2.480661e+03 0.937317
5.102200 3.871655e-03 2.634413e+03 2.469240e+03 0.937302
5.108000 3.880430e-03 2.622341e+03 2.457884e+03 0.937286
5.113800 3.889215e-03 2.610338e+03 2.446593e+03 0.937271
5.119600 3.898010e-03 2.598403e+03 2.435367e+03 0.937255
5.125400 3.906815e-03 2.586535e+03 2.424204e+03 0.937240
5.131200 3.915630e-03 2.574735e+03 2.413105e+03 0.937224
5.137000 3.924455e-03 2.563002e+03 2.402069e+03 0.937209
5.142800 3.933289e-03 2.551335e+03 2.391095e+03 0.937194
5.148600 3.942134e-03 2.539734e+03 2.380183e+03 0.937178
5.154400 3.950988e-03 2.528198e+03 2.369334e+03 0.937163
5.160200 3.959851e-03 2.516727e+03 2.358545e+03 0.937148
5.166000 3.968725e-03 2.505321e+03 2.347818e+03 0.937132
5.171800 3.977609e-03 2.493979e+03 2.337151e+03 0.937117
5.177600 3.986502e-03 2.482701e+03 2.326544e+03 0.937102
5.183400 3.995405e-03 2.471486e+03 2.315996e+03 0.937087
5.189200 4.004318e-03 2.460334e+03 2.305508e+03 0.937071
5.195000 4.013241e-03 2.449244e+03 2.295079e+03 0.937056
5.200800 4.022174e-03 2.438217e+03 2.284709e+03 0.937041
5.206600 4.031116e-03 2.427251e+03 2.274396e+03 0.937026
5.212400 4.040069e-03 2.416346e+03 2.264141e+03 0.937010
5.218200 4.049031e-03 2.405502e+03 2.253944e+03 0.936995
5.224000 4.058003e-03 2.394718e+03 2.243804e+03 0.936980
5.229800 4.066984e-03 2.383994e+03 2.233720e+03 0.936965
5.235600 4.075976e-03 2.373330e+03 2.223692e+03 0.936950
5.241400 4.084977e-03 2.362725e+03 2.213720e+03 0.936935
5.247200 4.093988e-03 2.352179e+03 2.203803e+03 0.936920
5.253000 4.103009e-03 2.341691e+03 2.193942e+03 0.936905
5.258800 4.112040e-03 2.331261e+03 2.184135e+03 0.936890
5.264600 4.121081e-03 2.320889e+03 2.174383e+03 0.936875
5.270400 4.130131e-03 2.310574e+03 2.164684e+03 0.936860
5.276200 4.139191e-03 2.300316e+03 2.155039e+03 0.936845
5.282000 4.148261e-03 2.290115e+03 2.145448e+03 0.936830
5.287800 4.157341e-03 2.279969e+03 2.135909e+03 0.936815
5.293600 4.166431e-03 2.269879e+03 2.126423e+03 0.936800
5.299400 4.175530e-03 2.259845e+03 2.116989e+03 0.936785
5.305200 4.184640e-03 2.249866e+03 2.107607e+03 0.936770
5.311000 4.193759e-03 2.239941e+03 2.098277e+03 0.936755
5.316800 4.202888e-03 2.230071e+03 2.088998e+03 0.936741
5.322600 4.212026e-03 2.220254e+03 2.079770e+03 0.936726
5.328400 4.221175e-03 2.210492e+03 2.070592e+03 0.936711
5.334200 4.230333e-03 2.200782e+03 2.061464e+03 0.936696
5.340000 4.239501e-03 2.191125e+03 2.052386e+03 0.936681
5.345800 4.248679e-03 2.181521e+03 2.043358e+03 0.936667
5.351600 4.257867e-03 2.171969e+03 2.034379e+03 0.936652
5.357400 4.267065e-03 2.162469e+03 2.025449e+03 0.936637
5.363200 4.276272e-03 2.153021e+03 2.016568e+03 0.936622
5.369000 4.285489e-03 2.143623e+03 2.007734e+03 0.936608
5.374800 4.294716e-03 2.134277e+03 1.998949e+03 0.936593
5.380600 4.303953e-03 2.124981e+03 1.990212e+03 0.936578
5.386400 4.313199e-03 2.115735e+03 1.981521e+03 0.936564
5.392200 4.322456e-03 2.106540e+03 1.972878e+03 0.936549
5.398000 4.331722e-03 2.097393e+03 1.964282e+03 0.936535
5.403800 4.340998e-03 2.088296e+03 1.955731e+03 0.936520
5.409600 4.350284e-03 2.079248e+03 1.947227e+03 0.936505
5.415400 4.359579e-03 2.070249e+03 1.938769e+03 0.936491
5.421200 4.368885e-03 2.061298e+03 1.930357e+03 0.936476
5.427000 4.378200e-03 2.052395e+03 1.921989e+03 0.936462
5.432800 4.387525e-03 2.043539e+03 1.913667e+03 0.936447
5.438600 4.396859e-03 2.034731e+03 1.905389e+03 0.936433
5.444400 4.406204e-03 2.025970e+03 1.897156e+03 0.936418
5.450200 4.415558e-03 2.017256e+03 1.888966e+03 0.936404
5.456000 4.424923e-03 2.008588e+03 1.880821e+03 0.936390
5.461800 4.434297e-03 1.999966e+03 1.872719e+03 0.936375
5.467600 4.443680e-03 1.991391e+03 1.864660e+03 0.936361
5.473400 4.453074e-03 1.982861e+03 1.856644e+03 0.936346
5.479200 4.462477e-03 1.974376e+03 1.848671e+03 0.936332
5.485000 4.471890e-03 1.965936e+03 1.840741e+03 0.936318
5.490800 4.481313e-03 1.957541e+03 1.832852e+03 0.936303
5.496600 4.490746e-03 1.949190e+03 1.825005e+03 0.936289
5.502400 4.500188e-03 1.940884e+03 1.817200e+03 0.936275
5.508200 4.509641e-03 1.932621e+03 1.809437e+03 0.936260
5.514000 4.519103e-03 1.924402e+03 1.801714e+03 0.936246
5.519800 4.528575e-03 1.916227e+03 1.794033e+03 0.936232
5.525600 4.538056e-03 1.908094e+03 1.786391e+03 0.936218
5.531400 4.547548e-03 1.900004e+03 1.778791e+03 0.936203
5.537200 4.557049e-03 1.891957e+03 1.771230e+03 0.936189
5.543000 4.566560e-03 1.883952e+03 1.763709e+03 0.936175
5.548800 4.576081e-03 1.875989e+03 1.756228e+03 0.936161
5.554600 4.585611e-03 1.868068e+03 1.748786e+03 0.936147
5.560400 4.595152e-03 1.860188e+03 1.741383e+03 0.936133
5.566200 4.604702e-03 1.852349e+03 1.734018e+03 0.936119
5.572000 4.614262e-03 1.844552e+03 1.726693e+03 0.936104
5.577800 4.623832e-03 1.836795e+03 1.719406e+03 0.936090
5.583600 4.633411e-03 1.829078e+03 1.712157e+03 0.936076
5.589400 4.643001e-03 1.821402e+03 1.704945e+03 0.936062
5.595200 4.652600e-03 1.813765e+03 1.697772e+03 0.936048
5.601000 4.662209e-03 1.806169e+03 1.690635e+03 0.936034
5.606800 4.671827e-03 1.798611e+03 1.683536e+03 0.936020
5.612600 4.681456e-03 1.791093e+03 1.676474e+03 0.936006
5.618400 4.691094e-03 1.783614e+03 1.669449e+03 0.935992
5.624200 4.700742e-03 1.776173e+03 1.662460e+03 0.935978
5.630000 4.710400e-03 1.768772e+03 1.655507e+03 0.935964
5.635800 4.720067e-03 1.761408e+03 1.648590e+03 0.935950
5.641600 4.729745e-03 1.754082e+03 1.641709e+03 0.935936
5.647400 4.739432e-03 1.746794e+03 1.634864e+03 0.935922
5.653200 4.749129e-03 1.739544e+03 1.628054e+03 0.935909
5.659000 4.758835e-03 1.732330e+03 1.621279e+03 0.935895
5.664800 4.768552e-03 1.725154e+03 1.614539e+03 0.935881
5.670600 4.778278e-03 1.718015e+03 1.607834e+03 0.935867
5.676400 4.788014e-03 1.710912e+03 1.601163e+03 0.935853
5.682200 4.797760e-03 1.703846e+03 1.594526e+03 0.935839
5.688000 4.807515e-03 1.696816e+03 1.587924e+03 0.935826
5.693800 4.817281e-03 1.689822e+03 1.581355e+03 0.935812
5.699600 4.827056e-03 1.682864e+03 1.574820e+03 0.935798
5.705400 4.836841e-03 1.675941e+03 1.568319e+03 0.935784
5.711200 4.846635e-03 1.669053e+03 1.561851e+03 0.935771
5.717000 4.856440e-03 1.662200e+03 1.555416e+03 0.935757
5.722800 4.866254e-03 1.655383e+03 1.549013e+03 0.935743
5.728600 4.876078e-03 1.648600e+03 1.542644e+03 0.935730
5.734400 4.885912e-03 1.641851e+03 1.536306e+03 0.935716
5.740200 4.895755e-03 1.635137e+03 1.530001e+03 0.935702
5.746000 4.905608e-03 1.628457e+03 1.523728e+03 0.935689
5.751800 4.915472e-03 1.621810e+03 1.517487e+03 0.935675
5.757600 4.925344e-03 1.615197e+03 1.511278e+03 0.935661
5.763400 4.935227e-03 1.608618e+03 1.505100e+03 0.935648
5.769200 4.945119e-03 1.602071e+03 1.498953e+03 0.935634
5.775000 4.955021e-03 1.595558e+03 1.492837e+03 0.935621
5.780800 4.964933e-03 1.589078e+03 1.486752e+03 0.935607
5.786600 4.974855e-03 1.582630e+03 1.480698e+03 0.935594
5.792400 4.984786e-03 1.576214e+03 1.474675e+03 0.935580
5.798200 4.994728e-03 1.569831e+03 1.468682e+03 0.935567
5.804000 5.004678e-03 1.563480e+03 1.462718e+03 0.935553
5.809800 5.014639e-03 1.557161e+03 1.456785e+03 0.935540
5.815600 5.024610e-03 1.550873e+03 1.450882e+03 0.935526
5.821400 5.034590e-03 1.544617e+03 1.445009e+03 0.935513
5.827200 5.044580e-03 1.538392e+03 1.439164e+03 0.935499
5.833000 5.054580e-03 1.532198e+03 1.433349e+03 0.935486
5.838800 5.064589e-03 1.526035e+03 1.427564e+03 0.935472
5.844600 5.074608e-03 1.519903e+03 1.421807e+03 0.935459
5.850400 5.084637e-03 1.513801e+03 1.416078e+03 0.935446
5.856200 5.094676e-03 1.507729e+03 1.410379e+03 0.935432
5.862000 5.104725e-03 1.501688e+03 1.404708e+03 0.935419
5.867800 5.114783e-03 1.495677e+03 1.399065e+03 0.935406
5.873600 5.124851e-03 1.489695e+03 1.393450e+03 0.935392
5.879400 5.134929e-03 1.483743e+03 1.387863e+03 0.935379
5.885200 5.145017e-03 1.477821e+03 1.382303e+03 0.935366
5.891000 5.155114e-03 1.471928e+03 1.376772e+03 0.935353
5.896800 5.165221e-03 1.466064e+03 1.371267e+03 0.935339
5.902600 5.175338e-03 1.460229e+03 1.365790e+03 0.935326
5.908400 5.185465e-03 1.454423e+03 1.360340e+03 0.935313
5.914200 5.195601e-03 1.448645e+03 1.354917e+03 0.935300
5.920000 5.205747e-03 1.442896e+03 1.349521e+03 0.935286
5.925800 5.215903e-03 1.437175e+03 1.344151e+03 0.935273
5.931600 5.226068e-03 1.431482e+03 1.338808e+03 0.935260
5.937400 5.236244e-03 1.425817e+03 1.333491e+03 0.935247
5.943200 5.246429e-03 1.420180e+03 1.328200e+03 0.935234
5.949000 5.256624e-03 1.414570e+03 1.322935e+03 0.935221
5.954800 5.266828e-03 1.408988e+03 1.317696e+03 0.935208
5.960600 5.277043e-03 1.403433e+03 1.312483e+03 0.935194
5.966400 5.287267e-03 1.397905e+03 1.307295e+03 0.935181
5.972200 5.297501e-03 1.392404e+03 1.302132e+03 0.935168
5.978000 5.307744e-03 1.386930e+03 1.296995e+03 0.935155
5.983800 5.317998e-03 1.381483e+03 1.291883e+03 0.935142
5.989600 5.328261e-03 1.376062e+03 1.286796e+03 0.935129
5.995400 5.338534e-03 1.370668e+03 1.281733e+03 0.935116
6.001200 5.348816e-03 1.365299e+03 1.276696e+03 0.935103
6.007000 5.359109e-03 1.359957e+03 1.271682e+03 0.935090
6.012800 5.369411e-03 1.354641e+03 1.266694e+03 0.935077
6.018600 5.379722e-03 1.349350e+03 1.261729e+03 0.935064
6.024400 5.390044e-03 1.344085e+03 1.256788e+03 0.935051
6.030200 5.400375e-03 1.338845e+03 1.251872e+03 0.935038
6.036000 5.410716e-03 1.333631e+03 1.246979e+03 0.935025
6.041800 5.421067e-03 1.328442e+03 1.242110e+03 0.935013
6.047600 5.431428e-03 1.323278e+03 1.237264e+03 0.935000
6.053400 5.441798e-03 1.318138e+03 1.232442e+03 0.934987
6.059200 5.452178e-03 1.313024e+03 1.227643e+03 0.934974
6.065000 5.462568e-03 1.307934e+03 1.222867e+03 0.934961
6.070800 5.472967e-03 1.302868e+03 1.218114e+03 0.934948
6.076600 5.483376e-03 1.297827e+03 1.213384e+03 0.934935
6.082400 5.493795e-03 1.292809e+03 1.208677e+03 0.934923
6.088200 5.504224e-03 1.287816e+03 1.203992e+03 0.934910
6.094000 5.514663e-03 1.282847e+03 1.199330e+03 0.934897
6.099800 5.525111e-03 1.277901e+03 1.194690e+03 0.934884
6.105600 5.535569e-03 1.272979e+03 1.190072e+03 0.934872
6.111400 5.546036e-03 1.268081e+03 1.185477e+03 0.934859
6.117200 5.556514e-03 1.263206e+03 1.180903e+03 0.934846
6.123000 5.567001e-03 1.258354e+03 1.176351e+03 0.934833
6.128800 5.577498e-03 1.253525e+03 1.171821e+03 0.934821
6.134600 5.588004e-03 1.248719e+03 1.167313e+03 0.934808
6.140400 5.598520e-03 1.243936e+03 1.162825e+03 0.934795
6.146200 5.609046e-03 1.239176e+03 1.158360e+03 0.934783
6.152000 5.619582e-03 1.234438e+03 1.153915e+03 0.934770
6.157800 5.630128e-03 1.229722e+03 1.149492e+03 0.934757
6.163600 5.640683e-03 1.225029e+03 1.145089e+03 0.934745
6.169400 5.651248e-03 1.220358e+03 1.140708e+03 0.934732
6.175200 5.661823e-03 1.215709e+03 1.136347e+03 0.934720
6.181000 5.672407e-03 1.211082e+03 1.132007e+03 0.934707
6.186800 5.683001e-03 1.206477e+03 1.127687e+03 0.934694
6.192600 5.693605e-03 1.201893e+03 1.123388e+03 0.934682
6.198400 5.704218e-03 1.197331e+03 1.119109e+03 0.934669
6.204200 5.714842e-03 1.192791e+03 1.114850e+03 0.934657
6.210000 5.725475e-03 1.188271e+03 1.110611e+03 0.934644
6.215800 5.736118e-03 1.183773e+03 1.106392e+03 0.934632
6.221600 5.746770e-03 1.179296e+03 1.102193e+03 0.934619
6.227400 5.757432e-03 1.174840e+03 1.098014e+03 0.934607
6.233200 5.768104e-03 1.170405e+03 1.093854e+03 0.934594
6.239000 5.778786e-03 1.165991e+03 1.089714e+03 0.934582
6.244800 5.789477e-03 1.161597e+03 1.085593e+03 0.934569
6.250600 5.800178e-03 1.157223e+03 1.081491e+03 0.934557
6.256400 5.810889e-03 1.152870e+03 1.077409e+03 0.934545
6.262200 5.821609e-03 1.148538e+03 1.073345e+03 0.934532
6.268000 5.832340e-03 1.144225e+03 1.069301e+03 0.934520
6.273800 5.843080e-03 1.139932e+03 1.065275e+03 0.934507
6.279600 5.853829e-03 1.135660e+03 1.061269e+03 0.934495
6.285400 5.864589e-03 1.131407e+03 1.057280e+03 0.934483
6.291200 5.875358e-03 1.127174e+03 1.053311e+03 0.934470
6.297000 5.886137e-03 1.122960e+03 1.049360e+03 0.934458
6.302800 5.896925e-03 1.118766e+03 1.045427e+03 0.934446
6.308600 5.907723e-03 1.114592e+03 1.041512e+03 0.934434
6.314400 5.918531e-03 1.110436e+03 1.037615e+03 0.934421
6.320200 5.929349e-03 1.106300e+03 1.033737e+03 0.934409
6.326000 5.940176e-03 1.102183e+03 1.029876e+03 0.934397
6.331800 5.951014e-03 1.098085e+03 1.026034e+03 0.934384
6.337600 5.961860e-03 1.094006e+03 1.022209e+03 0.934372
6.343400 5.972717e-03 1.089945e+03 1.018401e+03 0.934360
6.349200 5.983583e-03 1.085903e+03 1.014611e+03 0.934348
6.355000 5.994459e-03 1.081880e+03 1.010839e+03 0.934336
6.360800 6.005345e-03 1.077875e+03 1.007084e+03 0.934323
6.366600 6.016240e-03 1.073888e+03 1.003346e+03 0.934311
6.372400 6.027145e-03 1.069920e+03 9.996254e+02 0.934299
6.378200 6.038060e-03 1.065970e+03 9.959218e+02 0.934287
6.384000 6.048984e-03 1.062038e+03 9.922351e+02 0.934275
6.389800 6.059919e-03 1.058123e+03 9.885653e+02 0.934263
6.395600 6.070862e-03 1.054227e+03 9.849123e+02 0.934251
6.401400 6.081816e-03 1.050349e+03 9.812760e+02 0.934239
6.407200 6.092779e-03 1.046488e+03 9.776563e+02 0.934226
6.413000 6.103752e-03 1.042644e+03 9.740532e+02 0.934214
6.418800 6.114735e-03 1.038818e+03 9.704664e+02 0.934202
6.424600 6.125727e-03 1.035010e+03 9.668959e+02 0.934190
6.430400 6.136729e-03 1.031218e+03 9.633417e+02 0.934178
6.436200 6.147741e-03 1.027444e+03 9.598037e+02 0.934166
6.442000 6.158763e-03 1.023687e+03 9.562817e+02 0.934154
6.447800 6.169794e-03 1.019947e+03 9.527757e+02 0.934142
6.453600 6.180835e-03 1.016224e+03 9.492855e+02 0.934130
6.459400 6.191885e-03 1.012518e+03 9.458112e+02 0.934118
6.465200 6.202946e-03 1.008828e+03 9.423526e+02 0.934106
6.471000 6.214016e-03 1.005155e+03 9.389096e+02 0.934094
6.476800 6.225095e-03 1.001499e+03 9.354822e+02 0.934082
6.482600 6.236185e-03 9.978586e+02 9.320703e+02 0.934070
6.488400 6.247284e-03 9.942350e+02 9.286737e+02 0.934059
6.494200 6.258393e-03 9.906276e+02 9.252924e+02 0.934047
6.500000 6.269511e-03 9.870365e+02 9.219264e+02 0.934035
