0.500000 3.358099e-04 3.237545e+06 3.055236e+06 0.943689
0.506000 3.439170e-04 3.086572e+06 2.912117e+06 0.943479
0.512000 3.521207e-04 2.944293e+06 2.777270e+06 0.943272
0.518000 3.604210e-04 2.810115e+06 2.650127e+06 0.943067
0.524000 3.688181e-04 2.683490e+06 2.530168e+06 0.942865
0.530000 3.773118e-04 2.563914e+06 2.416911e+06 0.942665
0.536000 3.859021e-04 2.450922e+06 2.309912e+06 0.942467
0.542000 3.945892e-04 2.344082e+06 2.208760e+06 0.942271
0.548000 4.033728e-04 2.242998e+06 2.113078e+06 0.942077
0.554000 4.122532e-04 2.147302e+06 2.022513e+06 0.941886
0.560000 4.212302e-04 2.056652e+06 1.936742e+06 0.941696
0.566000 4.303038e-04 1.970733e+06 1.855463e+06 0.941509
0.572000 4.394741e-04 1.889252e+06 1.778397e+06 0.941324
0.578000 4.487411e-04 1.811936e+06 1.705286e+06 0.941140
0.584000 4.581047e-04 1.738532e+06 1.635887e+06 0.940959
0.590000 4.675650e-04 1.668806e+06 1.569978e+06 0.940779
0.596000 4.771219e-04 1.602538e+06 1.507349e+06 0.940601
0.602000 4.867754e-04 1.539525e+06 1.447808e+06 0.940425
0.608000 4.965256e-04 1.479577e+06 1.391174e+06 0.940251
0.614000 5.063725e-04 1.422516e+06 1.337277e+06 0.940078
0.620000 5.163159e-04 1.368178e+06 1.285961e+06 0.939907
0.626000 5.263561e-04 1.316408e+06 1.237079e+06 0.939738
0.632000 5.364928e-04 1.267062e+06 1.190495e+06 0.939571
0.638000 5.467262e-04 1.220005e+06 1.146079e+06 0.939405
0.644000 5.570563e-04 1.175111e+06 1.103711e+06 0.939240
0.650000 5.674829e-04 1.132261e+06 1.063281e+06 0.939077
0.656000 5.780062e-04 1.091345e+06 1.024681e+06 0.938916
0.662000 5.886262e-04 1.052259e+06 9.878147e+05 0.938756
0.668000 5.993427e-04 1.014906e+06 9.525885e+05 0.938597
0.674000 6.101559e-04 9.791949e+05 9.189159e+05 0.938440
0.680000 6.210657e-04 9.450390e+05 8.867156e+05 0.938285
0.686000 6.320722e-04 9.123582e+05 8.559109e+05 0.938130
0.692000 6.431752e-04 8.810767e+05 8.264300e+05 0.937977
0.698000 6.543749e-04 8.511233e+05 7.982053e+05 0.937826
0.704000 6.656712e-04 8.224308e+05 7.711731e+05 0.937675
0.710000 6.770641e-04 7.949361e+05 7.452736e+05 0.937526
0.716000 6.885537e-04 7.685798e+05 7.204503e+05 0.937379
0.722000 7.001398e-04 7.433057e+05 6.966500e+05 0.937232
0.728000 7.118226e-04 7.190611e+05 6.738226e+05 0.937087
0.734000 7.236019e-04 6.957959e+05 6.519209e+05 0.936943
0.740000 7.354779e-04 6.734631e+05 6.309001e+05 0.936800
0.746000 7.474505e-04 6.520183e+05 6.107182e+05 0.936658
0.752000 7.595197e-04 6.314194e+05 5.913353e+05 0.936517
0.758000 7.716855e-04 6.116267e+05 5.727138e+05 0.936378
0.764000 7.839479e-04 5.926027e+05 5.548181e+05 0.936240
0.770000 7.963068e-04 5.743118e+05 5.376146e+05 0.936102
0.776000 8.087624e-04 5.567204e+05 5.210714e+05 0.935966
0.782000 8.213146e-04 5.397966e+05 5.051584e+05 0.935831
0.788000 8.339634e-04 5.235104e+05 4.898469e+05 0.935697
0.794000 8.467087e-04 5.078330e+05 4.751101e+05 0.935564
0.800000 8.595507e-04 4.927374e+05 4.609221e+05 0.935432
0.806000 8.724892e-04 4.781979e+05 4.472587e+05 0.935300
0.812000 8.855243e-04 4.641901e+05 4.340968e+05 0.935170
0.818000 8.986560e-04 4.506908e+05 4.214144e+05 0.935041
0.824000 9.118843e-04 4.376780e+05 4.091909e+05 0.934913
0.830000 9.252091e-04 4.251310e+05 3.974064e+05 0.934786
0.836000 9.386306e-04 4.130298e+05 3.860422e+05 0.934659
0.842000 9.521486e-04 4.013555e+05 3.750804e+05 0.934534
0.848000 9.657631e-04 3.900902e+05 3.645040e+05 0.934409
0.854000 9.794743e-04 3.792169e+05 3.542970e+05 0.934286
0.860000 9.932820e-04 3.687193e+05 3.444440e+05 0.934163
0.866000 1.007186e-03 3.585819e+05 3.349303e+05 0.934041
0.872000 1.021187e-03 3.487901e+05 3.257421e+05 0.933920
0.878000 1.035285e-03 3.393297e+05 3.168661e+05 0.933800
0.884000 1.049478e-03 3.301875e+05 3.082896e+05 0.933681
0.890000 1.063769e-03 3.213506e+05 3.000007e+05 0.933562
0.896000 1.078156e-03 3.128069e+05 2.919878e+05 0.933444
0.902000 1.092640e-03 3.045449e+05 2.842400e+05 0.933327
0.908000 1.107220e-03 2.965534e+05 2.767469e+05 0.933211
0.914000 1.121897e-03 2.888219e+05 2.694985e+05 0.933096
0.920000 1.136670e-03 2.813404e+05 2.624852e+05 0.932981
0.926000 1.151540e-03 2.740992e+05 2.556981e+05 0.932867
0.932000 1.166506e-03 2.670890e+05 2.491283e+05 0.932754
0.938000 1.181569e-03 2.603012e+05 2.427677e+05 0.932642
0.944000 1.196728e-03 2.537273e+05 2.366083e+05 0.932530
0.950000 1.211984e-03 2.473593e+05 2.306424e+05 0.932419
0.956000 1.227337e-03 2.411894e+05 2.248630e+05 0.932309
0.962000 1.242786e-03 2.352104e+05 2.192629e+05 0.932199
0.968000 1.258331e-03 2.294152e+05 2.138357e+05 0.932090
0.974000 1.273973e-03 2.237971e+05 2.085748e+05 0.931982
0.980000 1.289712e-03 2.183496e+05 2.034744e+05 0.931874
0.986000 1.305547e-03 2.130665e+05 1.985285e+05 0.931768
0.992000 1.321479e-03 2.079420e+05 1.937315e+05 0.931661
0.998000 1.337507e-03 2.029703e+05 1.890782e+05 0.931556
1.004000 1.353631e-03 1.981460e+05 1.845633e+05 0.931451
1.010000 1.369853e-03 1.934640e+05 1.801820e+05 0.931347
1.016000 1.386170e-03 1.889191e+05 1.759296e+05 0.931243
1.022000 1.402584e-03 1.845067e+05 1.718016e+05 0.931140
1.028000 1.419095e-03 1.802221e+05 1.677935e+05 0.931037
1.034000 1.435702e-03 1.760609e+05 1.639014e+05 0.930936
1.040000 1.452406e-03 1.720189e+05 1.601211e+05 0.930834
1.046000 1.469206e-03 1.680919e+05 1.564488e+05 0.930734
1.052000 1.486103e-03 1.642762e+05 1.528810e+05 0.930634
1.058000 1.503096e-03 1.605679e+05 1.494139e+05 0.930534
1.064000 1.520185e-03 1.569634e+05 1.460443e+05 0.930435
1.070000 1.537371e-03 1.534593e+05 1.427688e+05 0.930337
1.076000 1.554654e-03 1.500522e+05 1.395844e+05 0.930239
1.082000 1.572033e-03 1.467389e+05 1.364880e+05 0.930142
1.088000 1.589508e-03 1.435164e+05 1.334767e+05 0.930045
1.094000 1.607080e-03 1.403816e+05 1.305478e+05 0.929949
1.100000 1.624749e-03 1.373318e+05 1.276985e+05 0.929854
1.106000 1.642514e-03 1.343642e+05 1.249262e+05 0.929758
1.112000 1.660375e-03 1.314761e+05 1.222286e+05 0.929664
1.118000 1.678333e-03 1.286650e+05 1.196031e+05 0.929570
1.124000 1.696387e-03 1.259285e+05 1.170475e+05 0.929476
1.130000 1.714538e-03 1.232641e+05 1.145596e+05 0.929383
1.136000 1.732785e-03 1.206697e+05 1.121372e+05 0.929291
1.142000 1.751129e-03 1.181430e+05 1.097783e+05 0.929199
1.148000 1.769569e-03 1.156820e+05 1.074809e+05 0.929107
1.154000 1.788105e-03 1.132845e+05 1.052431e+05 0.929016
1.160000 1.806738e-03 1.109487e+05 1.030630e+05 0.928926
1.166000 1.825468e-03 1.086726e+05 1.009389e+05 0.928835
1.172000 1.844294e-03 1.064544e+05 9.886906e+04 0.928746
1.178000 1.863216e-03 1.042924e+05 9.685180e+04 0.928657
1.184000 1.882235e-03 1.021848e+05 9.488554e+04 0.928568
1.190000 1.901350e-03 1.001301e+05 9.296875e+04 0.928480
1.196000 1.920561e-03 9.812660e+04 9.109995e+04 0.928392
1.202000 1.939869e-03 9.617285e+04 8.927770e+04 0.928305
1.208000 1.959274e-03 9.426735e+04 8.750062e+04 0.928218
1.214000 1.978774e-03 9.240868e+04 8.576738e+04 0.928131
1.220000 1.998372e-03 9.059546e+04 8.407668e+04 0.928045
1.226000 2.018065e-03 8.882637e+04 8.242729e+04 0.927960
1.232000 2.037855e-03 8.710014e+04 8.081799e+04 0.927874
1.238000 2.057742e-03 8.541551e+04 7.924763e+04 0.927790
1.244000 2.077724e-03 8.377130e+04 7.771509e+04 0.927705
1.250000 2.097804e-03 8.216635e+04 7.621927e+04 0.927621
1.256000 2.117979e-03 8.059953e+04 7.475913e+04 0.927538
1.262000 2.138251e-03 7.906978e+04 7.333365e+04 0.927455
1.268000 2.158620e-03 7.757603e+04 7.194185e+04 0.927372
1.274000 2.179084e-03 7.611729e+04 7.058279e+04 0.927290
1.280000 2.199645e-03 7.469256e+04 6.925554e+04 0.927208
1.286000 2.220303e-03 7.330092e+04 6.795922e+04 0.927126
1.292000 2.241057e-03 7.194143e+04 6.669297e+04 0.927045
1.298000 2.261907e-03 7.061321e+04 6.545595e+04 0.926965
1.304000 2.282854e-03 6.931541e+04 6.424736e+04 0.926884
1.310000 2.303897e-03 6.804719e+04 6.306643e+04 0.926804
1.316000 2.325036e-03 6.680775e+04 6.191239e+04 0.926725
1.322000 2.346272e-03 6.559631e+04 6.078452e+04 0.926645
1.328000 2.367604e-03 6.441212e+04 5.968211e+04 0.926567
1.334000 2.389032e-03 6.325443e+04 5.860448e+04 0.926488
1.340000 2.410557e-03 6.212256e+04 5.755095e+04 0.926410
1.346000 2.432178e-03 6.101580e+04 5.652089e+04 0.926332
1.352000 2.453895e-03 5.993349e+04 5.551368e+04 0.926255
1.358000 2.475709e-03 5.887499e+04 5.452870e+04 0.926178
1.364000 2.497619e-03 5.783968e+04 5.356538e+04 0.926101
1.370000 2.519625e-03 5.682694e+04 5.262314e+04 0.926024
1.376000 2.541728e-03 5.583620e+04 5.170144e+04 0.925948
1.382000 2.563927e-03 5.486687e+04 5.079974e+04 0.925873
1.388000 2.586222e-03 5.391842e+04 4.991753e+04 0.925797
1.394000 2.608614e-03 5.299029e+04 4.905430e+04 0.925722
1.400000 2.631102e-03 5.208198e+04 4.820956e+04 0.925648
1.406000 2.653686e-03 5.119297e+04 4.738284e+04 0.925573
1.412000 2.676367e-03 5.032278e+04 4.657369e+04 0.925499
1.418000 2.699144e-03 4.947093e+04 4.578166e+04 0.925425
1.424000 2.722017e-03 4.863696e+04 4.500631e+04 0.925352
1.430000 2.744986e-03 4.782043e+04 4.424723e+04 0.925279
1.436000 2.768052e-03 4.702089e+04 4.350402e+04 0.925206
1.442000 2.791214e-03 4.623793e+04 4.277626e+04 0.925134
1.448000 2.814473e-03 4.547113e+04 4.206359e+04 0.925062
1.454000 2.837827e-03 4.472010e+04 4.136563e+04 0.924990
1.460000 2.861278e-03 4.398445e+04 4.068201e+04 0.924918
1.466000 2.884825e-03 4.326380e+04 4.001239e+04 0.924847
1.472000 2.908469e-03 4.255779e+04 3.935642e+04 0.924776
1.478000 2.932208e-03 4.186607e+04 3.871378e+04 0.924705
1.484000 2.956044e-03 4.118829e+04 3.808413e+04 0.924635
1.490000 2.979976e-03 4.052411e+04 3.746716e+04 0.924565
1.496000 3.004005e-03 3.987320e+04 3.686258e+04 0.924495
1.502000 3.028130e-03 3.923526e+04 3.627008e+04 0.924426
1.508000 3.052350e-03 3.860997e+04 3.568938e+04 0.924356
1.514000 3.076668e-03 3.799704e+04 3.512019e+04 0.924288
1.520000 3.101081e-03 3.739617e+04 3.456224e+04 0.924219
1.526000 3.125591e-03 3.680707e+04 3.401528e+04 0.924151
1.532000 3.150196e-03 3.622948e+04 3.347903e+04 0.924082
1.538000 3.174899e-03 3.566313e+04 3.295325e+04 0.924015
1.544000 3.199697e-03 3.510775e+04 3.243770e+04 0.923947
1.550000 3.224591e-03 3.456309e+04 3.193214e+04 0.923880
1.556000 3.249582e-03 3.402891e+04 3.143634e+04 0.923813
1.562000 3.274669e-03 3.350495e+04 3.095007e+04 0.923746
1.568000 3.299852e-03 3.299100e+04 3.047312e+04 0.923680
1.574000 3.325132e-03 3.248682e+04 3.000526e+04 0.923613
1.580000 3.350507e-03 3.199219e+04 2.954631e+04 0.923547
1.586000 3.375979e-03 3.150689e+04 2.909604e+04 0.923482
1.592000 3.401547e-03 3.103072e+04 2.865427e+04 0.923416
1.598000 3.427211e-03 3.056346e+04 2.822081e+04 0.923351
1.604000 3.452971e-03 3.010493e+04 2.779547e+04 0.923286
1.610000 3.478828e-03 2.965492e+04 2.737806e+04 0.923222
1.616000 3.504780e-03 2.921325e+04 2.696842e+04 0.923157
1.622000 3.530829e-03 2.877972e+04 2.656636e+04 0.923093
1.628000 3.556974e-03 2.835417e+04 2.617173e+04 0.923029
1.634000 3.583215e-03 2.793642e+04 2.578435e+04 0.922965
1.640000 3.609553e-03 2.752630e+04 2.540407e+04 0.922902
1.646000 3.635986e-03 2.712363e+04 2.503074e+04 0.922839
1.652000 3.662516e-03 2.672827e+04 2.466420e+04 0.922776
1.658000 3.689141e-03 2.634004e+04 2.430430e+04 0.922713
1.664000 3.715863e-03 2.595880e+04 2.395091e+04 0.922651
1.670000 3.742681e-03 2.558440e+04 2.360387e+04 0.922588
1.676000 3.769595e-03 2.521669e+04 2.326306e+04 0.922526
1.682000 3.796606e-03 2.485553e+04 2.292834e+04 0.922464
1.688000 3.823712e-03 2.450077e+04 2.259959e+04 0.922403
1.694000 3.850914e-03 2.415229e+04 2.227666e+04 0.922342
1.700000 3.878213e-03 2.380995e+04 2.195945e+04 0.922280
1.706000 3.905608e-03 2.347362e+04 2.164783e+04 0.922220
1.712000 3.933099e-03 2.314318e+04 2.134169e+04 0.922159
1.718000 3.960686e-03 2.281849e+04 2.104090e+04 0.922098
1.724000 3.988369e-03 2.249945e+04 2.074536e+04 0.922038
1.730000 4.016148e-03 2.218594e+04 2.045495e+04 0.921978
1.736000 4.044023e-03 2.187784e+04 2.016958e+04 0.921918
1.742000 4.071994e-03 2.157503e+04 1.988913e+04 0.921859
1.748000 4.100062e-03 2.127742e+04 1.961351e+04 0.921799
1.754000 4.128225e-03 2.098489e+04 1.934262e+04 0.921740
1.760000 4.156485e-03 2.069735e+04 1.907636e+04 0.921681
1.766000 4.184840e-03 2.041468e+04 1.881463e+04 0.921623
1.772000 4.213292e-03 2.013679e+04 1.855734e+04 0.921564
1.778000 4.241839e-03 1.986359e+04 1.830441e+04 0.921506
1.784000 4.270483e-03 1.959498e+04 1.805575e+04 0.921448
1.790000 4.299223e-03 1.933087e+04 1.781126e+04 0.921390
1.796000 4.328059e-03 1.907116e+04 1.757087e+04 0.921332
1.802000 4.356991e-03 1.881578e+04 1.733450e+04 0.921274
1.808000 4.386019e-03 1.856463e+04 1.710205e+04 0.921217
1.814000 4.415143e-03 1.831763e+04 1.687347e+04 0.921160
1.820000 4.444363e-03 1.807470e+04 1.664866e+04 0.921103
1.826000 4.473679e-03 1.783576e+04 1.642756e+04 0.921046
1.832000 4.503091e-03 1.760073e+04 1.621009e+04 0.920990
1.838000 4.532599e-03 1.736953e+04 1.599619e+04 0.920933
1.844000 4.562203e-03 1.714210e+04 1.578577e+04 0.920877
1.850000 4.591903e-03 1.691835e+04 1.557878e+04 0.920821
1.856000 4.621699e-03 1.669822e+04 1.537514e+04 0.920766
1.862000 4.651591e-03 1.648163e+04 1.517480e+04 0.920710
1.868000 4.681579e-03 1.626852e+04 1.497769e+04 0.920655
1.874000 4.711663e-03 1.605882e+04 1.478374e+04 0.920599
1.880000 4.741843e-03 1.585247e+04 1.459290e+04 0.920544
1.886000 4.772119e-03 1.564940e+04 1.440511e+04 0.920490
1.892000 4.802490e-03 1.544955e+04 1.422030e+04 0.920435
1.898000 4.832958e-03 1.525285e+04 1.403843e+04 0.920380
1.904000 4.863522e-03 1.505926e+04 1.385943e+04 0.920326
1.910000 4.894182e-03 1.486871e+04 1.368326e+04 0.920272
1.916000 4.924938e-03 1.468114e+04 1.350985e+04 0.920218
1.922000 4.955789e-03 1.449650e+04 1.333916e+04 0.920164
1.928000 4.986737e-03 1.431473e+04 1.317114e+04 0.920111
1.934000 5.017781e-03 1.413579e+04 1.300574e+04 0.920057
1.940000 5.048920e-03 1.395961e+04 1.284290e+04 0.920004
1.946000 5.080155e-03 1.378615e+04 1.268258e+04 0.919951
1.952000 5.111487e-03 1.361536e+04 1.252474e+04 0.919898
1.958000 5.142914e-03 1.344718e+04 1.236933e+04 0.919845
1.964000 5.174437e-03 1.328158e+04 1.221630e+04 0.919793
1.970000 5.206056e-03 1.311849e+04 1.206561e+04 0.919741
1.976000 5.237771e-03 1.295789e+04 1.191722e+04 0.919688
1.982000 5.269582e-03 1.279972e+04 1.177108e+04 0.919636
1.988000 5.301489e-03 1.264393e+04 1.162716e+04 0.919584
1.994000 5.333491e-03 1.249049e+04 1.148542e+04 0.919533
2.000000 5.365590e-03 1.233936e+04 1.134581e+04 0.919481
2.006000 5.397784e-03 1.219049e+04 1.120830e+04 0.919430
2.012000 5.430074e-03 1.204384e+04 1.107284e+04 0.919378
2.018000 5.462461e-03 1.189937e+04 1.093941e+04 0.919327
2.024000 5.494943e-03 1.175704e+04 1.080797e+04 0.919277
2.030000 5.527520e-03 1.161682e+04 1.067848e+04 0.919226
2.036000 5.560194e-03 1.147867e+04 1.055091e+04 0.919175
2.042000 5.592964e-03 1.134255e+04 1.042522e+04 0.919125
2.048000 5.625829e-03 1.120843e+04 1.030138e+04 0.919074
2.054000 5.658790e-03 1.107626e+04 1.017936e+04 0.919024
2.060000 5.691847e-03 1.094603e+04 1.005912e+04 0.918974
2.066000 5.725000e-03 1.081769e+04 9.940637e+03 0.918925
2.072000 5.758249e-03 1.069120e+04 9.823879e+03 0.918875
2.078000 5.791593e-03 1.056655e+04 9.708816e+03 0.918825
2.084000 5.825033e-03 1.044370e+04 9.595418e+03 0.918776
2.090000 5.858569e-03 1.032261e+04 9.483656e+03 0.918727
2.096000 5.892201e-03 1.020325e+04 9.373502e+03 0.918678
2.102000 5.925929e-03 1.008561e+04 9.264928e+03 0.918629
2.108000 5.959752e-03 9.969635e+03 9.157908e+03 0.918580
2.114000 5.993672e-03 9.855312e+03 9.052414e+03 0.918531
2.120000 6.027687e-03 9.742611e+03 8.948422e+03 0.918483
2.126000 6.061798e-03 9.631502e+03 8.845905e+03 0.918435
2.132000 6.096004e-03 9.521960e+03 8.744839e+03 0.918386
2.138000 6.130306e-03 9.413957e+03 8.645199e+03 0.918338
2.144000 6.164704e-03 9.307469e+03 8.546960e+03 0.918291
2.150000 6.199198e-03 9.202469e+03 8.450101e+03 0.918243
2.156000 6.233788e-03 9.098933e+03 8.354597e+03 0.918195
2.162000 6.268473e-03 8.996837e+03 8.260425e+03 0.918148
2.168000 6.303254e-03 8.896157e+03 8.167565e+03 0.918100
2.174000 6.338131e-03 8.796868e+03 8.075993e+03 0.918053
2.180000 6.373103e-03 8.698949e+03 7.985689e+03 0.918006
2.186000 6.408172e-03 8.602377e+03 7.896631e+03 0.917959
2.192000 6.443336e-03 8.507130e+03 7.808800e+03 0.917912
2.198000 6.478595e-03 8.413185e+03 7.722175e+03 0.917866
2.204000 6.513950e-03 8.320523e+03 7.636736e+03 0.917819
2.210000 6.549402e-03 8.229121e+03 7.552464e+03 0.917773
2.216000 6.584948e-03 8.138959e+03 7.469340e+03 0.917727
2.222000 6.620591e-03 8.050018e+03 7.387345e+03 0.917681
2.228000 6.656329e-03 7.962278e+03 7.306461e+03 0.917635
2.234000 6.692162e-03 7.875718e+03 7.226670e+03 0.917589
2.240000 6.728092e-03 7.790322e+03 7.147955e+03 0.917543
2.246000 6.764117e-03 7.706068e+03 7.070298e+03 0.917497
2.252000 6.800238e-03 7.622941e+03 6.993682e+03 0.917452
2.258000 6.836454e-03 7.540920e+03 6.918090e+03 0.917407
2.264000 6.872766e-03 7.459990e+03 6.843507e+03 0.917361
2.270000 6.909174e-03 7.380132e+03 6.769916e+03 0.917316
2.276000 6.945677e-03 7.301330e+03 6.697302e+03 0.917271
2.282000 6.982276e-03 7.223567e+03 6.625648e+03 0.917227
2.288000 7.018970e-03 7.146827e+03 6.554941e+03 0.917182
2.294000 7.055760e-03 7.071093e+03 6.485164e+03 0.917137
2.300000 7.092646e-03 6.996350e+03 6.416303e+03 0.917093
2.306000 7.129627e-03 6.922583e+03 6.348345e+03 0.917049
2.312000 7.166704e-03 6.849776e+03 6.281275e+03 0.917004
2.318000 7.203877e-03 6.777914e+03 6.215079e+03 0.916960
2.324000 7.241145e-03 6.706983e+03 6.149743e+03 0.916916
2.330000 7.278509e-03 6.636968e+03 6.085254e+03 0.916873
2.336000 7.315968e-03 6.567856e+03 6.021600e+03 0.916829
2.342000 7.353523e-03 6.499631e+03 5.958767e+03 0.916785
2.348000 7.391173e-03 6.432282e+03 5.896742e+03 0.916742
2.354000 7.428919e-03 6.365794e+03 5.835514e+03 0.916698
2.360000 7.466761e-03 6.300154e+03 5.775069e+03 0.916655
2.366000 7.504698e-03 6.235349e+03 5.715397e+03 0.916612
2.372000 7.542730e-03 6.171367e+03 5.656485e+03 0.916569
2.378000 7.580859e-03 6.108195e+03 5.598322e+03 0.916526
2.384000 7.619082e-03 6.045822e+03 5.540896e+03 0.916484
2.390000 7.657401e-03 5.984234e+03 5.484196e+03 0.916441
2.396000 7.695816e-03 5.923420e+03 5.428212e+03 0.916398
2.402000 7.734326e-03 5.863368e+03 5.372933e+03 0.916356
2.408000 7.772932e-03 5.804068e+03 5.318347e+03 0.916314
2.414000 7.811633e-03 5.745508e+03 5.264445e+03 0.916271
2.420000 7.850430e-03 5.687677e+03 5.211216e+03 0.916229
2.426000 7.889322e-03 5.630563e+03 5.158651e+03 0.916187
2.432000 7.928310e-03 5.574157e+03 5.106740e+03 0.916146
2.438000 7.967393e-03 5.518449e+03 5.055472e+03 0.916104
2.444000 8.006571e-03 5.463426e+03 5.004838e+03 0.916062
2.450000 8.045845e-03 5.409081e+03 4.954830e+03 0.916021
2.456000 8.085215e-03 5.355402e+03 4.905437e+03 0.915979
2.462000 8.124680e-03 5.302380e+03 4.856652e+03 0.915938
2.468000 8.164240e-03 5.250006e+03 4.808464e+03 0.915897
2.474000 8.203896e-03 5.198270e+03 4.760865e+03 0.915856
2.480000 8.243647e-03 5.147162e+03 4.713847e+03 0.915815
2.486000 8.283494e-03 5.096674e+03 4.667400e+03 0.915774
2.492000 8.323436e-03 5.046796e+03 4.621518e+03 0.915733
2.498000 8.363474e-03 4.997520e+03 4.576192e+03 0.915692
2.504000 8.403606e-03 4.948838e+03 4.531413e+03 0.915652
2.510000 8.443835e-03 4.900740e+03 4.487173e+03 0.915611
2.516000 8.484158e-03 4.853218e+03 4.443466e+03 0.915571
2.522000 8.524577e-03 4.806265e+03 4.400284e+03 0.915531
2.528000 8.565092e-03 4.759871e+03 4.357618e+03 0.915491
2.534000 8.605702e-03 4.714029e+03 4.315462e+03 0.915451
2.540000 8.646407e-03 4.668732e+03 4.273808e+03 0.915411
2.546000 8.687207e-03 4.623971e+03 4.232649e+03 0.915371
2.552000 8.728103e-03 4.579739e+03 4.191978e+03 0.915331
2.558000 8.769095e-03 4.536028e+03 4.151789e+03 0.915292
2.564000 8.810181e-03 4.492832e+03 4.112074e+03 0.915252
2.570000 8.851363e-03 4.450142e+03 4.072826e+03 0.915213
2.576000 8.892640e-03 4.407952e+03 4.034040e+03 0.915173
2.582000 8.934013e-03 4.366255e+03 3.995709e+03 0.915134
2.588000 8.975481e-03 4.325044e+03 3.957826e+03 0.915095
2.594000 9.017044e-03 4.284313e+03 3.920386e+03 0.915056
2.600000 9.058702e-03 4.244053e+03 3.883381e+03 0.915017
2.606000 9.100456e-03 4.204260e+03 3.846807e+03 0.914978
2.612000 9.142305e-03 4.164927e+03 3.810656e+03 0.914939
2.618000 9.184250e-03 4.126047e+03 3.774924e+03 0.914901
2.624000 9.226289e-03 4.087613e+03 3.739603e+03 0.914862
2.630000 9.268424e-03 4.049621e+03 3.704690e+03 0.914824
2.636000 9.310654e-03 4.012064e+03 3.670178e+03 0.914786
2.642000 9.352980e-03 3.974936e+03 3.636062e+03 0.914747
2.648000 9.395400e-03 3.938231e+03 3.602335e+03 0.914709
2.654000 9.437916e-03 3.901943e+03 3.568994e+03 0.914671
2.660000 9.480527e-03 3.866067e+03 3.536033e+03 0.914633
2.666000 9.523234e-03 3.830597e+03 3.503446e+03 0.914595
2.672000 9.566035e-03 3.795528e+03 3.471228e+03 0.914557
2.678000 9.608932e-03 3.760854e+03 3.439375e+03 0.914520
2.684000 9.651924e-03 3.726570e+03 3.407882e+03 0.914482
2.690000 9.695011e-03 3.692671e+03 3.376743e+03 0.914445
2.696000 9.738194e-03 3.659151e+03 3.345954e+03 0.914407
2.702000 9.781471e-03 3.626006e+03 3.315511e+03 0.914370
2.708000 9.824844e-03 3.593231e+03 3.285408e+03 0.914333
2.714000 9.868312e-03 3.560820e+03 3.255642e+03 0.914296
2.720000 9.911875e-03 3.528769e+03 3.226207e+03 0.914258
2.726000 9.955533e-03 3.497074e+03 3.197100e+03 0.914221
2.732000 9.999287e-03 3.465728e+03 3.168315e+03 0.914185
2.738000 1.004314e-02 3.434728e+03 3.139849e+03 0.914148
2.744000 1.008708e-02 3.404070e+03 3.111698e+03 0.914111
2.750000 1.013112e-02 3.373748e+03 3.083857e+03 0.914075
2.756000 1.017525e-02 3.343759e+03 3.056322e+03 0.914038
2.762000 1.021948e-02 3.314097e+03 3.029090e+03 0.914002
2.768000 1.026380e-02 3.284759e+03 3.002156e+03 0.913965
2.774000 1.030822e-02 3.255741e+03 2.975516e+03 0.913929
2.780000 1.035274e-02 3.227038e+03 2.949167e+03 0.913893
2.786000 1.039735e-02 3.198647e+03 2.923105e+03 0.913857
2.792000 1.044205e-02 3.170562e+03 2.897326e+03 0.913821
2.798000 1.048685e-02 3.142781e+03 2.871826e+03 0.913785
2.804000 1.053175e-02 3.115300e+03 2.846602e+03 0.913749
2.810000 1.057674e-02 3.088114e+03 2.821650e+03 0.913713
2.816000 1.062182e-02 3.061219e+03 2.796967e+03 0.913678
2.822000 1.066700e-02 3.034613e+03 2.772550e+03 0.913642
2.828000 1.071228e-02 3.008291e+03 2.748394e+03 0.913606
2.834000 1.075765e-02 2.982250e+03 2.724497e+03 0.913571
2.840000 1.080311e-02 2.956486e+03 2.700856e+03 0.913536
2.846000 1.084867e-02 2.930996e+03 2.677466e+03 0.913500
2.852000 1.089433e-02 2.905776e+03 2.654325e+03 0.913465
2.858000 1.094008e-02 2.880823e+03 2.631430e+03 0.913430
2.864000 1.098592e-02 2.856133e+03 2.608778e+03 0.913395
2.870000 1.103186e-02 2.831703e+03 2.586365e+03 0.913360
2.876000 1.107790e-02 2.807530e+03 2.564189e+03 0.913325
2.882000 1.112403e-02 2.783611e+03 2.542246e+03 0.913291
2.888000 1.117025e-02 2.759942e+03 2.520534e+03 0.913256
2.894000 1.121657e-02 2.736520e+03 2.499049e+03 0.913221
2.900000 1.126299e-02 2.713343e+03 2.477789e+03 0.913187
2.906000 1.130950e-02 2.690407e+03 2.456752e+03 0.913152
2.912000 1.135610e-02 2.667710e+03 2.435934e+03 0.913118
2.918000 1.140280e-02 2.645247e+03 2.415332e+03 0.913084
2.924000 1.144959e-02 2.623017e+03 2.394945e+03 0.913050
2.930000 1.149648e-02 2.601017e+03 2.374768e+03 0.913015
2.936000 1.154347e-02 2.579243e+03 2.354801e+03 0.912981
2.942000 1.159055e-02 2.557693e+03 2.335039e+03 0.912947
2.948000 1.163772e-02 2.536364e+03 2.315481e+03 0.912914
2.954000 1.168499e-02 2.515254e+03 2.296124e+03 0.912880
2.960000 1.173236e-02 2.494360e+03 2.276966e+03 0.912846
2.966000 1.177981e-02 2.473678e+03 2.258004e+03 0.912812
2.972000 1.182737e-02 2.453208e+03 2.239236e+03 0.912779
2.978000 1.187502e-02 2.432945e+03 2.220659e+03 0.912745
2.984000 1.192276e-02 2.412888e+03 2.202271e+03 0.912712
2.990000 1.197060e-02 2.393034e+03 2.184071e+03 0.912678
2.996000 1.201853e-02 2.373381e+03 2.166054e+03 0.912645
3.002000 1.206656e-02 2.353926e+03 2.148220e+03 0.912612
3.008000 1.211468e-02 2.334666e+03 2.130567e+03 0.912579
3.014000 1.216290e-02 2.315600e+03 2.113091e+03 0.912546
3.020000 1.221121e-02 2.296726e+03 2.095791e+03 0.912513
3.026000 1.225962e-02 2.278040e+03 2.078665e+03 0.912480
3.032000 1.230812e-02 2.259540e+03 2.061711e+03 0.912447
3.038000 1.235672e-02 2.241226e+03 2.044926e+03 0.912414
3.044000 1.240541e-02 2.223093e+03 2.028308e+03 0.912381
3.050000 1.245420e-02 2.205140e+03 2.011857e+03 0.912349
3.056000 1.250308e-02 2.187366e+03 1.995569e+03 0.912316
3.062000 1.255205e-02 2.169767e+03 1.979443e+03 0.912284
3.068000 1.260112e-02 2.152342e+03 1.963476e+03 0.912251
3.074000 1.265029e-02 2.135088e+03 1.947668e+03 0.912219
3.080000 1.269955e-02 2.118004e+03 1.932015e+03 0.912187
3.086000 1.274890e-02 2.101088e+03 1.916517e+03 0.912154
3.092000 1.279835e-02 2.084338e+03 1.901171e+03 0.912122
3.098000 1.284790e-02 2.067752e+03 1.885976e+03 0.912090
3.104000 1.289754e-02 2.051327e+03 1.870930e+03 0.912058
3.110000 1.294727e-02 2.035063e+03 1.856031e+03 0.912026
3.116000 1.299710e-02 2.018957e+03 1.841277e+03 0.911994
3.122000 1.304702e-02 2.003007e+03 1.826667e+03 0.911963
3.128000 1.309704e-02 1.987211e+03 1.812199e+03 0.911931
3.134000 1.314715e-02 1.971569e+03 1.797872e+03 0.911899
3.140000 1.319736e-02 1.956077e+03 1.783683e+03 0.911868
3.146000 1.324766e-02 1.940735e+03 1.769632e+03 0.911836
3.152000 1.329806e-02 1.925540e+03 1.755716e+03 0.911805
3.158000 1.334855e-02 1.910491e+03 1.741935e+03 0.911773
3.164000 1.339913e-02 1.895586e+03 1.728285e+03 0.911742
3.170000 1.344981e-02 1.880824e+03 1.714767e+03 0.911711
3.176000 1.350059e-02 1.866203e+03 1.701379e+03 0.911680
3.182000 1.355146e-02 1.851721e+03 1.688118e+03 0.911648
3.188000 1.360242e-02 1.837377e+03 1.674985e+03 0.911617
3.194000 1.365348e-02 1.823169e+03 1.661976e+03 0.911586
3.200000 1.370463e-02 1.809095e+03 1.649091e+03 0.911556
3.206000 1.375588e-02 1.795155e+03 1.636328e+03 0.911525
3.212000 1.380722e-02 1.781347e+03 1.623687e+03 0.911494
3.218000 1.385866e-02 1.767668e+03 1.611165e+03 0.911463
3.224000 1.391019e-02 1.754119e+03 1.598761e+03 0.911432
3.230000 1.396182e-02 1.740696e+03 1.586474e+03 0.911402
3.236000 1.401354e-02 1.727400e+03 1.574303e+03 0.911371
3.242000 1.406535e-02 1.714228e+03 1.562246e+03 0.911341
3.248000 1.411726e-02 1.701179e+03 1.550302e+03 0.911311
3.254000 1.416926e-02 1.688251e+03 1.538470e+03 0.911280
3.260000 1.422136e-02 1.675444e+03 1.526748e+03 0.911250
3.266000 1.427356e-02 1.662756e+03 1.515136e+03 0.911220
3.272000 1.432584e-02 1.650186e+03 1.503632e+03 0.911190
3.278000 1.437822e-02 1.637732e+03 1.492235e+03 0.911159
3.284000 1.443070e-02 1.625393e+03 1.480944e+03 0.911129
3.290000 1.448327e-02 1.613168e+03 1.469757e+03 0.911099
3.296000 1.453594e-02 1.601056e+03 1.458673e+03 0.911070
3.302000 1.458870e-02 1.589055e+03 1.447692e+03 0.911040
3.308000 1.464155e-02 1.577164e+03 1.436812e+03 0.911010
3.314000 1.469450e-02 1.565382e+03 1.426032e+03 0.910980
3.320000 1.474754e-02 1.553708e+03 1.415351e+03 0.910951
3.326000 1.480068e-02 1.542140e+03 1.404768e+03 0.910921
3.332000 1.485391e-02 1.530678e+03 1.394281e+03 0.910892
3.338000 1.490724e-02 1.519320e+03 1.383891e+03 0.910862
3.344000 1.496066e-02 1.508065e+03 1.373595e+03 0.910833
3.350000 1.501417e-02 1.496912e+03 1.363393e+03 0.910803
3.356000 1.506778e-02 1.485861e+03 1.353283e+03 0.910774
3.362000 1.512148e-02 1.474909e+03 1.343265e+03 0.910745
3.368000 1.517528e-02 1.464056e+03 1.333338e+03 0.910716
3.374000 1.522917e-02 1.453300e+03 1.323501e+03 0.910686
3.380000 1.528316e-02 1.442642e+03 1.313752e+03 0.910657
3.386000 1.533724e-02 1.432079e+03 1.304091e+03 0.910628
3.392000 1.539142e-02 1.421610e+03 1.294517e+03 0.910600
3.398000 1.544569e-02 1.411235e+03 1.285029e+03 0.910571
3.404000 1.550005e-02 1.400953e+03 1.275626e+03 0.910542
3.410000 1.555451e-02 1.390762e+03 1.266307e+03 0.910513
3.416000 1.560906e-02 1.380663e+03 1.257072e+03 0.910484
3.422000 1.566371e-02 1.370652e+03 1.247918e+03 0.910456
3.428000 1.571845e-02 1.360731e+03 1.238846e+03 0.910427
3.434000 1.577328e-02 1.350897e+03 1.229855e+03 0.910399
3.440000 1.582821e-02 1.341151e+03 1.220943e+03 0.910370
3.446000 1.588323e-02 1.331490e+03 1.212111e+03 0.910342
3.452000 1.593835e-02 1.321914e+03 1.203356e+03 0.910313
3.458000 1.599356e-02 1.312423e+03 1.194679e+03 0.910285
3.464000 1.604887e-02 1.303015e+03 1.186078e+03 0.910257
3.470000 1.610427e-02 1.293689e+03 1.177553e+03 0.910229
3.476000 1.615977e-02 1.284445e+03 1.169102e+03 0.910201
3.482000 1.621535e-02 1.275282e+03 1.160726e+03 0.910172
3.488000 1.627104e-02 1.266198e+03 1.152423e+03 0.910144
3.494000 1.632681e-02 1.257194e+03 1.144193e+03 0.910116
3.500000 1.638269e-02 1.248268e+03 1.136034e+03 0.910089
3.506000 1.643865e-02 1.239419e+03 1.127947e+03 0.910061
3.512000 1.649471e-02 1.230647e+03 1.119929e+03 0.910033
3.518000 1.655086e-02 1.221951e+03 1.111982e+03 0.910005
3.524000 1.660711e-02 1.213330e+03 1.104103e+03 0.909978
3.530000 1.666345e-02 1.204783e+03 1.096292e+03 0.909950
3.536000 1.671989e-02 1.196310e+03 1.088549e+03 0.909922
3.542000 1.677642e-02 1.187910e+03 1.080873e+03 0.909895
3.548000 1.683304e-02 1.179581e+03 1.073262e+03 0.909867
3.554000 1.688976e-02 1.171324e+03 1.065717e+03 0.909840
3.560000 1.694657e-02 1.163138e+03 1.058237e+03 0.909813
3.566000 1.700348e-02 1.155021e+03 1.050821e+03 0.909785
3.572000 1.706048e-02 1.146974e+03 1.043469e+03 0.909758
3.578000 1.711758e-02 1.138995e+03 1.036179e+03 0.909731
3.584000 1.717476e-02 1.131084e+03 1.028951e+03 0.909704
3.590000 1.723205e-02 1.123240e+03 1.021785e+03 0.909677
3.596000 1.728942e-02 1.115462e+03 1.014680e+03 0.909649
3.602000 1.734689e-02 1.107750e+03 1.007635e+03 0.909622
3.608000 1.740446e-02 1.100104e+03 1.000649e+03 0.909596
3.614000 1.746212e-02 1.092521e+03 9.937232e+02 0.909569
3.620000 1.751987e-02 1.085003e+03 9.868555e+02 0.909542
3.626000 1.757772e-02 1.077547e+03 9.800457e+02 0.909515
3.632000 1.763566e-02 1.070155e+03 9.732931e+02 0.909488
3.638000 1.769369e-02 1.062824e+03 9.665974e+02 0.909462
3.644000 1.775182e-02 1.055554e+03 9.599578e+02 0.909435
3.650000 1.781004e-02 1.048345e+03 9.533739e+02 0.909408
3.656000 1.786836e-02 1.041196e+03 9.468450e+02 0.909382
3.662000 1.792677e-02 1.034107e+03 9.403706e+02 0.909355
3.668000 1.798527e-02 1.027076e+03 9.339503e+02 0.909329
3.674000 1.804387e-02 1.020104e+03 9.275833e+02 0.909303
3.680000 1.810256e-02 1.013190e+03 9.212693e+02 0.909276
3.686000 1.816135e-02 1.006332e+03 9.150077e+02 0.909250
3.692000 1.822023e-02 9.995317e+02 9.087980e+02 0.909224
3.698000 1.827920e-02 9.927871e+02 9.026397e+02 0.909198
3.704000 1.833827e-02 9.860980e+02 8.965322e+02 0.909171
3.710000 1.839743e-02 9.794639e+02 8.904751e+02 0.909145
3.716000 1.845668e-02 9.728842e+02 8.844679e+02 0.909119
3.722000 1.851603e-02 9.663584e+02 8.785100e+02 0.909093
3.728000 1.857547e-02 9.598859e+02 8.726011e+02 0.909067
3.734000 1.863501e-02 9.534663e+02 8.667406e+02 0.909042
3.740000 1.869464e-02 9.470991e+02 8.609280e+02 0.909016
3.746000 1.875436e-02 9.407837e+02 8.551630e+02 0.908990
3.752000 1.881418e-02 9.345197e+02 8.494450e+02 0.908964
3.758000 1.887409e-02 9.283065e+02 8.437736e+02 0.908939
3.764000 1.893410e-02 9.221436e+02 8.381483e+02 0.908913
3.770000 1.899420e-02 9.160306e+02 8.325686e+02 0.908887
3.776000 1.905439e-02 9.099670e+02 8.270343e+02 0.908862
3.782000 1.911468e-02 9.039523e+02 8.215447e+02 0.908836
3.788000 1.917506e-02 8.979861e+02 8.160995e+02 0.908811
3.794000 1.923553e-02 8.920678e+02 8.106983e+02 0.908785
3.800000 1.929610e-02 8.861971e+02 8.053406e+02 0.908760
3.806000 1.935676e-02 8.803735e+02 8.000260e+02 0.908735
3.812000 1.941752e-02 8.745964e+02 7.947542e+02 0.908710
3.818000 1.947836e-02 8.688656e+02 7.895246e+02 0.908684
3.824000 1.953931e-02 8.631805e+02 7.843369e+02 0.908659
3.830000 1.960034e-02 8.575407e+02 7.791907e+02 0.908634
3.836000 1.966147e-02 8.519458e+02 7.740856e+02 0.908609
3.842000 1.972270e-02 8.463954e+02 7.690213e+02 0.908584
3.848000 1.978401e-02 8.408890e+02 7.639972e+02 0.908559
3.854000 1.984542e-02 8.354262e+02 7.590132e+02 0.908534
3.860000 1.990693e-02 8.300066e+02 7.540686e+02 0.908509
3.866000 1.996852e-02 8.246299e+02 7.491633e+02 0.908484
3.872000 2.003022e-02 8.192955e+02 7.442968e+02 0.908460
3.878000 2.009200e-02 8.140032e+02 7.394688e+02 0.908435
3.884000 2.015388e-02 8.087525e+02 7.346789e+02 0.908410
3.890000 2.021585e-02 8.035430e+02 7.299268e+02 0.908385
3.896000 2.027792e-02 7.983743e+02 7.252120e+02 0.908361
3.902000 2.034008e-02 7.932462e+02 7.205343e+02 0.908336
3.908000 2.040233e-02 7.881581e+02 7.158933e+02 0.908312
3.914000 2.046467e-02 7.831097e+02 7.112886e+02 0.908287
3.920000 2.052711e-02 7.781007e+02 7.067200e+02 0.908263
3.926000 2.058965e-02 7.731307e+02 7.021871e+02 0.908238
3.932000 2.065227e-02 7.681993e+02 6.976895e+02 0.908214
3.938000 2.071499e-02 7.633062e+02 6.932269e+02 0.908190
3.944000 2.077781e-02 7.584510e+02 6.887991e+02 0.908166
3.950000 2.084071e-02 7.536334e+02 6.844056e+02 0.908141
3.956000 2.090371e-02 7.488530e+02 6.800463e+02 0.908117
3.962000 2.096681e-02 7.441095e+02 6.757207e+02 0.908093
3.968000 2.103000e-02 7.394025e+02 6.714285e+02 0.908069
3.974000 2.109328e-02 7.347318e+02 6.671695e+02 0.908045
3.980000 2.115665e-02 7.300969e+02 6.629433e+02 0.908021
3.986000 2.122012e-02 7.254976e+02 6.587496e+02 0.907997
3.992000 2.128368e-02 7.209335e+02 6.545882e+02 0.907973
3.998000 2.134733e-02 7.164044e+02 6.504588e+02 0.907949
4.004000 2.141108e-02 7.119098e+02 6.463610e+02 0.907925
4.010000 2.147492e-02 7.074495e+02 6.422946e+02 0.907902
4.016000 2.153886e-02 7.030232e+02 6.382592e+02 0.907878
4.022000 2.160289e-02 6.986306e+02 6.342547e+02 0.907854
4.028000 2.166701e-02 6.942713e+02 6.302807e+02 0.907831
4.034000 2.173122e-02 6.899451e+02 6.263369e+02 0.907807
4.040000 2.179553e-02 6.856516e+02 6.224232e+02 0.907783
4.046000 2.185993e-02 6.813907e+02 6.185391e+02 0.907760
4.052000 2.192442e-02 6.771619e+02 6.146845e+02 0.907736
4.058000 2.198901e-02 6.729650e+02 6.108590e+02 0.907713
4.064000 2.205369e-02 6.687997e+02 6.070625e+02 0.907690
4.070000 2.211847e-02 6.646657e+02 6.032946e+02 0.907666
4.076000 2.218333e-02 6.605628e+02 5.995551e+02 0.907643
4.082000 2.224830e-02 6.564906e+02 5.958438e+02 0.907620
4.088000 2.231335e-02 6.524490e+02 5.921603e+02 0.907596
4.094000 2.237850e-02 6.484376e+02 5.885045e+02 0.907573
4.100000 2.244374e-02 6.444561e+02 5.848761e+02 0.907550
4.106000 2.250907e-02 6.405043e+02 5.812749e+02 0.907527
4.112000 2.257450e-02 6.365820e+02 5.777006e+02 0.907504
4.118000 2.264002e-02 6.326888e+02 5.741529e+02 0.907481
4.124000 2.270563e-02 6.288245e+02 5.706317e+02 0.907458
4.130000 2.277134e-02 6.249889e+02 5.671368e+02 0.907435
4.136000 2.283714e-02 6.211817e+02 5.636677e+02 0.907412
4.142000 2.290303e-02 6.174027e+02 5.602245e+02 0.907389
4.148000 2.296901e-02 6.136516e+02 5.568067e+02 0.907366
4.154000 2.303509e-02 6.099281e+02 5.534143e+02 0.907344
4.160000 2.310127e-02 6.062321e+02 5.500469e+02 0.907321
4.166000 2.316753e-02 6.025632e+02 5.467045e+02 0.907298
4.172000 2.323389e-02 5.989213e+02 5.433866e+02 0.907275
4.178000 2.330034e-02 5.953062e+02 5.400932e+02 0.907253
4.184000 2.336688e-02 5.917175e+02 5.368239e+02 0.907230
4.190000 2.343352e-02 5.881550e+02 5.335787e+02 0.907208
4.196000 2.350025e-02 5.846186e+02 5.303573e+02 0.907185
4.202000 2.356708e-02 5.811080e+02 5.271595e+02 0.907163
4.208000 2.363399e-02 5.776230e+02 5.239850e+02 0.907140
4.214000 2.370100e-02 5.741633e+02 5.208337e+02 0.907118
4.220000 2.376810e-02 5.707287e+02 5.177054e+02 0.907095
4.226000 2.383530e-02 5.673191e+02 5.145999e+02 0.907073
4.232000 2.390259e-02 5.639342e+02 5.115170e+02 0.907051
4.238000 2.396997e-02 5.605738e+02 5.084565e+02 0.907029
4.244000 2.403744e-02 5.572376e+02 5.054181e+02 0.907006
4.250000 2.410501e-02 5.539256e+02 5.024018e+02 0.906984
4.256000 2.417267e-02 5.506374e+02 4.994073e+02 0.906962
4.262000 2.424042e-02 5.473729e+02 4.964344e+02 0.906940
4.268000 2.430827e-02 5.441318e+02 4.934830e+02 0.906918
4.274000 2.437621e-02 5.409141e+02 4.905528e+02 0.906896
4.280000 2.444424e-02 5.377194e+02 4.876437e+02 0.906874
4.286000 2.451237e-02 5.345475e+02 4.847555e+02 0.906852
4.292000 2.458058e-02 5.313984e+02 4.818881e+02 0.906830
4.298000 2.464890e-02 5.282717e+02 4.790412e+02 0.906808
4.304000 2.471730e-02 5.251673e+02 4.762147e+02 0.906787
4.310000 2.478580e-02 5.220851e+02 4.734083e+02 0.906765
4.316000 2.485438e-02 5.190247e+02 4.706220e+02 0.906743
4.322000 2.492307e-02 5.159861e+02 4.678556e+02 0.906721
4.328000 2.499184e-02 5.129691e+02 4.651089e+02 0.906700
4.334000 2.506071e-02 5.099734e+02 4.623817e+02 0.906678
4.340000 2.512967e-02 5.069990e+02 4.596738e+02 0.906656
4.346000 2.519872e-02 5.040455e+02 4.569852e+02 0.906635
4.352000 2.526787e-02 5.011129e+02 4.543156e+02 0.906613
4.358000 2.533711e-02 4.982010e+02 4.516649e+02 0.906592
4.364000 2.540644e-02 4.953095e+02 4.490329e+02 0.906570
4.370000 2.547586e-02 4.924384e+02 4.464195e+02 0.906549
4.376000 2.554538e-02 4.895874e+02 4.438245e+02 0.906528
4.382000 2.561499e-02 4.867565e+02 4.412478e+02 0.906506
4.388000 2.568469e-02 4.839453e+02 4.386891e+02 0.906485
4.394000 2.575449e-02 4.811538e+02 4.361484e+02 0.906464
4.400000 2.582438e-02 4.783818e+02 4.336256e+02 0.906442
4.406000 2.589436e-02 4.756292e+02 4.311204e+02 0.906421
4.412000 2.596443e-02 4.728957e+02 4.286327e+02 0.906400
4.418000 2.603460e-02 4.701812e+02 4.261623e+02 0.906379
4.424000 2.610485e-02 4.674856e+02 4.237092e+02 0.906358
4.430000 2.617521e-02 4.648087e+02 4.212732e+02 0.906337
4.436000 2.624565e-02 4.621504e+02 4.188541e+02 0.906316
4.442000 2.631619e-02 4.595104e+02 4.164519e+02 0.906295
4.448000 2.638681e-02 4.568887e+02 4.140663e+02 0.906274
4.454000 2.645754e-02 4.542851e+02 4.116972e+02 0.906253
4.460000 2.652835e-02 4.516995e+02 4.093445e+02 0.906232
4.466000 2.659926e-02 4.491316e+02 4.070081e+02 0.906211
4.472000 2.667026e-02 4.465814e+02 4.046878e+02 0.906190
4.478000 2.674135e-02 4.440488e+02 4.023835e+02 0.906170
4.484000 2.681253e-02 4.415335e+02 4.000951e+02 0.906149
4.490000 2.688381e-02 4.390355e+02 3.978224e+02 0.906128
4.496000 2.695518e-02 4.365545e+02 3.955653e+02 0.906107
4.502000 2.702664e-02 4.340905e+02 3.933237e+02 0.906087
4.508000 2.709819e-02 4.316433e+02 3.910974e+02 0.906066
4.514000 2.716984e-02 4.292128e+02 3.888864e+02 0.906046
4.520000 2.724158e-02 4.267989e+02 3.866905e+02 0.906025
4.526000 2.731341e-02 4.244013e+02 3.845096e+02 0.906005
4.532000 2.738534e-02 4.220201e+02 3.823435e+02 0.905984
4.538000 2.745735e-02 4.196550e+02 3.801922e+02 0.905964
4.544000 2.752946e-02 4.173059e+02 3.780555e+02 0.905943
4.550000 2.760166e-02 4.149728e+02 3.759333e+02 0.905923
4.556000 2.767396e-02 4.126554e+02 3.738256e+02 0.905903
4.562000 2.774634e-02 4.103536e+02 3.717321e+02 0.905882
4.568000 2.781882e-02 4.080673e+02 3.696527e+02 0.905862
4.574000 2.789139e-02 4.057965e+02 3.675874e+02 0.905842
4.580000 2.796406e-02 4.035409e+02 3.655361e+02 0.905822
4.586000 2.803681e-02 4.013005e+02 3.634985e+02 0.905801
4.592000 2.810966e-02 3.990751e+02 3.614747e+02 0.905781
4.598000 2.818260e-02 3.968646e+02 3.594645e+02 0.905761
4.604000 2.825563e-02 3.946689e+02 3.574678e+02 0.905741
4.610000 2.832876e-02 3.924878e+02 3.554845e+02 0.905721
4.616000 2.840198e-02 3.903214e+02 3.535145e+02 0.905701
4.622000 2.847529e-02 3.881694e+02 3.515577e+02 0.905681
4.628000 2.854869e-02 3.860317e+02 3.496139e+02 0.905661
4.634000 2.862218e-02 3.839082e+02 3.476831e+02 0.905641
4.640000 2.869577e-02 3.817988e+02 3.457652e+02 0.905621
4.646000 2.876945e-02 3.797035e+02 3.438601e+02 0.905602
4.652000 2.884322e-02 3.776220e+02 3.419676e+02 0.905582
4.658000 2.891708e-02 3.755543e+02 3.400877e+02 0.905562
4.664000 2.899104e-02 3.735002e+02 3.382203e+02 0.905542
4.670000 2.906508e-02 3.714598e+02 3.363652e+02 0.905523
4.676000 2.913922e-02 3.694327e+02 3.345224e+02 0.905503
4.682000 2.921346e-02 3.674191e+02 3.326918e+02 0.905483
4.688000 2.928778e-02 3.654187e+02 3.308733e+02 0.905464
4.694000 2.936220e-02 3.634314e+02 3.290668e+02 0.905444
4.700000 2.943670e-02 3.614572e+02 3.272722e+02 0.905424
4.706000 2.951130e-02 3.594959e+02 3.254894e+02 0.905405
4.712000 2.958600e-02 3.575474e+02 3.237183e+02 0.905385
4.718000 2.966078e-02 3.556117e+02 3.219588e+02 0.905366
4.724000 2.973566e-02 3.536887e+02 3.202108e+02 0.905347
4.730000 2.981063e-02 3.517782e+02 3.184743e+02 0.905327
4.736000 2.988569e-02 3.498801e+02 3.167492e+02 0.905308
4.742000 2.996084e-02 3.479944e+02 3.150353e+02 0.905289
4.748000 3.003609e-02 3.461209e+02 3.133326e+02 0.905269
4.754000 3.011142e-02 3.442597e+02 3.116410e+02 0.905250
4.760000 3.018685e-02 3.424104e+02 3.099605e+02 0.905231
4.766000 3.026237e-02 3.405732e+02 3.082908e+02 0.905212
4.772000 3.033799e-02 3.387479e+02 3.066320e+02 0.905192
4.778000 3.041369e-02 3.369343e+02 3.049839e+02 0.905173
4.784000 3.048949e-02 3.351325e+02 3.033465e+02 0.905154
4.790000 3.056538e-02 3.333423e+02 3.017197e+02 0.905135
4.796000 3.064136e-02 3.315636e+02 3.001035e+02 0.905116
4.802000 3.071743e-02 3.297963e+02 2.984976e+02 0.905097
4.808000 3.079359e-02 3.280404e+02 2.969021e+02 0.905078
4.814000 3.086985e-02 3.262958e+02 2.953169e+02 0.905059
4.820000 3.094620e-02 3.245623e+02 2.937419e+02 0.905040
4.826000 3.102264e-02 3.228400e+02 2.921770e+02 0.905021
4.832000 3.109917e-02 3.211287e+02 2.906222e+02 0.905002
4.838000 3.117580e-02 3.194283e+02 2.890773e+02 0.904983
4.844000 3.125251e-02 3.177387e+02 2.875423e+02 0.904965
4.850000 3.132932e-02 3.160599e+02 2.860171e+02 0.904946
4.856000 3.140622e-02 3.143918e+02 2.845017e+02 0.904927
4.862000 3.148321e-02 3.127344e+02 2.829959e+02 0.904908
4.868000 3.156029e-02 3.110874e+02 2.814998e+02 0.904890
4.874000 3.163747e-02 3.094509e+02 2.800131e+02 0.904871
4.880000 3.171473e-02 3.078247e+02 2.785359e+02 0.904852
4.886000 3.179209e-02 3.062089e+02 2.770681e+02 0.904834
4.892000 3.186954e-02 3.046032e+02 2.756096e+02 0.904815
4.898000 3.194709e-02 3.030077e+02 2.741604e+02 0.904797
4.904000 3.202472e-02 3.014223e+02 2.727203e+02 0.904778
4.910000 3.210244e-02 2.998469e+02 2.712893e+02 0.904760
4.916000 3.218026e-02 2.982813e+02 2.698674e+02 0.904741
4.922000 3.225817e-02 2.967256e+02 2.684544e+02 0.904723
4.928000 3.233617e-02 2.951797e+02 2.670504e+02 0.904704
4.934000 3.241426e-02 2.936435e+02 2.656551e+02 0.904686
4.940000 3.249245e-02 2.921169e+02 2.642687e+02 0.904668
4.946000 3.257072e-02 2.905998e+02 2.628909e+02 0.904649
4.952000 3.264909e-02 2.890922e+02 2.615218e+02 0.904631
4.958000 3.272755e-02 2.875941e+02 2.601613e+02 0.904613
4.964000 3.280610e-02 2.861053e+02 2.588093e+02 0.904595
4.970000 3.288474e-02 2.846257e+02 2.574657e+02 0.904576
4.976000 3.296348e-02 2.831554e+02 2.561306e+02 0.904558
4.982000 3.304230e-02 2.816942e+02 2.548037e+02 0.904540
4.988000 3.312122e-02 2.802421e+02 2.534851e+02 0.904522
4.994000 3.320023e-02 2.787990e+02 2.521747e+02 0.904504
5.000000 3.327933e-02 2.773648e+02 2.508725e+02 0.904486
5.006000 3.335852e-02 2.759395e+02 2.495784e+02 0.904468
5.012000 3.343780e-02 2.745230e+02 2.482923e+02 0.904450
5.018000 3.351717e-02 2.731152e+02 2.470141e+02 0.904432
5.024000 3.359664e-02 2.717162e+02 2.457439e+02 0.904414
5.030000 3.367620e-02 2.703257e+02 2.444815e+02 0.904396
5.036000 3.375585e-02 2.689438e+02 2.432269e+02 0.904378
5.042000 3.383559e-02 2.675704e+02 2.419801e+02 0.904360
5.048000 3.391542e-02 2.662054e+02 2.407409e+02 0.904342
5.054000 3.399534e-02 2.648488e+02 2.395093e+02 0.904325
5.060000 3.407536e-02 2.635006e+02 2.382854e+02 0.904307
5.066000 3.415546e-02 2.621605e+02 2.370689e+02 0.904289
5.072000 3.423566e-02 2.608287e+02 2.358599e+02 0.904271
5.078000 3.431595e-02 2.595050e+02 2.346583e+02 0.904254
5.084000 3.439633e-02 2.581893e+02 2.334641e+02 0.904236
5.090000 3.447680e-02 2.568817e+02 2.322772e+02 0.904218
5.096000 3.455736e-02 2.555820e+02 2.310975e+02 0.904201
5.102000 3.463802e-02 2.542903e+02 2.299250e+02 0.904183
5.108000 3.471876e-02 2.530063e+02 2.287596e+02 0.904166
5.114000 3.479960e-02 2.517302e+02 2.276014e+02 0.904148
5.120000 3.488053e-02 2.504618e+02 2.264502e+02 0.904131
5.126000 3.496155e-02 2.492011e+02 2.253060e+02 0.904113
5.132000 3.504266e-02 2.479480e+02 2.241687e+02 0.904096
5.138000 3.512386e-02 2.467025e+02 2.230383e+02 0.904078
5.144000 3.520515e-02 2.454644e+02 2.219148e+02 0.904061
5.150000 3.528654e-02 2.442339e+02 2.207981e+02 0.904044
5.156000 3.536801e-02 2.430107e+02 2.196881e+02 0.904026
5.162000 3.544958e-02 2.417949e+02 2.185848e+02 0.904009
5.168000 3.553124e-02 2.405864e+02 2.174881e+02 0.903992
5.174000 3.561299e-02 2.393852e+02 2.163981e+02 0.903974
5.180000 3.569483e-02 2.381912e+02 2.153146e+02 0.903957
5.186000 3.577676e-02 2.370043e+02 2.142376e+02 0.903940
5.192000 3.585878e-02 2.358245e+02 2.131671e+02 0.903923
5.198000 3.594089e-02 2.346518e+02 2.121030e+02 0.903906
5.204000 3.602310e-02 2.334860e+02 2.110453e+02 0.903888
5.210000 3.610539e-02 2.323272e+02 2.099939e+02 0.903871
5.216000 3.618778e-02 2.311753e+02 2.089488e+02 0.903854
5.222000 3.627026e-02 2.300303e+02 2.079099e+02 0.903837
5.228000 3.635283e-02 2.288921e+02 2.068773e+02 0.903820
5.234000 3.643549e-02 2.277606e+02 2.058508e+02 0.903803
5.240000 3.651824e-02 2.266358e+02 2.048303e+02 0.903786
5.246000 3.660108e-02 2.255177e+02 2.038160e+02 0.903769
5.252000 3.668402e-02 2.244063e+02 2.028077e+02 0.903752
5.258000 3.676704e-02 2.233014e+02 2.018053e+02 0.903735
5.264000 3.685016e-02 2.222030e+02 2.008089e+02 0.903719
5.270000 3.693336e-02 2.211111e+02 1.998185e+02 0.903702
5.276000 3.701666e-02 2.200256e+02 1.988338e+02 0.903685
5.282000 3.710005e-02 2.189465e+02 1.978550e+02 0.903668
5.288000 3.718353e-02 2.178738e+02 1.968819e+02 0.903651
5.294000 3.726710e-02 2.168074e+02 1.959146e+02 0.903635
5.300000 3.735076e-02 2.157472e+02 1.949530e+02 0.903618
5.306000 3.743451e-02 2.146932e+02 1.939971e+02 0.903601
5.312000 3.751835e-02 2.136454e+02 1.930467e+02 0.903585
5.318000 3.760229e-02 2.126038e+02 1.921020e+02 0.903568
5.324000 3.768631e-02 2.115682e+02 1.911627e+02 0.903551
5.330000 3.777043e-02 2.105387e+02 1.902290e+02 0.903535
5.336000 3.785463e-02 2.095152e+02 1.893008e+02 0.903518
5.342000 3.793893e-02 2.084976e+02 1.883779e+02 0.903502
5.348000 3.802332e-02 2.074860e+02 1.874605e+02 0.903485
5.354000 3.810780e-02 2.064802e+02 1.865484e+02 0.903469
5.360000 3.819237e-02 2.054803e+02 1.856416e+02 0.903452
5.366000 3.827703e-02 2.044862e+02 1.847401e+02 0.903436
5.372000 3.836178e-02 2.034979e+02 1.838439e+02 0.903419
5.378000 3.844662e-02 2.025153e+02 1.829529e+02 0.903403
5.384000 3.853155e-02 2.015383e+02 1.820670e+02 0.903386
5.390000 3.861657e-02 2.005670e+02 1.811863e+02 0.903370
5.396000 3.870169e-02 1.996013e+02 1.803106e+02 0.903354
5.402000 3.878689e-02 1.986412e+02 1.794401e+02 0.903338
5.408000 3.887219e-02 1.976866e+02 1.785745e+02 0.903321
5.414000 3.895757e-02 1.967375e+02 1.777140e+02 0.903305
5.420000 3.904305e-02 1.957939e+02 1.768584e+02 0.903289
5.426000 3.912862e-02 1.948557e+02 1.760078e+02 0.903273
5.432000 3.921428e-02 1.939228e+02 1.751620e+02 0.903256
5.438000 3.930002e-02 1.929953e+02 1.743212e+02 0.903240
5.444000 3.938586e-02 1.920731e+02 1.734851e+02 0.903224
5.450000 3.947179e-02 1.911562e+02 1.726539e+02 0.903208
5.456000 3.955781e-02 1.902446e+02 1.718274e+02 0.903192
5.462000 3.964392e-02 1.893381e+02 1.710056e+02 0.903176
5.468000 3.973013e-02 1.884368e+02 1.701886e+02 0.903160
5.474000 3.981642e-02 1.875406e+02 1.693762e+02 0.903144
5.480000 3.990280e-02 1.866496e+02 1.685685e+02 0.903128
5.486000 3.998927e-02 1.857636e+02 1.677653e+02 0.903112
5.492000 4.007584e-02 1.848826e+02 1.669668e+02 0.903096
5.498000 4.016249e-02 1.840067e+02 1.661728e+02 0.903080
5.504000 4.024923e-02 1.831357e+02 1.653833e+02 0.903064
5.510000 4.033607e-02 1.822696e+02 1.645983e+02 0.903048
5.516000 4.042299e-02 1.814084e+02 1.638177e+02 0.903033
5.522000 4.051001e-02 1.805521e+02 1.630416e+02 0.903017
5.528000 4.059712e-02 1.797006e+02 1.622699e+02 0.903001
5.534000 4.068431e-02 1.788540e+02 1.615025e+02 0.902985
5.540000 4.077160e-02 1.780121e+02 1.607395e+02 0.902969
5.546000 4.085898e-02 1.771749e+02 1.599808e+02 0.902954
5.552000 4.094644e-02 1.763425e+02 1.592263e+02 0.902938
5.558000 4.103400e-02 1.755147e+02 1.584761e+02 0.902922
5.564000 4.112165e-02 1.746916e+02 1.577302e+02 0.902907
5.570000 4.120939e-02 1.738730e+02 1.569884e+02 0.902891
5.576000 4.129722e-02 1.730591e+02 1.562508e+02 0.902876
5.582000 4.138514e-02 1.722497e+02 1.555174e+02 0.902860
5.588000 4.147315e-02 1.714449e+02 1.547881e+02 0.902844
5.594000 4.156125e-02 1.706445e+02 1.540628e+02 0.902829
5.600000 4.164944e-02 1.698486e+02 1.533416e+02 0.902813
5.606000 4.173772e-02 1.690572e+02 1.526245e+02 0.902798
5.612000 4.182609e-02 1.682701e+02 1.519113e+02 0.902782
5.618000 4.191455e-02 1.674875e+02 1.512021e+02 0.902767
5.624000 4.200310e-02 1.667091e+02 1.504969e+02 0.902752
5.630000 4.209174e-02 1.659351e+02 1.497956e+02 0.902736
5.636000 4.218047e-02 1.651654e+02 1.490983e+02 0.902721
5.642000 4.226929e-02 1.644000e+02 1.484047e+02 0.902705
5.648000 4.235821e-02 1.636388e+02 1.477151e+02 0.902690
5.654000 4.244721e-02 1.628818e+02 1.470293e+02 0.902675
5.660000 4.253630e-02 1.621290e+02 1.463472e+02 0.902659
5.666000 4.262548e-02 1.613803e+02 1.456690e+02 0.902644
5.672000 4.271475e-02 1.606358e+02 1.449945e+02 0.902629
5.678000 4.280412e-02 1.598953e+02 1.443237e+02 0.902614
5.684000 4.289357e-02 1.591590e+02 1.436567e+02 0.902599
5.690000 4.298311e-02 1.584267e+02 1.429933e+02 0.902583
5.696000 4.307274e-02 1.576984e+02 1.423336e+02 0.902568
5.702000 4.316247e-02 1.569741e+02 1.416775e+02 0.902553
5.708000 4.325228e-02 1.562538e+02 1.410250e+02 0.902538
5.714000 4.334218e-02 1.555374e+02 1.403761e+02 0.902523
5.720000 4.343217e-02 1.548250e+02 1.397307e+02 0.902508
5.726000 4.352225e-02 1.541164e+02 1.390889e+02 0.902493
5.732000 4.361243e-02 1.534117e+02 1.384507e+02 0.902478
5.738000 4.370269e-02 1.527109e+02 1.378159e+02 0.902463
5.744000 4.379304e-02 1.520138e+02 1.371846e+02 0.902448
5.750000 4.388348e-02 1.513206e+02 1.365567e+02 0.902433
5.756000 4.397402e-02 1.506312e+02 1.359323e+02 0.902418
5.762000 4.406464e-02 1.499454e+02 1.353112e+02 0.902403
5.768000 4.415535e-02 1.492635e+02 1.346936e+02 0.902388
5.774000 4.424615e-02 1.485852e+02 1.340793e+02 0.902373
5.780000 4.433704e-02 1.479106e+02 1.334683e+02 0.902358
5.786000 4.442802e-02 1.472396e+02 1.328607e+02 0.902344
5.792000 4.451909e-02 1.465723e+02 1.322564e+02 0.902329
5.798000 4.461026e-02 1.459086e+02 1.316553e+02 0.902314
5.804000 4.470151e-02 1.452484e+02 1.310575e+02 0.902299
5.810000 4.479285e-02 1.445918e+02 1.304630e+02 0.902285
5.816000 4.488428e-02 1.439388e+02 1.298716e+02 0.902270
5.822000 4.497580e-02 1.432893e+02 1.292835e+02 0.902255
5.828000 4.506741e-02 1.426433e+02 1.286985e+02 0.902240
5.834000 4.515911e-02 1.420007e+02 1.281167e+02 0.902226
5.840000 4.525090e-02 1.413616e+02 1.275380e+02 0.902211
5.846000 4.534277e-02 1.407259e+02 1.269624e+02 0.902197
5.852000 4.543474e-02 1.400936e+02 1.263900e+02 0.902182
5.858000 4.552680e-02 1.394648e+02 1.258206e+02 0.902168
5.864000 4.561895e-02 1.388392e+02 1.252542e+02 0.902153
5.870000 4.571119e-02 1.382171e+02 1.246909e+02 0.902138
5.876000 4.580351e-02 1.375982e+02 1.241306e+02 0.902124
5.882000 4.589593e-02 1.369827e+02 1.235734e+02 0.902109
5.888000 4.598844e-02 1.363704e+02 1.230190e+02 0.902095
5.894000 4.608103e-02 1.357614e+02 1.224677e+02 0.902081
5.900000 4.617372e-02 1.351556e+02 1.219193e+02 0.902066
5.906000 4.626649e-02 1.345530e+02 1.213738e+02 0.902052
5.912000 4.635936e-02 1.339537e+02 1.208312e+02 0.902037
5.918000 4.645231e-02 1.333575e+02 1.202915e+02 0.902023
5.924000 4.654536e-02 1.327645e+02 1.197547e+02 0.902009
5.930000 4.663849e-02 1.321746e+02 1.192208e+02 0.901994
5.936000 4.673171e-02 1.315879e+02 1.186896e+02 0.901980
5.942000 4.682502e-02 1.310042e+02 1.181613e+02 0.901966
5.948000 4.691842e-02 1.304236e+02 1.176358e+02 0.901952
5.954000 4.701192e-02 1.298461e+02 1.171131e+02 0.901937
5.960000 4.710550e-02 1.292717e+02 1.165931e+02 0.901923
5.966000 4.719917e-02 1.287002e+02 1.160759e+02 0.901909
5.972000 4.729292e-02 1.281318e+02 1.155614e+02 0.901895
5.978000 4.738677e-02 1.275663e+02 1.150496e+02 0.901881
5.984000 4.748071e-02 1.270039e+02 1.145405e+02 0.901866
5.990000 4.757474e-02 1.264443e+02 1.140341e+02 0.901852
5.996000 4.766886e-02 1.258877e+02 1.135304e+02 0.901838
6.002000 4.776306e-02 1.253341e+02 1.130293e+02 0.901824
6.008000 4.785736e-02 1.247833e+02 1.125308e+02 0.901810
6.014000 4.795174e-02 1.242354e+02 1.120350e+02 0.901796
6.020000 4.804621e-02 1.236904e+02 1.115417e+02 0.901782
6.026000 4.814078e-02 1.231482e+02 1.110511e+02 0.901768
6.032000 4.823543e-02 1.226088e+02 1.105630e+02 0.901754
6.038000 4.833017e-02 1.220722e+02 1.100774e+02 0.901740
6.044000 4.842500e-02 1.215385e+02 1.095944e+02 0.901726
6.050000 4.851992e-02 1.210075e+02 1.091139e+02 0.901712
6.056000 4.861493e-02 1.204793e+02 1.086360e+02 0.901698
6.062000 4.871003e-02 1.199538e+02 1.081605e+02 0.901685
6.068000 4.880522e-02 1.194310e+02 1.076874e+02 0.901671
6.074000 4.890049e-02 1.189110e+02 1.072169e+02 0.901657
6.080000 4.899586e-02 1.183936e+02 1.067488e+02 0.901643
6.086000 4.909132e-02 1.178789e+02 1.062831e+02 0.901629
6.092000 4.918686e-02 1.173669e+02 1.058198e+02 0.901616
6.098000 4.928249e-02 1.168575e+02 1.053589e+02 0.901602
6.104000 4.937821e-02 1.163507e+02 1.049004e+02 0.901588
6.110000 4.947403e-02 1.158466e+02 1.044443e+02 0.901574
6.116000 4.956993e-02 1.153450e+02 1.039906e+02 0.901561
6.122000 4.966592e-02 1.148461e+02 1.035392e+02 0.901547
6.128000 4.976199e-02 1.143497e+02 1.030901e+02 0.901533
6.134000 4.985816e-02 1.138558e+02 1.026433e+02 0.901520
6.140000 4.995442e-02 1.133645e+02 1.021988e+02 0.901506
6.146000 5.005076e-02 1.128757e+02 1.017566e+02 0.901493
6.152000 5.014720e-02 1.123894e+02 1.013167e+02 0.901479
6.158000 5.024372e-02 1.119056e+02 1.008790e+02 0.901465
6.164000 5.034033e-02 1.114243e+02 1.004436e+02 0.901452
6.170000 5.043703e-02 1.109454e+02 1.000104e+02 0.901438
6.176000 5.053382e-02 1.104690e+02 9.957948e+01 0.901425
6.182000 5.063070e-02 1.099950e+02 9.915072e+01 0.901411
6.188000 5.072767e-02 1.095234e+02 9.872415e+01 0.901398
6.194000 5.082473e-02 1.090542e+02 9.829976e+01 0.901385
6.200000 5.092187e-02 1.085874e+02 9.787754e+01 0.901371
6.206000 5.101911e-02 1.081230e+02 9.745747e+01 0.901358
6.212000 5.111643e-02 1.076609e+02 9.703955e+01 0.901344
6.218000 5.121384e-02 1.072012e+02 9.662374e+01 0.901331
6.224000 5.131134e-02 1.067438e+02 9.621005e+01 0.901318
6.230000 5.140893e-02 1.062887e+02 9.579847e+01 0.901304
6.236000 5.150661e-02 1.058359e+02 9.538897e+01 0.901291
6.242000 5.160438e-02 1.053854e+02 9.498155e+01 0.901278
6.248000 5.170223e-02 1.049372e+02 9.457620e+01 0.901264
6.254000 5.180018e-02 1.044913e+02 9.417290e+01 0.901251
6.260000 5.189821e-02 1.040476e+02 9.377164e+01 0.901238
6.266000 5.199633e-02 1.036061e+02 9.337240e+01 0.901225
6.272000 5.209454e-02 1.031669e+02 9.297519e+01 0.901212
6.278000 5.219284e-02 1.027299e+02 9.257997e+01 0.901198
6.284000 5.229123e-02 1.022950e+02 9.218676e+01 0.901185
6.290000 5.238971e-02 1.018624e+02 9.179552e+01 0.901172
6.296000 5.248827e-02 1.014319e+02 9.140625e+01 0.901159
6.302000 5.258693e-02 1.010036e+02 9.101894e+01 0.901146
6.308000 5.268567e-02 1.005774e+02 9.063357e+01 0.901133
6.314000 5.278450e-02 1.001533e+02 9.025015e+01 0.901120
6.320000 5.288342e-02 9.973141e+01 8.986864e+01 0.901107
6.326000 5.298243e-02 9.931159e+01 8.948904e+01 0.901094
6.332000 5.308152e-02 9.889387e+01 8.911135e+01 0.901081
6.338000 5.318071e-02 9.847823e+01 8.873554e+01 0.901068
6.344000 5.327998e-02 9.806466e+01 8.836162e+01 0.901055
6.350000 5.337934e-02 9.765315e+01 8.798955e+01 0.901042
6.356000 5.347879e-02 9.724368e+01 8.761936e+01 0.901029
6.362000 5.357833e-02 9.683625e+01 8.725100e+01 0.901016
6.368000 5.367796e-02 9.643085e+01 8.688448e+01 0.901003
6.374000 5.377768e-02 9.602745e+01 8.651979e+01 0.900990
6.380000 5.387748e-02 9.562606e+01 8.615690e+01 0.900977
6.386000 5.397737e-02 9.522665e+01 8.579583e+01 0.900964
6.392000 5.407735e-02 9.482923e+01 8.543654e+01 0.900952
6.398000 5.417742e-02 9.443376e+01 8.507904e+01 0.900939
6.404000 5.427758e-02 9.404025e+01 8.472330e+01 0.900926
6.410000 5.437782e-02 9.364868e+01 8.436933e+01 0.900913
6.416000 5.447816e-02 9.325905e+01 8.401712e+01 0.900900
6.422000 5.457858e-02 9.287133e+01 8.366664e+01 0.900888
6.428000 5.467909e-02 9.248553e+01 8.331790e+01 0.900875
6.434000 5.477969e-02 9.210162e+01 8.297087e+01 0.900862
6.440000 5.488038e-02 9.171960e+01 8.262556e+01 0.900850
6.446000 5.498115e-02 9.133946e+01 8.228196e+01 0.900837
6.452000 5.508202e-02 9.096118e+01 8.194004e+01 0.900824
6.458000 5.518297e-02 9.058475e+01 8.159980e+01 0.900812
6.464000 5.528401e-02 9.021017e+01 8.126124e+01 0.900799
6.470000 5.538514e-02 8.983743e+01 8.092434e+01 0.900786
6.476000 5.548635e-02 8.946651e+01 8.058909e+01 0.900774
6.482000 5.558766e-02 8.909740e+01 8.025549e+01 0.900761
6.488000 5.568905e-02 8.873009e+01 7.992353e+01 0.900749
6.494000 5.579053e-02 8.836458e+01 7.959318e+01 0.900736
6.500000 5.589210e-02 8.800085e+01 7.926445e+01 0.900724
