15.000000 5.892175e+00 7.796244e-05 2.029959e-05 0.260377
15.001000 5.892733e+00 7.791249e-05 2.024537e-05 0.259848
15.002000 5.893292e+00 7.786257e-05 2.023246e-05 0.259848
15.003000 5.893850e+00 7.781268e-05 2.027416e-05 0.260551
15.004000 5.894408e+00 7.776284e-05 2.022742e-05 0.260117
15.005000 5.894966e+00 7.771302e-05 2.027496e-05 0.260895
15.006000 5.895524e+00 7.766324e-05 2.018090e-05 0.259851
15.007000 5.896082e+00 7.761349e-05 2.020209e-05 0.260291
15.008000 5.896640e+00 7.756378e-05 2.016850e-05 0.260025
15.009000 5.897199e+00 7.751411e-05 2.016303e-05 0.260121
15.010000 5.897757e+00 7.746446e-05 2.012949e-05 0.259855
15.011000 5.898315e+00 7.741485e-05 2.013733e-05 0.260122
15.012000 5.898873e+00 7.736528e-05 2.010384e-05 0.259856
15.013000 5.899431e+00 7.731574e-05 2.014530e-05 0.260559
15.014000 5.899989e+00 7.726623e-05 2.011213e-05 0.260296
15.015000 5.900547e+00 7.721676e-05 2.004449e-05 0.259587
15.016000 5.901105e+00 7.716732e-05 2.005264e-05 0.259859
15.017000 5.901663e+00 7.711792e-05 2.008076e-05 0.260390
15.018000 5.902221e+00 7.706855e-05 2.008796e-05 0.260651
15.019000 5.902779e+00 7.701921e-05 2.004814e-05 0.260300
15.020000 5.903337e+00 7.696991e-05 2.004241e-05 0.260393
15.021000 5.903895e+00 7.692065e-05 1.996798e-05 0.259592
15.022000 5.904453e+00 7.687141e-05 1.998931e-05 0.260036
15.023000 5.905011e+00 7.682221e-05 2.000414e-05 0.260395
15.024000 5.905569e+00 7.677305e-05 1.992984e-05 0.259594
15.025000 5.906127e+00 7.672391e-05 1.999184e-05 0.260569
15.026000 5.906685e+00 7.667482e-05 1.990446e-05 0.259596
15.027000 5.907243e+00 7.662575e-05 1.993305e-05 0.260135
15.028000 5.907801e+00 7.657672e-05 1.992036e-05 0.260136
15.029000 5.908359e+00 7.652773e-05 1.996083e-05 0.260831
15.030000 5.908917e+00 7.647876e-05 1.985380e-05 0.259599
15.031000 5.909475e+00 7.642984e-05 1.986190e-05 0.259871
15.032000 5.910033e+00 7.638094e-05 1.984925e-05 0.259872
15.033000 5.910591e+00 7.633208e-05 1.989695e-05 0.260663
15.034000 5.911149e+00 7.628325e-05 1.993614e-05 0.261344
15.035000 5.911707e+00 7.623446e-05 1.981137e-05 0.259874
15.036000 5.912265e+00 7.618570e-05 1.983920e-05 0.260406
15.037000 5.912823e+00 7.613697e-05 1.978616e-05 0.259876
15.038000 5.913381e+00 7.608828e-05 1.975290e-05 0.259605
15.039000 5.913939e+00 7.603962e-05 1.985361e-05 0.261096
15.040000 5.914497e+00 7.599099e-05 1.972777e-05 0.259607
15.041000 5.915055e+00 7.594240e-05 1.979588e-05 0.260670
15.042000 5.915613e+00 7.589384e-05 1.970267e-05 0.259608
15.043000 5.916171e+00 7.584531e-05 1.977070e-05 0.260671
15.044000 5.916729e+00 7.579682e-05 1.971846e-05 0.260149
15.045000 5.917286e+00 7.574836e-05 1.972588e-05 0.260413
15.046000 5.917844e+00 7.569994e-05 1.969338e-05 0.260151
15.047000 5.918402e+00 7.565155e-05 1.968085e-05 0.260151
15.048000 5.918960e+00 7.560319e-05 1.970124e-05 0.260587
15.049000 5.919518e+00 7.555486e-05 1.967574e-05 0.260417
15.050000 5.920076e+00 7.550657e-05 1.962312e-05 0.259886
15.051000 5.920634e+00 7.545831e-05 1.967033e-05 0.260678
15.052000 5.921192e+00 7.541009e-05 1.961835e-05 0.260155
15.053000 5.921749e+00 7.536190e-05 1.962574e-05 0.260420
15.054000 5.922307e+00 7.531374e-05 1.961326e-05 0.260421
15.055000 5.922865e+00 7.526561e-05 1.956080e-05 0.259890
15.056000 5.923423e+00 7.521752e-05 1.964006e-05 0.261110
15.057000 5.923981e+00 7.516946e-05 1.953593e-05 0.259892
15.058000 5.924539e+00 7.512144e-05 1.956344e-05 0.260424
15.059000 5.925096e+00 7.507344e-05 1.951110e-05 0.259893
15.060000 5.925654e+00 7.502548e-05 1.947830e-05 0.259622
15.061000 5.926212e+00 7.497756e-05 1.952615e-05 0.260427
15.062000 5.926770e+00 7.492966e-05 1.949398e-05 0.260164
15.063000 5.927328e+00 7.488180e-05 1.946153e-05 0.259897
15.064000 5.927885e+00 7.483397e-05 1.948895e-05 0.260429
15.065000 5.928443e+00 7.478618e-05 1.943680e-05 0.259898
15.066000 5.929001e+00 7.473842e-05 1.940413e-05 0.259627
15.067000 5.929559e+00 7.469069e-05 1.947125e-05 0.260692
15.068000 5.930116e+00 7.464299e-05 1.943947e-05 0.260433
15.069000 5.930674e+00 7.459533e-05 1.944652e-05 0.260693
15.070000 5.931232e+00 7.454770e-05 1.939510e-05 0.260170
15.071000 5.931790e+00 7.450010e-05 1.938278e-05 0.260171
15.072000 5.932347e+00 7.445254e-05 1.935052e-05 0.259904
15.073000 5.932905e+00 7.440501e-05 1.935816e-05 0.260173
15.074000 5.933463e+00 7.435751e-05 1.932594e-05 0.259906
15.075000 5.934021e+00 7.431004e-05 1.933358e-05 0.260174
15.076000 5.934578e+00 7.426261e-05 1.936023e-05 0.260700
15.077000 5.935136e+00 7.421521e-05 1.924844e-05 0.259360
15.078000 5.935694e+00 7.416784e-05 1.929676e-05 0.260177
15.079000 5.936251e+00 7.412050e-05 1.924448e-05 0.259638
15.080000 5.936809e+00 7.407320e-05 1.925241e-05 0.259911
15.081000 5.937367e+00 7.402593e-05 1.924019e-05 0.259911
15.082000 5.937924e+00 7.397869e-05 1.926734e-05 0.260444
15.083000 5.938482e+00 7.393149e-05 1.925511e-05 0.260445
15.084000 5.939040e+00 7.388431e-05 1.918345e-05 0.259642
15.085000 5.939597e+00 7.383717e-05 1.923067e-05 0.260447
15.086000 5.940155e+00 7.379007e-05 1.921846e-05 0.260448
15.087000 5.940713e+00 7.374299e-05 1.916701e-05 0.259916
15.088000 5.941270e+00 7.369595e-05 1.913478e-05 0.259645
15.089000 5.941828e+00 7.364894e-05 1.920107e-05 0.260711
15.090000 5.942385e+00 7.360196e-05 1.922640e-05 0.261221
15.091000 5.942943e+00 7.355501e-05 1.913813e-05 0.260188
15.092000 5.943501e+00 7.350810e-05 1.916455e-05 0.260713
15.093000 5.944058e+00 7.346122e-05 1.907414e-05 0.259649
15.094000 5.944616e+00 7.341437e-05 1.906203e-05 0.259650
15.095000 5.945173e+00 7.336755e-05 1.900904e-05 0.259093
15.096000 5.945731e+00 7.332077e-05 1.907749e-05 0.260192
15.097000 5.946289e+00 7.327402e-05 1.906539e-05 0.260193
15.098000 5.946846e+00 7.322730e-05 1.906585e-05 0.260365
15.099000 5.947404e+00 7.318061e-05 1.900164e-05 0.259654
15.100000 5.947961e+00 7.313396e-05 1.910480e-05 0.261230
15.101000 5.948519e+00 7.308733e-05 1.905542e-05 0.260721
15.102000 5.949076e+00 7.304074e-05 1.900500e-05 0.260197
15.103000 5.949634e+00 7.299418e-05 1.891277e-05 0.259100
15.104000 5.950191e+00 7.294766e-05 1.898090e-05 0.260199
15.105000 5.950749e+00 7.290116e-05 1.900714e-05 0.260725
15.106000 5.951306e+00 7.285470e-05 1.899509e-05 0.260726
15.107000 5.951864e+00 7.280827e-05 1.886483e-05 0.259103
15.108000 5.952422e+00 7.276187e-05 1.889345e-05 0.259661
15.109000 5.952979e+00 7.271550e-05 1.888147e-05 0.259662
15.110000 5.953537e+00 7.266917e-05 1.886950e-05 0.259663
15.111000 5.954094e+00 7.262287e-05 1.885754e-05 0.259664
15.112000 5.954651e+00 7.257659e-05 1.884558e-05 0.259665
15.113000 5.955209e+00 7.253036e-05 1.887288e-05 0.260207
15.114000 5.955766e+00 7.248415e-05 1.889899e-05 0.260733
15.115000 5.956324e+00 7.243797e-05 1.884897e-05 0.260208
15.116000 5.956881e+00 7.239183e-05 1.883702e-05 0.260209
15.117000 5.957439e+00 7.234572e-05 1.882509e-05 0.260210
15.118000 5.957996e+00 7.229964e-05 1.885114e-05 0.260736
15.119000 5.958554e+00 7.225359e-05 1.876213e-05 0.259671
15.120000 5.959111e+00 7.220757e-05 1.878933e-05 0.260213
15.121000 5.959669e+00 7.216159e-05 1.877742e-05 0.260214
15.122000 5.960226e+00 7.211564e-05 1.876553e-05 0.260214
15.123000 5.960783e+00 7.206971e-05 1.871462e-05 0.259674
15.124000 5.961341e+00 7.202382e-05 1.870277e-05 0.259675
15.125000 5.961898e+00 7.197797e-05 1.872989e-05 0.260217
15.126000 5.962456e+00 7.193214e-05 1.867908e-05 0.259676
15.127000 5.963013e+00 7.188634e-05 1.870617e-05 0.260219
15.128000 5.963570e+00 7.184058e-05 1.865542e-05 0.259678
15.129000 5.964128e+00 7.179485e-05 1.872023e-05 0.260746
15.130000 5.964685e+00 7.174915e-05 1.867066e-05 0.260221
15.131000 5.965242e+00 7.170348e-05 1.869653e-05 0.260748
15.132000 5.965800e+00 7.165784e-05 1.864702e-05 0.260223
15.133000 5.966357e+00 7.161223e-05 1.863522e-05 0.260224
15.134000 5.966914e+00 7.156666e-05 1.858465e-05 0.259683
15.135000 5.967472e+00 7.152112e-05 1.864924e-05 0.260752
15.136000 5.968029e+00 7.147560e-05 1.856113e-05 0.259685
15.137000 5.968586e+00 7.143012e-05 1.862564e-05 0.260753
15.138000 5.969144e+00 7.138467e-05 1.857631e-05 0.260228
15.139000 5.969701e+00 7.133926e-05 1.852590e-05 0.259687
15.140000 5.970258e+00 7.129387e-05 1.846165e-05 0.258951
15.141000 5.970816e+00 7.124851e-05 1.854107e-05 0.260231
15.142000 5.971373e+00 7.120319e-05 1.852934e-05 0.260232
15.143000 5.971930e+00 7.115790e-05 1.855504e-05 0.260759
15.144000 5.972488e+00 7.111264e-05 1.846735e-05 0.259692
15.145000 5.973045e+00 7.106741e-05 1.849419e-05 0.260234
15.146000 5.973602e+00 7.102221e-05 1.844399e-05 0.259693
15.147000 5.974159e+00 7.097704e-05 1.843232e-05 0.259694
15.148000 5.974717e+00 7.093190e-05 1.845911e-05 0.260237
15.149000 5.975274e+00 7.088679e-05 1.844744e-05 0.260238
15.150000 5.975831e+00 7.084172e-05 1.839736e-05 0.259697
15.151000 5.976388e+00 7.079667e-05 1.846137e-05 0.260766
15.152000 5.976946e+00 7.075166e-05 1.841246e-05 0.260241
15.153000 5.977503e+00 7.070668e-05 1.840081e-05 0.260242
15.154000 5.978060e+00 7.066173e-05 1.838918e-05 0.260242
15.155000 5.978617e+00 7.061681e-05 1.829976e-05 0.259142
15.156000 5.979174e+00 7.057192e-05 1.828818e-05 0.259143
15.157000 5.979732e+00 7.052706e-05 1.831607e-05 0.259703
15.158000 5.980289e+00 7.048223e-05 1.834272e-05 0.260246
15.159000 5.980846e+00 7.043744e-05 1.828038e-05 0.259526
15.160000 5.981403e+00 7.039267e-05 1.828135e-05 0.259705
15.161000 5.981960e+00 7.034794e-05 1.830795e-05 0.260249
15.162000 5.982517e+00 7.030323e-05 1.825824e-05 0.259707
15.163000 5.983075e+00 7.025856e-05 1.828482e-05 0.260250
15.164000 5.983632e+00 7.021392e-05 1.823516e-05 0.259709
15.165000 5.984189e+00 7.016931e-05 1.824923e-05 0.260074
15.166000 5.984746e+00 7.012472e-05 1.825017e-05 0.260253
15.167000 5.985303e+00 7.008017e-05 1.816139e-05 0.259152
15.168000 5.985860e+00 7.003565e-05 1.814991e-05 0.259152
15.169000 5.986417e+00 6.999117e-05 1.821560e-05 0.260256
15.170000 5.986975e+00 6.994671e-05 1.820409e-05 0.260257
15.171000 5.987532e+00 6.990228e-05 1.822942e-05 0.260784
15.172000 5.988089e+00 6.985788e-05 1.814318e-05 0.259716
15.173000 5.988646e+00 6.981352e-05 1.816962e-05 0.260259
15.174000 5.989203e+00 6.976918e-05 1.808120e-05 0.259157
15.175000 5.989760e+00 6.972487e-05 1.821910e-05 0.261300
15.176000 5.990317e+00 6.968060e-05 1.805837e-05 0.259159
15.177000 5.990874e+00 6.963635e-05 1.808595e-05 0.259720
15.178000 5.991431e+00 6.959214e-05 1.811232e-05 0.260264
15.179000 5.991988e+00 6.954796e-05 1.810088e-05 0.260265
15.180000 5.992545e+00 6.950380e-05 1.808945e-05 0.260266
15.181000 5.993102e+00 6.945968e-05 1.807803e-05 0.260267
15.182000 5.993659e+00 6.941559e-05 1.802891e-05 0.259724
15.183000 5.994216e+00 6.937153e-05 1.792623e-05 0.258409
15.184000 5.994773e+00 6.932749e-05 1.804381e-05 0.260269
15.185000 5.995330e+00 6.928349e-05 1.803242e-05 0.260270
15.186000 5.995887e+00 6.923952e-05 1.802104e-05 0.260271
15.187000 5.996444e+00 6.919558e-05 1.800967e-05 0.260272
15.188000 5.997001e+00 6.915167e-05 1.799830e-05 0.260273
15.189000 5.997558e+00 6.910779e-05 1.798694e-05 0.260274
15.190000 5.998115e+00 6.906394e-05 1.804739e-05 0.261314
15.191000 5.998672e+00 6.902012e-05 1.796425e-05 0.260276
15.192000 5.999229e+00 6.897633e-05 1.795292e-05 0.260276
15.193000 5.999786e+00 6.893257e-05 1.794159e-05 0.260277
15.194000 6.000343e+00 6.888884e-05 1.789283e-05 0.259735
15.195000 6.000900e+00 6.884514e-05 1.791896e-05 0.260279
15.196000 6.001457e+00 6.880147e-05 1.794395e-05 0.260808
15.197000 6.002014e+00 6.875783e-05 1.793263e-05 0.260809
15.198000 6.002571e+00 6.871422e-05 1.788507e-05 0.260282
15.199000 6.003128e+00 6.867064e-05 1.783646e-05 0.259739
15.200000 6.003685e+00 6.862710e-05 1.786252e-05 0.260284
15.201000 6.004242e+00 6.858358e-05 1.781397e-05 0.259741
15.202000 6.004799e+00 6.854009e-05 1.787616e-05 0.260813
15.203000 6.005356e+00 6.849663e-05 1.786489e-05 0.260814
15.204000 6.005912e+00 6.845320e-05 1.778028e-05 0.259744
15.205000 6.006469e+00 6.840980e-05 1.787744e-05 0.261329
15.206000 6.007026e+00 6.836643e-05 1.779505e-05 0.260289
15.207000 6.007583e+00 6.832309e-05 1.777169e-05 0.260112
15.208000 6.008140e+00 6.827978e-05 1.777262e-05 0.260291
15.209000 6.008697e+00 6.823650e-05 1.772430e-05 0.259748
15.210000 6.009254e+00 6.819325e-05 1.777410e-05 0.260643
15.211000 6.009810e+00 6.815003e-05 1.765162e-05 0.259011
15.212000 6.010367e+00 6.810684e-05 1.772785e-05 0.260295
15.213000 6.010924e+00 6.806368e-05 1.766756e-05 0.259574
15.214000 6.011481e+00 6.802054e-05 1.774143e-05 0.260825
15.215000 6.012038e+00 6.797744e-05 1.769436e-05 0.260298
15.216000 6.012595e+00 6.793437e-05 1.759606e-05 0.259016
15.217000 6.013151e+00 6.789133e-05 1.763513e-05 0.259755
15.218000 6.013708e+00 6.784831e-05 1.761196e-05 0.259578
15.219000 6.014265e+00 6.780533e-05 1.761291e-05 0.259757
15.220000 6.014822e+00 6.776238e-05 1.755174e-05 0.259019
15.221000 6.015378e+00 6.771945e-05 1.762758e-05 0.260303
15.222000 6.015935e+00 6.767656e-05 1.752963e-05 0.259021
15.223000 6.016492e+00 6.763369e-05 1.764111e-05 0.260833
15.224000 6.017049e+00 6.759086e-05 1.759430e-05 0.260306
15.225000 6.017606e+00 6.754805e-05 1.758322e-05 0.260307
15.226000 6.018162e+00 6.750528e-05 1.760781e-05 0.260836
15.227000 6.018719e+00 6.746253e-05 1.752435e-05 0.259764
15.228000 6.019276e+00 6.741981e-05 1.747546e-05 0.259204
15.229000 6.019832e+00 6.737712e-05 1.752701e-05 0.260133
15.230000 6.020389e+00 6.733446e-05 1.749127e-05 0.259767
15.231000 6.020946e+00 6.729183e-05 1.751690e-05 0.260312
15.232000 6.021503e+00 6.724923e-05 1.750587e-05 0.260313
15.233000 6.022059e+00 6.720666e-05 1.749485e-05 0.260314
15.234000 6.022616e+00 6.716412e-05 1.751934e-05 0.260844
15.235000 6.023173e+00 6.712161e-05 1.743628e-05 0.259771
15.236000 6.023729e+00 6.707913e-05 1.744993e-05 0.260139
15.237000 6.024286e+00 6.703667e-05 1.740243e-05 0.259596
15.238000 6.024843e+00 6.699425e-05 1.736573e-05 0.259212
15.239000 6.025399e+00 6.695185e-05 1.742890e-05 0.260320
15.240000 6.025956e+00 6.690949e-05 1.741793e-05 0.260321
15.241000 6.026513e+00 6.686715e-05 1.740697e-05 0.260322
15.242000 6.027069e+00 6.682484e-05 1.732206e-05 0.259216
15.243000 6.027626e+00 6.678256e-05 1.738508e-05 0.260324
15.244000 6.028182e+00 6.674031e-05 1.737414e-05 0.260325
15.245000 6.028739e+00 6.669809e-05 1.736321e-05 0.260325
15.246000 6.029296e+00 6.665590e-05 1.734046e-05 0.260149
15.247000 6.029852e+00 6.661374e-05 1.737661e-05 0.260856
15.248000 6.030409e+00 6.657160e-05 1.728237e-05 0.259606
15.249000 6.030965e+00 6.652950e-05 1.731957e-05 0.260329
15.250000 6.031522e+00 6.648742e-05 1.737802e-05 0.261373
15.251000 6.032079e+00 6.644538e-05 1.726158e-05 0.259786
15.252000 6.032635e+00 6.640336e-05 1.720160e-05 0.259047
15.253000 6.033192e+00 6.636137e-05 1.722810e-05 0.259610
15.254000 6.033748e+00 6.631941e-05 1.726519e-05 0.260334
15.255000 6.034305e+00 6.627748e-05 1.721820e-05 0.259790
15.256000 6.034861e+00 6.623557e-05 1.724350e-05 0.260336
15.257000 6.035418e+00 6.619370e-05 1.723266e-05 0.260337
15.258000 6.035974e+00 6.615186e-05 1.722183e-05 0.260338
15.259000 6.036531e+00 6.611004e-05 1.721100e-05 0.260339
15.260000 6.037087e+00 6.606825e-05 1.711526e-05 0.259054
15.261000 6.037644e+00 6.602650e-05 1.718938e-05 0.260341
15.262000 6.038200e+00 6.598477e-05 1.713088e-05 0.259619
15.263000 6.038757e+00 6.594306e-05 1.712011e-05 0.259620
15.264000 6.039313e+00 6.590139e-05 1.712105e-05 0.259798
15.265000 6.039870e+00 6.585975e-05 1.718109e-05 0.260874
15.266000 6.040426e+00 6.581813e-05 1.713545e-05 0.260345
15.267000 6.040983e+00 6.577655e-05 1.705178e-05 0.259238
15.268000 6.041539e+00 6.573499e-05 1.710226e-05 0.260170
15.269000 6.042096e+00 6.569346e-05 1.709152e-05 0.260171
15.270000 6.042652e+00 6.565196e-05 1.708079e-05 0.260172
15.271000 6.043209e+00 6.561049e-05 1.711645e-05 0.260880
15.272000 6.043765e+00 6.556905e-05 1.703519e-05 0.259805
15.273000 6.044322e+00 6.552763e-05 1.704863e-05 0.260175
15.274000 6.044878e+00 6.548624e-05 1.708423e-05 0.260883
15.275000 6.045434e+00 6.544489e-05 1.707350e-05 0.260884
15.276000 6.045991e+00 6.540356e-05 1.698083e-05 0.259632
15.277000 6.046547e+00 6.536226e-05 1.698177e-05 0.259810
15.278000 6.047104e+00 6.532098e-05 1.704137e-05 0.260887
15.279000 6.047660e+00 6.527974e-05 1.699609e-05 0.260358
15.280000 6.048216e+00 6.523852e-05 1.693823e-05 0.259635
15.281000 6.048773e+00 6.519733e-05 1.704286e-05 0.261404
15.282000 6.049329e+00 6.515618e-05 1.696411e-05 0.260361
15.283000 6.049885e+00 6.511504e-05 1.695346e-05 0.260362
15.284000 6.050442e+00 6.507394e-05 1.689574e-05 0.259639
15.285000 6.050998e+00 6.503287e-05 1.689668e-05 0.259817
15.286000 6.051554e+00 6.499182e-05 1.687455e-05 0.259641
15.287000 6.052111e+00 6.495080e-05 1.686396e-05 0.259642
15.288000 6.052667e+00 6.490981e-05 1.682832e-05 0.259257
15.289000 6.053223e+00 6.486885e-05 1.688974e-05 0.260367
15.290000 6.053780e+00 6.482792e-05 1.691351e-05 0.260899
15.291000 6.054336e+00 6.478701e-05 1.693626e-05 0.261414
15.292000 6.054892e+00 6.474614e-05 1.682260e-05 0.259824
15.293000 6.055449e+00 6.470529e-05 1.683593e-05 0.260194
15.294000 6.056005e+00 6.466447e-05 1.680151e-05 0.259826
15.295000 6.056561e+00 6.462367e-05 1.677951e-05 0.259650
15.296000 6.057117e+00 6.458291e-05 1.681573e-05 0.260374
15.297000 6.057674e+00 6.454217e-05 1.675847e-05 0.259651
15.298000 6.058230e+00 6.450146e-05 1.674796e-05 0.259652
15.299000 6.058786e+00 6.446078e-05 1.674889e-05 0.259831
15.300000 6.059342e+00 6.442013e-05 1.673839e-05 0.259832
15.301000 6.059899e+00 6.437951e-05 1.678581e-05 0.260732
15.302000 6.060455e+00 6.433891e-05 1.670600e-05 0.259656
15.303000 6.061011e+00 6.429834e-05 1.674207e-05 0.260381
15.304000 6.061567e+00 6.425780e-05 1.664883e-05 0.259094
15.305000 6.062123e+00 6.421729e-05 1.670971e-05 0.260206
15.306000 6.062680e+00 6.417680e-05 1.667553e-05 0.259837
15.307000 6.063236e+00 6.413635e-05 1.668877e-05 0.260208
15.308000 6.063792e+00 6.409592e-05 1.664327e-05 0.259662
15.309000 6.064348e+00 6.405551e-05 1.670186e-05 0.260740
15.310000 6.064904e+00 6.401514e-05 1.663376e-05 0.259841
15.311000 6.065460e+00 6.397479e-05 1.664699e-05 0.260212
15.312000 6.066017e+00 6.393448e-05 1.660159e-05 0.259666
15.313000 6.066573e+00 6.389418e-05 1.666005e-05 0.260744
15.314000 6.067129e+00 6.385392e-05 1.661572e-05 0.260215
15.315000 6.067685e+00 6.381369e-05 1.661663e-05 0.260393
15.316000 6.068241e+00 6.377348e-05 1.648690e-05 0.258523
15.317000 6.068797e+00 6.373330e-05 1.659582e-05 0.260395
15.318000 6.069353e+00 6.369315e-05 1.657414e-05 0.260219
15.319000 6.069910e+00 6.365302e-05 1.659756e-05 0.260750
15.320000 6.070466e+00 6.361293e-05 1.648269e-05 0.259109
15.321000 6.071022e+00 6.357286e-05 1.654303e-05 0.260222
15.322000 6.071578e+00 6.353281e-05 1.649791e-05 0.259675
15.323000 6.072134e+00 6.349280e-05 1.652232e-05 0.260224
15.324000 6.072690e+00 6.345281e-05 1.652322e-05 0.260402
15.325000 6.073246e+00 6.341285e-05 1.646694e-05 0.259678
15.326000 6.073802e+00 6.337292e-05 1.646786e-05 0.259856
15.327000 6.074358e+00 6.333302e-05 1.644633e-05 0.259680
15.328000 6.074914e+00 6.329314e-05 1.644725e-05 0.259858
15.329000 6.075470e+00 6.325329e-05 1.650518e-05 0.260938
15.330000 6.076026e+00 6.321347e-05 1.649485e-05 0.260939
15.331000 6.076582e+00 6.317367e-05 1.645097e-05 0.260409
15.332000 6.077138e+00 6.313391e-05 1.639493e-05 0.259685
15.333000 6.077694e+00 6.309417e-05 1.643039e-05 0.260411
15.334000 6.078250e+00 6.305445e-05 1.637442e-05 0.259687
15.335000 6.078806e+00 6.301477e-05 1.636417e-05 0.259688
15.336000 6.079362e+00 6.297511e-05 1.642189e-05 0.260768
15.337000 6.079918e+00 6.293548e-05 1.634371e-05 0.259690
15.338000 6.080474e+00 6.289587e-05 1.636793e-05 0.260239
15.339000 6.081030e+00 6.285630e-05 1.636883e-05 0.260417
15.340000 6.081586e+00 6.281675e-05 1.639198e-05 0.260949
15.341000 6.082142e+00 6.277723e-05 1.626738e-05 0.259129
15.342000 6.082698e+00 6.273773e-05 1.629266e-05 0.259695
15.343000 6.083254e+00 6.269826e-05 1.628247e-05 0.259696
15.344000 6.083810e+00 6.265882e-05 1.627229e-05 0.259697
15.345000 6.084366e+00 6.261941e-05 1.622673e-05 0.259133
15.346000 6.084922e+00 6.258002e-05 1.625195e-05 0.259699
15.347000 6.085478e+00 6.254066e-05 1.625286e-05 0.259877
15.348000 6.086033e+00 6.250133e-05 1.623163e-05 0.259701
15.349000 6.086589e+00 6.246203e-05 1.623255e-05 0.259879
15.350000 6.087145e+00 6.242275e-05 1.625661e-05 0.260428
15.351000 6.087701e+00 6.238350e-05 1.627963e-05 0.260960
15.352000 6.088257e+00 6.234427e-05 1.619109e-05 0.259705
15.353000 6.088813e+00 6.230508e-05 1.621512e-05 0.260254
15.354000 6.089369e+00 6.226591e-05 1.617086e-05 0.259706
15.355000 6.089925e+00 6.222676e-05 1.620589e-05 0.260433
15.356000 6.090480e+00 6.218765e-05 1.618475e-05 0.260257
15.357000 6.091036e+00 6.214856e-05 1.618564e-05 0.260435
15.358000 6.091592e+00 6.210949e-05 1.609536e-05 0.259145
15.359000 6.092148e+00 6.207046e-05 1.612041e-05 0.259711
15.360000 6.092704e+00 6.203145e-05 1.615533e-05 0.260438
15.361000 6.093260e+00 6.199247e-05 1.613427e-05 0.260262
15.362000 6.093815e+00 6.195351e-05 1.609022e-05 0.259714
15.363000 6.094371e+00 6.191458e-05 1.608017e-05 0.259715
15.364000 6.094927e+00 6.187568e-05 1.610406e-05 0.260265
15.365000 6.095483e+00 6.183681e-05 1.606009e-05 0.259717
15.366000 6.096038e+00 6.179796e-05 1.612779e-05 0.260976
15.367000 6.096594e+00 6.175914e-05 1.607392e-05 0.260268
15.368000 6.097150e+00 6.172034e-05 1.599510e-05 0.259154
15.369000 6.097706e+00 6.168157e-05 1.602002e-05 0.259721
15.370000 6.098261e+00 6.164283e-05 1.604384e-05 0.260271
15.371000 6.098817e+00 6.160412e-05 1.603382e-05 0.260272
15.372000 6.099373e+00 6.156543e-05 1.599004e-05 0.259724
15.373000 6.099929e+00 6.152677e-05 1.601382e-05 0.260274
15.374000 6.100484e+00 6.148813e-05 1.598097e-05 0.259903
15.375000 6.101040e+00 6.144952e-05 1.603743e-05 0.260985
15.376000 6.101596e+00 6.141094e-05 1.595016e-05 0.259728
15.377000 6.102151e+00 6.137238e-05 1.597389e-05 0.260278
15.378000 6.102707e+00 6.133386e-05 1.597478e-05 0.260456
15.379000 6.103263e+00 6.129535e-05 1.595396e-05 0.260280
15.380000 6.103819e+00 6.125688e-05 1.594401e-05 0.260281
15.381000 6.104374e+00 6.121843e-05 1.590046e-05 0.259733
15.382000 6.104930e+00 6.118000e-05 1.592413e-05 0.260283
15.383000 6.105485e+00 6.114161e-05 1.588063e-05 0.259735
15.384000 6.106041e+00 6.110324e-05 1.587073e-05 0.259736
15.385000 6.106597e+00 6.106489e-05 1.589436e-05 0.260286
15.386000 6.107152e+00 6.102657e-05 1.595933e-05 0.261514
15.387000 6.107708e+00 6.098828e-05 1.585184e-05 0.259916
15.388000 6.108264e+00 6.095002e-05 1.583117e-05 0.259740
15.389000 6.108819e+00 6.091178e-05 1.586553e-05 0.260467
15.390000 6.109375e+00 6.087357e-05 1.581144e-05 0.259742
15.391000 6.109930e+00 6.083538e-05 1.583499e-05 0.260293
15.392000 6.110486e+00 6.079722e-05 1.579173e-05 0.259744
15.393000 6.111042e+00 6.075909e-05 1.581526e-05 0.260295
15.394000 6.111597e+00 6.072098e-05 1.580540e-05 0.260296
15.395000 6.112153e+00 6.068290e-05 1.579555e-05 0.260297
15.396000 6.112708e+00 6.064484e-05 1.571803e-05 0.259182
15.397000 6.113264e+00 6.060681e-05 1.577588e-05 0.260299
15.398000 6.113819e+00 6.056881e-05 1.573277e-05 0.259750
15.399000 6.114375e+00 6.053083e-05 1.578849e-05 0.260834
15.400000 6.114930e+00 6.049288e-05 1.574641e-05 0.260302
15.401000 6.115486e+00 6.045496e-05 1.581083e-05 0.261531
15.402000 6.116041e+00 6.041706e-05 1.572680e-05 0.260304
15.403000 6.116597e+00 6.037919e-05 1.564959e-05 0.259188
15.404000 6.117152e+00 6.034134e-05 1.570721e-05 0.260306
15.405000 6.117708e+00 6.030352e-05 1.567495e-05 0.259934
15.406000 6.118263e+00 6.026573e-05 1.568766e-05 0.260308
15.407000 6.118819e+00 6.022796e-05 1.567789e-05 0.260309
15.408000 6.119374e+00 6.019021e-05 1.566813e-05 0.260310
15.409000 6.119930e+00 6.015250e-05 1.562530e-05 0.259761
15.410000 6.120485e+00 6.011481e-05 1.561557e-05 0.259762
15.411000 6.121041e+00 6.007714e-05 1.564951e-05 0.260490
15.412000 6.121596e+00 6.003950e-05 1.562915e-05 0.260314
15.413000 6.122152e+00 6.000189e-05 1.558642e-05 0.259766
15.414000 6.122707e+00 5.996430e-05 1.560970e-05 0.260316
15.415000 6.123262e+00 5.992674e-05 1.556703e-05 0.259768
15.416000 6.123818e+00 5.988921e-05 1.559027e-05 0.260319
15.417000 6.124373e+00 5.985170e-05 1.554765e-05 0.259770
15.418000 6.124929e+00 5.981421e-05 1.553798e-05 0.259771
15.419000 6.125484e+00 5.977675e-05 1.552831e-05 0.259772
15.420000 6.126039e+00 5.973932e-05 1.551865e-05 0.259773
15.421000 6.126595e+00 5.970192e-05 1.557370e-05 0.260858
15.422000 6.127150e+00 5.966453e-05 1.549934e-05 0.259775
15.423000 6.127705e+00 5.962718e-05 1.548970e-05 0.259776
15.424000 6.128261e+00 5.958985e-05 1.551285e-05 0.260327
15.425000 6.128816e+00 5.955255e-05 1.547043e-05 0.259778
15.426000 6.129372e+00 5.951527e-05 1.550408e-05 0.260506
15.427000 6.129927e+00 5.947801e-05 1.546171e-05 0.259957
15.428000 6.130482e+00 5.944079e-05 1.544158e-05 0.259781
15.429000 6.131037e+00 5.940358e-05 1.546467e-05 0.260332
15.430000 6.131593e+00 5.936641e-05 1.542238e-05 0.259783
15.431000 6.132148e+00 5.932926e-05 1.547713e-05 0.260868
15.432000 6.132703e+00 5.929213e-05 1.543584e-05 0.260335
15.433000 6.133259e+00 5.925503e-05 1.542625e-05 0.260337
15.434000 6.133814e+00 5.921796e-05 1.538406e-05 0.259787
15.435000 6.134369e+00 5.918091e-05 1.541754e-05 0.260515
15.436000 6.134924e+00 5.914389e-05 1.542909e-05 0.260874
15.437000 6.135480e+00 5.910689e-05 1.535539e-05 0.259790
15.438000 6.136035e+00 5.906992e-05 1.537837e-05 0.260342
15.439000 6.136590e+00 5.903297e-05 1.536881e-05 0.260343
15.440000 6.137145e+00 5.899605e-05 1.535926e-05 0.260344
15.441000 6.137701e+00 5.895915e-05 1.534972e-05 0.260345
15.442000 6.138256e+00 5.892228e-05 1.534019e-05 0.260346
15.443000 6.138811e+00 5.888544e-05 1.536212e-05 0.260881
15.444000 6.139366e+00 5.884862e-05 1.532113e-05 0.260348
15.445000 6.139921e+00 5.881182e-05 1.531162e-05 0.260349
15.446000 6.140477e+00 5.877505e-05 1.533352e-05 0.260885
15.447000 6.141032e+00 5.873831e-05 1.529260e-05 0.260351
15.448000 6.141587e+00 5.870159e-05 1.528310e-05 0.260352
15.449000 6.142142e+00 5.866490e-05 1.524129e-05 0.259803
15.450000 6.142697e+00 5.862823e-05 1.527449e-05 0.260531
15.451000 6.143252e+00 5.859158e-05 1.528597e-05 0.260890
15.452000 6.143808e+00 5.855497e-05 1.528683e-05 0.261068
15.453000 6.144363e+00 5.851837e-05 1.523572e-05 0.260358
15.454000 6.144918e+00 5.848181e-05 1.525753e-05 0.260894
15.455000 6.145473e+00 5.844526e-05 1.518460e-05 0.259809
15.456000 6.146028e+00 5.840875e-05 1.520736e-05 0.260361
15.457000 6.146583e+00 5.837225e-05 1.519792e-05 0.260362
15.458000 6.147138e+00 5.833578e-05 1.518849e-05 0.260363
15.459000 6.147693e+00 5.829934e-05 1.514693e-05 0.259813
15.460000 6.148248e+00 5.826292e-05 1.513753e-05 0.259814
15.461000 6.148804e+00 5.822653e-05 1.517052e-05 0.260543
15.462000 6.149359e+00 5.819017e-05 1.511875e-05 0.259816
15.463000 6.149914e+00 5.815382e-05 1.510937e-05 0.259817
15.464000 6.150469e+00 5.811751e-05 1.513204e-05 0.260370
15.465000 6.151024e+00 5.808121e-05 1.509062e-05 0.259819
15.466000 6.151579e+00 5.804495e-05 1.508126e-05 0.259820
15.467000 6.152134e+00 5.800870e-05 1.507191e-05 0.259821
15.468000 6.152689e+00 5.797248e-05 1.512554e-05 0.260909
15.469000 6.153244e+00 5.793629e-05 1.505321e-05 0.259824
15.470000 6.153799e+00 5.790012e-05 1.507581e-05 0.260376
15.471000 6.154354e+00 5.786398e-05 1.509743e-05 0.260912
15.472000 6.154909e+00 5.782786e-05 1.505712e-05 0.260378
15.473000 6.155464e+00 5.779177e-05 1.501591e-05 0.259828
15.474000 6.156019e+00 5.775570e-05 1.500660e-05 0.259829
15.475000 6.156574e+00 5.771966e-05 1.502913e-05 0.260382
15.476000 6.157129e+00 5.768364e-05 1.495516e-05 0.259262
15.477000 6.157684e+00 5.764764e-05 1.497870e-05 0.259832
15.478000 6.158239e+00 5.761167e-05 1.496942e-05 0.259833
15.479000 6.158794e+00 5.757573e-05 1.496014e-05 0.259834
15.480000 6.159349e+00 5.753981e-05 1.501342e-05 0.260922
15.481000 6.159903e+00 5.750391e-05 1.490886e-05 0.259267
15.482000 6.160458e+00 5.746804e-05 1.489962e-05 0.259268
15.483000 6.161013e+00 5.743219e-05 1.496493e-05 0.260567
15.484000 6.161568e+00 5.739637e-05 1.492397e-05 0.260016
15.485000 6.162123e+00 5.736057e-05 1.493626e-05 0.260392
15.486000 6.162678e+00 5.732480e-05 1.492701e-05 0.260394
15.487000 6.163233e+00 5.728905e-05 1.491776e-05 0.260395
15.488000 6.163788e+00 5.725333e-05 1.484431e-05 0.259274
15.489000 6.164343e+00 5.721763e-05 1.486770e-05 0.259845
15.490000 6.164897e+00 5.718196e-05 1.482592e-05 0.259276
15.491000 6.165452e+00 5.714631e-05 1.484929e-05 0.259847
15.492000 6.166007e+00 5.711068e-05 1.487163e-05 0.260400
15.493000 6.166562e+00 5.707508e-05 1.486242e-05 0.260401
15.494000 6.167117e+00 5.703950e-05 1.485322e-05 0.260402
15.495000 6.167672e+00 5.700395e-05 1.487456e-05 0.260939
15.496000 6.168226e+00 5.696842e-05 1.484489e-05 0.260581
15.497000 6.168781e+00 5.693292e-05 1.482565e-05 0.260406
15.498000 6.169336e+00 5.689744e-05 1.484696e-05 0.260943
15.499000 6.169891e+00 5.686199e-05 1.477590e-05 0.259855
15.500000 6.170446e+00 5.682656e-05 1.480817e-05 0.260585
15.501000 6.171000e+00 5.679115e-05 1.475761e-05 0.259858
15.502000 6.171555e+00 5.675577e-05 1.477983e-05 0.260411
15.503000 6.172110e+00 5.672041e-05 1.477069e-05 0.260412
15.504000 6.172665e+00 5.668508e-05 1.476155e-05 0.260413
15.505000 6.173219e+00 5.664977e-05 1.475242e-05 0.260414
15.506000 6.173774e+00 5.661449e-05 1.471201e-05 0.259863
15.507000 6.174329e+00 5.657922e-05 1.470290e-05 0.259864
15.508000 6.174884e+00 5.654399e-05 1.476535e-05 0.261130
15.509000 6.175438e+00 5.650878e-05 1.468472e-05 0.259866
15.510000 6.175993e+00 5.647359e-05 1.470685e-05 0.260420
15.511000 6.176548e+00 5.643843e-05 1.466656e-05 0.259868
15.512000 6.177102e+00 5.640329e-05 1.469862e-05 0.260599
15.513000 6.177657e+00 5.636817e-05 1.464842e-05 0.259870
15.514000 6.178212e+00 5.633308e-05 1.463936e-05 0.259872
15.515000 6.178766e+00 5.629801e-05 1.466144e-05 0.260425
15.516000 6.179321e+00 5.626297e-05 1.465237e-05 0.260427
15.517000 6.179876e+00 5.622795e-05 1.467348e-05 0.260964
15.518000 6.180430e+00 5.619296e-05 1.463427e-05 0.260429
15.519000 6.180985e+00 5.615799e-05 1.462522e-05 0.260430
15.520000 6.181540e+00 5.612304e-05 1.462608e-05 0.260607
15.521000 6.182094e+00 5.608812e-05 1.460715e-05 0.260432
15.522000 6.182649e+00 5.605322e-05 1.459812e-05 0.260433
15.523000 6.183203e+00 5.601834e-05 1.455812e-05 0.259881
15.524000 6.183758e+00 5.598349e-05 1.451717e-05 0.259312
15.525000 6.184313e+00 5.594866e-05 1.457108e-05 0.260437
15.526000 6.184867e+00 5.591386e-05 1.455181e-05 0.260254
15.527000 6.185422e+00 5.587908e-05 1.459293e-05 0.261152
15.528000 6.185976e+00 5.584433e-05 1.454409e-05 0.260440
15.529000 6.186531e+00 5.580959e-05 1.456507e-05 0.260978
15.530000 6.187085e+00 5.577489e-05 1.449527e-05 0.259889
15.531000 6.187640e+00 5.574020e-05 1.451716e-05 0.260443
15.532000 6.188195e+00 5.570554e-05 1.447737e-05 0.259891
15.533000 6.188749e+00 5.567091e-05 1.443665e-05 0.259321
15.534000 6.189304e+00 5.563629e-05 1.452016e-05 0.260984
15.535000 6.189858e+00 5.560171e-05 1.448134e-05 0.260448
15.536000 6.190413e+00 5.556714e-05 1.450224e-05 0.260986
15.537000 6.190967e+00 5.553260e-05 1.446347e-05 0.260450
15.538000 6.191522e+00 5.549808e-05 1.445454e-05 0.260451
15.539000 6.192076e+00 5.546359e-05 1.444562e-05 0.260452
15.540000 6.192631e+00 5.542912e-05 1.446647e-05 0.260990
15.541000 6.193185e+00 5.539467e-05 1.436548e-05 0.259330
15.542000 6.193739e+00 5.536025e-05 1.444862e-05 0.260993
15.543000 6.194294e+00 5.532585e-05 1.437936e-05 0.259903
15.544000 6.194848e+00 5.529147e-05 1.437049e-05 0.259904
15.545000 6.195403e+00 5.525712e-05 1.442190e-05 0.260996
15.546000 6.195957e+00 5.522279e-05 1.441300e-05 0.260997
15.547000 6.196512e+00 5.518849e-05 1.437447e-05 0.260461
15.548000 6.197066e+00 5.515421e-05 1.436560e-05 0.260462
15.549000 6.197620e+00 5.511995e-05 1.438635e-05 0.261001
15.550000 6.198175e+00 5.508571e-05 1.425338e-05 0.258749
15.551000 6.198729e+00 5.505150e-05 1.433904e-05 0.260466
15.552000 6.199284e+00 5.501732e-05 1.433019e-05 0.260467
15.553000 6.199838e+00 5.498315e-05 1.425947e-05 0.259343
15.554000 6.200392e+00 5.494901e-05 1.431253e-05 0.260469
15.555000 6.200947e+00 5.491490e-05 1.430370e-05 0.260470
15.556000 6.201501e+00 5.488080e-05 1.429488e-05 0.260471
15.557000 6.202055e+00 5.484673e-05 1.425568e-05 0.259919
15.558000 6.202610e+00 5.481269e-05 1.424689e-05 0.259920
15.559000 6.203164e+00 5.477866e-05 1.426847e-05 0.260475
15.560000 6.203718e+00 5.474466e-05 1.422933e-05 0.259922
15.561000 6.204273e+00 5.471069e-05 1.422056e-05 0.259923
15.562000 6.204827e+00 5.467673e-05 1.427150e-05 0.261016
15.563000 6.205381e+00 5.464280e-05 1.420304e-05 0.259925
15.564000 6.205936e+00 5.460889e-05 1.422456e-05 0.260481
15.565000 6.206490e+00 5.457501e-05 1.421579e-05 0.260482
15.566000 6.207044e+00 5.454115e-05 1.417680e-05 0.259929
15.567000 6.207598e+00 5.450731e-05 1.416807e-05 0.259930
15.568000 6.208153e+00 5.447350e-05 1.418954e-05 0.260485
15.569000 6.208707e+00 5.443971e-05 1.415061e-05 0.259932
15.570000 6.209261e+00 5.440594e-05 1.411077e-05 0.259361
15.571000 6.209815e+00 5.437220e-05 1.416334e-05 0.260489
15.572000 6.210370e+00 5.433848e-05 1.415461e-05 0.260490
15.573000 6.210924e+00 5.430478e-05 1.414590e-05 0.260491
15.574000 6.211478e+00 5.427110e-05 1.413719e-05 0.260492
15.575000 6.212032e+00 5.423745e-05 1.409840e-05 0.259939
15.576000 6.212586e+00 5.420382e-05 1.411979e-05 0.260494
15.577000 6.213141e+00 5.417022e-05 1.411110e-05 0.260495
15.578000 6.213695e+00 5.413664e-05 1.407238e-05 0.259942
15.579000 6.214249e+00 5.410308e-05 1.409373e-05 0.260498
15.580000 6.214803e+00 5.406954e-05 1.405506e-05 0.259944
15.581000 6.215357e+00 5.403603e-05 1.413370e-05 0.261561
15.582000 6.215911e+00 5.400254e-05 1.406772e-05 0.260501
15.583000 6.216466e+00 5.396907e-05 1.402912e-05 0.259947
15.584000 6.217020e+00 5.393562e-05 1.402049e-05 0.259949
15.585000 6.217574e+00 5.390220e-05 1.401186e-05 0.259950
15.586000 6.218128e+00 5.386880e-05 1.400324e-05 0.259951
15.587000 6.218682e+00 5.383543e-05 1.399463e-05 0.259952
15.588000 6.219236e+00 5.380208e-05 1.398602e-05 0.259953
15.589000 6.219790e+00 5.376875e-05 1.394662e-05 0.259382
15.590000 6.220344e+00 5.373544e-05 1.393804e-05 0.259383
15.591000 6.220898e+00 5.370215e-05 1.399003e-05 0.260512
15.592000 6.221452e+00 5.366889e-05 1.387930e-05 0.258610
15.593000 6.222006e+00 5.363565e-05 1.397283e-05 0.260514
15.594000 6.222560e+00 5.360244e-05 1.393448e-05 0.259960
15.595000 6.223115e+00 5.356925e-05 1.392591e-05 0.259961
15.596000 6.223669e+00 5.353608e-05 1.394708e-05 0.260517
15.597000 6.224223e+00 5.350293e-05 1.393850e-05 0.260519
15.598000 6.224777e+00 5.346980e-05 1.395874e-05 0.261058
15.599000 6.225331e+00 5.343670e-05 1.385128e-05 0.259209
15.600000 6.225885e+00 5.340362e-05 1.388316e-05 0.259967
15.601000 6.226439e+00 5.337057e-05 1.387463e-05 0.259968
15.602000 6.226993e+00 5.333753e-05 1.382576e-05 0.259213
15.603000 6.227547e+00 5.330452e-05 1.388719e-05 0.260525
15.604000 6.228101e+00 5.327153e-05 1.387865e-05 0.260527
15.605000 6.228655e+00 5.323857e-05 1.387013e-05 0.260528
15.606000 6.229208e+00 5.320562e-05 1.383205e-05 0.259973
15.607000 6.229762e+00 5.317270e-05 1.385309e-05 0.260530
15.608000 6.230316e+00 5.313980e-05 1.381506e-05 0.259976
15.609000 6.230870e+00 5.310693e-05 1.383608e-05 0.260532
15.610000 6.231424e+00 5.307408e-05 1.382758e-05 0.260534
15.611000 6.231978e+00 5.304125e-05 1.377990e-05 0.259796
15.612000 6.232532e+00 5.300844e-05 1.370964e-05 0.258631
15.613000 6.233086e+00 5.297565e-05 1.380212e-05 0.260537
15.614000 6.233640e+00 5.294289e-05 1.379365e-05 0.260538
15.615000 6.234194e+00 5.291015e-05 1.375577e-05 0.259984
15.616000 6.234748e+00 5.287743e-05 1.374733e-05 0.259985
15.617000 6.235301e+00 5.284473e-05 1.370858e-05 0.259412
15.618000 6.235855e+00 5.281206e-05 1.378829e-05 0.261082
15.619000 6.236409e+00 5.277941e-05 1.371236e-05 0.259805
15.620000 6.236963e+00 5.274678e-05 1.371360e-05 0.259989
15.621000 6.237517e+00 5.271418e-05 1.367494e-05 0.259417
15.622000 6.238071e+00 5.268159e-05 1.372607e-05 0.260548
15.623000 6.238624e+00 5.264903e-05 1.371764e-05 0.260549
15.624000 6.239178e+00 5.261649e-05 1.373761e-05 0.261089
15.625000 6.239732e+00 5.258398e-05 1.367158e-05 0.259995
15.626000 6.240286e+00 5.255148e-05 1.363303e-05 0.259422
15.627000 6.240840e+00 5.251901e-05 1.365481e-05 0.259997
15.628000 6.241393e+00 5.248656e-05 1.367562e-05 0.260555
15.629000 6.241947e+00 5.245413e-05 1.363806e-05 0.260000
15.630000 6.242501e+00 5.242173e-05 1.365885e-05 0.260557
15.631000 6.243055e+00 5.238934e-05 1.362133e-05 0.260002
15.632000 6.243608e+00 5.235698e-05 1.358292e-05 0.259429
15.633000 6.244162e+00 5.232464e-05 1.360463e-05 0.260004
15.634000 6.244716e+00 5.229233e-05 1.359629e-05 0.260005
15.635000 6.245270e+00 5.226003e-05 1.358795e-05 0.260007
15.636000 6.245823e+00 5.222776e-05 1.360868e-05 0.260564
15.637000 6.246377e+00 5.219551e-05 1.357130e-05 0.260009
15.638000 6.246931e+00 5.216328e-05 1.352347e-05 0.259253
15.639000 6.247484e+00 5.213108e-05 1.358367e-05 0.260568
15.640000 6.248038e+00 5.209889e-05 1.357535e-05 0.260569
15.641000 6.248592e+00 5.206673e-05 1.356703e-05 0.260570
15.642000 6.249145e+00 5.203459e-05 1.352023e-05 0.259832
15.643000 6.249699e+00 5.200248e-05 1.351194e-05 0.259833
15.644000 6.250253e+00 5.197038e-05 1.354211e-05 0.260574
15.645000 6.250806e+00 5.193831e-05 1.353381e-05 0.260575
15.646000 6.251360e+00 5.190625e-05 1.349663e-05 0.260019
15.647000 6.251914e+00 5.187422e-05 1.354525e-05 0.261117
15.648000 6.252467e+00 5.184222e-05 1.348010e-05 0.260022
15.649000 6.253021e+00 5.181023e-05 1.343259e-05 0.259265
15.650000 6.253575e+00 5.177827e-05 1.345411e-05 0.259841
15.651000 6.254128e+00 5.174633e-05 1.348416e-05 0.260582
15.652000 6.254682e+00 5.171441e-05 1.344710e-05 0.260026
15.653000 6.255235e+00 5.168251e-05 1.346765e-05 0.260584
15.654000 6.255789e+00 5.165063e-05 1.351439e-05 0.261650
15.655000 6.256342e+00 5.161878e-05 1.345117e-05 0.260587
15.656000 6.256896e+00 5.158694e-05 1.341420e-05 0.260031
15.657000 6.257449e+00 5.155513e-05 1.340599e-05 0.260032
15.658000 6.258003e+00 5.152335e-05 1.342648e-05 0.260590
15.659000 6.258557e+00 5.149158e-05 1.344609e-05 0.261132
15.660000 6.259110e+00 5.145983e-05 1.343786e-05 0.261133
15.661000 6.259664e+00 5.142811e-05 1.333422e-05 0.259279
15.662000 6.260217e+00 5.139641e-05 1.333546e-05 0.259463
15.663000 6.260771e+00 5.136473e-05 1.337606e-05 0.260413
15.664000 6.261324e+00 5.133307e-05 1.334866e-05 0.260040
15.665000 6.261878e+00 5.130143e-05 1.331100e-05 0.259466
15.666000 6.262431e+00 5.126982e-05 1.329347e-05 0.259284
15.667000 6.262984e+00 5.123822e-05 1.332418e-05 0.260044
15.668000 6.263538e+00 5.120665e-05 1.328658e-05 0.259470
15.669000 6.264091e+00 5.117510e-05 1.327845e-05 0.259471
15.670000 6.264645e+00 5.114357e-05 1.329975e-05 0.260047
15.671000 6.265198e+00 5.111207e-05 1.334774e-05 0.261147
15.672000 6.265752e+00 5.108058e-05 1.328349e-05 0.260050
15.673000 6.266305e+00 5.104912e-05 1.324599e-05 0.259475
15.674000 6.266858e+00 5.101768e-05 1.329569e-05 0.260609
15.675000 6.267412e+00 5.098626e-05 1.331513e-05 0.261151
15.676000 6.267965e+00 5.095486e-05 1.325103e-05 0.260054
15.677000 6.268519e+00 5.092348e-05 1.327133e-05 0.260613
15.678000 6.269072e+00 5.089212e-05 1.326322e-05 0.260614
15.679000 6.269625e+00 5.086079e-05 1.322675e-05 0.260058
15.680000 6.270179e+00 5.082948e-05 1.324701e-05 0.260617
15.681000 6.270732e+00 5.079818e-05 1.320129e-05 0.259877
15.682000 6.271285e+00 5.076691e-05 1.320251e-05 0.260061
15.683000 6.271839e+00 5.073567e-05 1.322275e-05 0.260620
15.684000 6.272392e+00 5.070444e-05 1.318639e-05 0.260064
15.685000 6.272945e+00 5.067323e-05 1.320660e-05 0.260623
15.686000 6.273499e+00 5.064205e-05 1.317028e-05 0.260066
15.687000 6.274052e+00 5.061089e-05 1.321786e-05 0.261166
15.688000 6.274605e+00 5.057974e-05 1.314494e-05 0.259886
15.689000 6.275159e+00 5.054862e-05 1.316512e-05 0.260445
15.690000 6.275712e+00 5.051752e-05 1.316632e-05 0.260629
15.691000 6.276265e+00 5.048645e-05 1.313011e-05 0.260072
15.692000 6.276818e+00 5.045539e-05 1.315025e-05 0.260631
15.693000 6.277372e+00 5.042435e-05 1.310486e-05 0.259891
15.694000 6.277925e+00 5.039334e-05 1.310608e-05 0.260076
15.695000 6.278478e+00 5.036235e-05 1.309808e-05 0.260077
15.696000 6.279031e+00 5.033138e-05 1.311818e-05 0.260636
15.697000 6.279585e+00 5.030043e-05 1.313740e-05 0.261179
15.698000 6.280138e+00 5.026950e-05 1.307411e-05 0.260080
15.699000 6.280691e+00 5.023859e-05 1.309418e-05 0.260640
15.700000 6.281244e+00 5.020770e-05 1.308619e-05 0.260641
15.701000 6.281797e+00 5.017684e-05 1.307820e-05 0.260642
15.702000 6.282351e+00 5.014599e-05 1.306105e-05 0.260461
15.703000 6.282904e+00 5.011517e-05 1.302510e-05 0.259903
15.704000 6.283457e+00 5.008437e-05 1.295848e-05 0.258733
15.705000 6.284010e+00 5.005359e-05 1.304632e-05 0.260647
15.706000 6.284563e+00 5.002283e-05 1.305631e-05 0.261007
15.707000 6.285116e+00 4.999209e-05 1.299335e-05 0.259908
15.708000 6.285669e+00 4.996137e-05 1.296577e-05 0.259516
15.709000 6.286222e+00 4.993067e-05 1.294873e-05 0.259334
15.710000 6.286776e+00 4.990000e-05 1.303363e-05 0.261195
15.711000 6.287329e+00 4.986934e-05 1.297081e-05 0.260096
15.712000 6.287882e+00 4.983871e-05 1.296290e-05 0.260097
15.713000 6.288435e+00 4.980810e-05 1.292628e-05 0.259522
15.714000 6.288988e+00 4.977751e-05 1.294710e-05 0.260099
15.715000 6.289541e+00 4.974694e-05 1.293921e-05 0.260101
15.716000 6.290094e+00 4.971639e-05 1.293132e-05 0.260102
15.717000 6.290647e+00 4.968586e-05 1.291436e-05 0.259920
15.718000 6.291200e+00 4.965535e-05 1.297023e-05 0.261205
15.719000 6.291753e+00 4.962486e-05 1.296232e-05 0.261206
15.720000 6.292306e+00 4.959440e-05 1.292755e-05 0.260666
15.721000 6.292859e+00 4.956395e-05 1.291967e-05 0.260667
15.722000 6.293412e+00 4.953353e-05 1.288412e-05 0.260109
15.723000 6.293965e+00 4.950312e-05 1.286722e-05 0.259927
15.724000 6.294518e+00 4.947274e-05 1.283988e-05 0.259535
15.725000 6.295071e+00 4.944238e-05 1.286059e-05 0.260113
15.726000 6.295624e+00 4.941204e-05 1.281522e-05 0.259354
15.727000 6.296177e+00 4.938172e-05 1.284493e-05 0.260115
15.728000 6.296730e+00 4.935142e-05 1.283711e-05 0.260116
15.729000 6.297283e+00 4.932114e-05 1.282028e-05 0.259935
15.730000 6.297836e+00 4.929088e-05 1.282148e-05 0.260119
15.731000 6.298389e+00 4.926064e-05 1.284122e-05 0.260679
15.732000 6.298942e+00 4.923042e-05 1.280587e-05 0.260121
15.733000 6.299495e+00 4.920023e-05 1.279808e-05 0.260122
15.734000 6.300048e+00 4.917005e-05 1.279029e-05 0.260124
15.735000 6.300601e+00 4.913990e-05 1.278250e-05 0.260125
15.736000 6.301153e+00 4.910976e-05 1.276575e-05 0.259943
15.737000 6.301706e+00 4.907965e-05 1.273862e-05 0.259550
15.738000 6.302259e+00 4.904956e-05 1.278662e-05 0.260688
15.739000 6.302812e+00 4.901949e-05 1.277884e-05 0.260689
15.740000 6.303365e+00 4.898943e-05 1.274366e-05 0.260131
15.741000 6.303918e+00 4.895940e-05 1.272696e-05 0.259949
15.742000 6.304471e+00 4.892939e-05 1.272816e-05 0.260133
15.743000 6.305023e+00 4.889940e-05 1.273885e-05 0.260511
15.744000 6.305576e+00 4.886943e-05 1.273110e-05 0.260513
15.745000 6.306129e+00 4.883948e-05 1.269603e-05 0.259954
15.746000 6.306682e+00 4.880956e-05 1.269722e-05 0.260138
15.747000 6.307235e+00 4.877965e-05 1.271680e-05 0.260699
15.748000 6.307788e+00 4.874976e-05 1.268179e-05 0.260141
15.749000 6.308340e+00 4.871989e-05 1.263703e-05 0.259381
15.750000 6.308893e+00 4.869005e-05 1.272006e-05 0.261246
15.751000 6.309446e+00 4.866022e-05 1.265867e-05 0.260144
15.752000 6.309999e+00 4.863042e-05 1.267820e-05 0.260705
15.753000 6.310551e+00 4.860063e-05 1.267050e-05 0.260706
15.754000 6.311104e+00 4.857087e-05 1.257854e-05 0.258973
15.755000 6.311657e+00 4.854112e-05 1.262793e-05 0.260149
15.756000 6.312210e+00 4.851140e-05 1.262025e-05 0.260150
15.757000 6.312762e+00 4.848169e-05 1.260373e-05 0.259969
15.758000 6.313315e+00 4.845201e-05 1.263206e-05 0.260713
15.759000 6.313868e+00 4.842235e-05 1.262438e-05 0.260714
15.760000 6.314420e+00 4.839270e-05 1.261672e-05 0.260715
15.761000 6.314973e+00 4.836308e-05 1.258197e-05 0.260156
15.762000 6.315526e+00 4.833348e-05 1.262765e-05 0.261261
15.763000 6.316078e+00 4.830390e-05 1.258492e-05 0.260536
15.764000 6.316631e+00 4.827434e-05 1.252233e-05 0.259399
15.765000 6.317184e+00 4.824479e-05 1.255143e-05 0.260161
15.766000 6.317736e+00 4.821527e-05 1.250712e-05 0.259402
15.767000 6.318289e+00 4.818577e-05 1.256319e-05 0.260724
15.768000 6.318842e+00 4.815629e-05 1.258173e-05 0.261269
15.769000 6.319394e+00 4.812683e-05 1.253915e-05 0.260544
15.770000 6.319947e+00 4.809739e-05 1.254033e-05 0.260728
15.771000 6.320499e+00 4.806797e-05 1.250578e-05 0.260169
15.772000 6.321052e+00 4.803857e-05 1.249819e-05 0.260170
15.773000 6.321605e+00 4.800919e-05 1.246284e-05 0.259593
15.774000 6.322157e+00 4.797983e-05 1.244651e-05 0.259411
15.775000 6.322710e+00 4.795049e-05 1.249357e-05 0.260552
15.776000 6.323262e+00 4.792117e-05 1.249474e-05 0.260735
15.777000 6.323815e+00 4.789187e-05 1.245158e-05 0.259994
15.778000 6.324367e+00 4.786259e-05 1.244402e-05 0.259995
15.779000 6.324920e+00 4.783333e-05 1.244521e-05 0.260179
15.780000 6.325472e+00 4.780409e-05 1.241000e-05 0.259601
15.781000 6.326025e+00 4.777487e-05 1.243012e-05 0.260181
15.782000 6.326577e+00 4.774567e-05 1.244935e-05 0.260743
15.783000 6.327130e+00 4.771649e-05 1.235019e-05 0.258824
15.784000 6.327682e+00 4.768733e-05 1.239881e-05 0.260002
15.785000 6.328235e+00 4.765819e-05 1.245264e-05 0.261291
15.786000 6.328787e+00 4.762907e-05 1.236491e-05 0.259608
15.787000 6.329340e+00 4.759997e-05 1.237628e-05 0.260006
15.788000 6.329892e+00 4.757089e-05 1.236877e-05 0.260007
15.789000 6.330445e+00 4.754183e-05 1.233375e-05 0.259430
15.790000 6.330997e+00 4.751279e-05 1.235379e-05 0.260010
15.791000 6.331550e+00 4.748377e-05 1.238160e-05 0.260754
15.792000 6.332102e+00 4.745477e-05 1.237410e-05 0.260756
15.793000 6.332654e+00 4.742579e-05 1.227551e-05 0.258836
15.794000 6.333207e+00 4.739683e-05 1.232387e-05 0.260015
15.795000 6.333759e+00 4.736789e-05 1.232505e-05 0.260198
15.796000 6.334312e+00 4.733896e-05 1.234415e-05 0.260761
15.797000 6.334864e+00 4.731006e-05 1.227409e-05 0.259439
15.798000 6.335416e+00 4.728118e-05 1.235493e-05 0.261308
15.799000 6.335969e+00 4.725232e-05 1.234745e-05 0.261309
15.800000 6.336521e+00 4.722348e-05 1.225180e-05 0.259443
15.801000 6.337073e+00 4.719465e-05 1.229821e-05 0.260585
15.802000 6.337626e+00 4.716585e-05 1.226429e-05 0.260025
15.803000 6.338178e+00 4.713707e-05 1.225686e-05 0.260026
15.804000 6.338730e+00 4.710831e-05 1.224944e-05 0.260027
15.805000 6.339283e+00 4.707956e-05 1.225062e-05 0.260211
15.806000 6.339835e+00 4.705084e-05 1.226962e-05 0.260774
15.807000 6.340387e+00 4.702213e-05 1.226219e-05 0.260775
15.808000 6.340939e+00 4.699345e-05 1.222839e-05 0.260215
15.809000 6.341492e+00 4.696478e-05 1.221242e-05 0.260034
15.810000 6.342044e+00 4.693614e-05 1.217782e-05 0.259455
15.811000 6.342596e+00 4.690751e-05 1.217045e-05 0.259456
15.812000 6.343148e+00 4.687891e-05 1.217164e-05 0.259640
15.813000 6.343701e+00 4.685032e-05 1.220920e-05 0.260600
15.814000 6.344253e+00 4.682175e-05 1.212887e-05 0.259044
15.815000 6.344805e+00 4.679320e-05 1.219444e-05 0.260603
15.816000 6.345357e+00 4.676467e-05 1.219559e-05 0.260786
15.817000 6.345910e+00 4.673617e-05 1.215344e-05 0.260044
15.818000 6.346462e+00 4.670768e-05 1.214609e-05 0.260045
15.819000 6.347014e+00 4.667921e-05 1.214726e-05 0.260229
15.820000 6.347566e+00 4.665076e-05 1.213141e-05 0.260047
15.821000 6.348118e+00 4.662233e-05 1.215877e-05 0.260793
15.822000 6.348670e+00 4.659391e-05 1.211674e-05 0.260050
15.823000 6.349223e+00 4.656552e-05 1.214408e-05 0.260795
15.824000 6.349775e+00 4.653715e-05 1.210210e-05 0.260052
15.825000 6.350327e+00 4.650880e-05 1.212940e-05 0.260798
15.826000 6.350879e+00 4.648046e-05 1.208748e-05 0.260055
15.827000 6.351431e+00 4.645215e-05 1.208017e-05 0.260056
15.828000 6.351983e+00 4.642385e-05 1.210743e-05 0.260802
15.829000 6.352535e+00 4.639558e-05 1.206558e-05 0.260059
15.830000 6.353087e+00 4.636732e-05 1.205829e-05 0.260060
15.831000 6.353640e+00 4.633908e-05 1.205945e-05 0.260244
15.832000 6.354192e+00 4.631087e-05 1.204372e-05 0.260063
15.833000 6.354744e+00 4.628267e-05 1.203645e-05 0.260064
15.834000 6.355296e+00 4.625449e-05 1.202918e-05 0.260065
15.835000 6.355848e+00 4.622633e-05 1.199509e-05 0.259486
15.836000 6.356400e+00 4.619819e-05 1.204063e-05 0.260630
15.837000 6.356952e+00 4.617007e-05 1.205854e-05 0.261177
15.838000 6.357504e+00 4.614196e-05 1.203451e-05 0.260815
15.839000 6.358056e+00 4.611388e-05 1.200131e-05 0.260254
15.840000 6.358608e+00 4.608582e-05 1.201999e-05 0.260817
15.841000 6.359160e+00 4.605777e-05 1.198683e-05 0.260256
15.842000 6.359712e+00 4.602975e-05 1.199709e-05 0.260638
15.843000 6.360264e+00 4.600174e-05 1.197236e-05 0.260259
15.844000 6.360816e+00 4.597375e-05 1.193006e-05 0.259497
15.845000 6.361368e+00 4.594578e-05 1.200883e-05 0.261369
15.846000 6.361920e+00 4.591784e-05 1.191567e-05 0.259500
15.847000 6.362472e+00 4.588991e-05 1.193513e-05 0.260082
15.848000 6.363024e+00 4.586199e-05 1.196209e-05 0.260828
15.849000 6.363575e+00 4.583410e-05 1.192073e-05 0.260084
15.850000 6.364127e+00 4.580623e-05 1.193931e-05 0.260648
15.851000 6.364679e+00 4.577838e-05 1.190635e-05 0.260087
15.852000 6.365231e+00 4.575054e-05 1.190751e-05 0.260270
15.853000 6.365783e+00 4.572273e-05 1.191773e-05 0.260652
15.854000 6.366335e+00 4.569493e-05 1.191054e-05 0.260654
15.855000 6.366887e+00 4.566715e-05 1.190336e-05 0.260655
15.856000 6.367439e+00 4.563939e-05 1.187050e-05 0.260093
15.857000 6.367991e+00 4.561165e-05 1.188902e-05 0.260657
15.858000 6.368542e+00 4.558393e-05 1.186450e-05 0.260278
15.859000 6.369094e+00 4.555623e-05 1.184904e-05 0.260097
15.860000 6.369646e+00 4.552855e-05 1.184190e-05 0.260098
15.861000 6.370198e+00 4.550088e-05 1.183477e-05 0.260100
15.862000 6.370750e+00 4.547324e-05 1.177389e-05 0.258919
15.863000 6.371301e+00 4.544561e-05 1.182051e-05 0.260102
15.864000 6.371853e+00 4.541801e-05 1.184724e-05 0.260849
15.865000 6.372405e+00 4.539042e-05 1.177988e-05 0.259524
15.866000 6.372957e+00 4.536285e-05 1.179916e-05 0.260106
15.867000 6.373509e+00 4.533530e-05 1.179205e-05 0.260107
15.868000 6.374060e+00 4.530777e-05 1.178495e-05 0.260109
15.869000 6.374612e+00 4.528025e-05 1.175152e-05 0.259529
15.870000 6.375164e+00 4.525276e-05 1.179624e-05 0.260675
15.871000 6.375716e+00 4.522528e-05 1.174561e-05 0.259713
15.872000 6.376267e+00 4.519783e-05 1.170314e-05 0.258931
15.873000 6.376819e+00 4.517039e-05 1.174950e-05 0.260115
15.874000 6.377371e+00 4.514297e-05 1.174243e-05 0.260116
15.875000 6.377922e+00 4.511557e-05 1.170912e-05 0.259536
15.876000 6.378474e+00 4.508819e-05 1.175370e-05 0.260683
15.877000 6.379026e+00 4.506082e-05 1.175484e-05 0.260866
15.878000 6.379577e+00 4.503348e-05 1.172239e-05 0.260304
15.879000 6.380129e+00 4.500615e-05 1.171533e-05 0.260305
15.880000 6.380681e+00 4.497885e-05 1.170009e-05 0.260124
15.881000 6.381232e+00 4.495156e-05 1.169305e-05 0.260126
15.882000 6.381784e+00 4.492429e-05 1.171134e-05 0.260691
15.883000 6.382336e+00 4.489704e-05 1.165286e-05 0.259546
15.884000 6.382887e+00 4.486980e-05 1.170542e-05 0.260875
15.885000 6.383439e+00 4.484259e-05 1.167310e-05 0.260313
15.886000 6.383991e+00 4.481539e-05 1.160489e-05 0.258949
15.887000 6.384542e+00 4.478822e-05 1.168432e-05 0.260879
15.888000 6.385094e+00 4.476106e-05 1.165206e-05 0.260317
15.889000 6.385645e+00 4.473392e-05 1.166212e-05 0.260700
15.890000 6.386197e+00 4.470680e-05 1.163805e-05 0.260319
15.891000 6.386748e+00 4.467969e-05 1.157003e-05 0.258955
15.892000 6.387300e+00 4.465261e-05 1.164111e-05 0.260704
15.893000 6.387851e+00 4.462554e-05 1.158296e-05 0.259559
15.894000 6.388403e+00 4.459850e-05 1.157600e-05 0.259560
15.895000 6.388954e+00 4.457147e-05 1.164451e-05 0.261255
15.896000 6.389506e+00 4.454446e-05 1.153528e-05 0.258961
15.897000 6.390058e+00 4.451747e-05 1.158106e-05 0.260146
15.898000 6.390609e+00 4.449049e-05 1.154819e-05 0.259565
15.899000 6.391160e+00 4.446354e-05 1.154125e-05 0.259567
15.900000 6.391712e+00 4.443660e-05 1.153432e-05 0.259568
15.901000 6.392263e+00 4.440968e-05 1.155325e-05 0.260152
15.902000 6.392815e+00 4.438278e-05 1.159564e-05 0.261264
15.903000 6.393366e+00 4.435590e-05 1.157248e-05 0.260901
15.904000 6.393918e+00 4.432904e-05 1.154052e-05 0.260338
15.905000 6.394469e+00 4.430219e-05 1.155052e-05 0.260721
15.906000 6.395021e+00 4.427537e-05 1.149281e-05 0.259576
15.907000 6.395572e+00 4.424856e-05 1.153666e-05 0.260724
15.908000 6.396123e+00 4.422177e-05 1.150477e-05 0.260161
15.909000 6.396675e+00 4.419499e-05 1.148016e-05 0.259762
15.910000 6.397226e+00 4.416824e-05 1.146523e-05 0.259581
15.911000 6.397778e+00 4.414151e-05 1.143176e-05 0.258980
15.912000 6.398329e+00 4.411479e-05 1.151011e-05 0.260913
15.913000 6.398880e+00 4.408809e-05 1.147029e-05 0.260167
15.914000 6.399432e+00 4.406141e-05 1.146340e-05 0.260169
15.915000 6.399983e+00 4.403475e-05 1.148139e-05 0.260735
15.916000 6.400534e+00 4.400810e-05 1.142400e-05 0.259589
15.917000 6.401086e+00 4.398148e-05 1.144278e-05 0.260173
15.918000 6.401637e+00 4.395487e-05 1.141029e-05 0.259591
15.919000 6.402188e+00 4.392828e-05 1.142906e-05 0.260175
15.920000 6.402740e+00 4.390171e-05 1.145498e-05 0.260923
15.921000 6.403291e+00 4.387516e-05 1.141535e-05 0.260178
15.922000 6.403842e+00 4.384862e-05 1.138294e-05 0.259596
15.923000 6.404393e+00 4.382210e-05 1.142642e-05 0.260746
15.924000 6.404945e+00 4.379560e-05 1.144355e-05 0.261295
15.925000 6.405496e+00 4.376912e-05 1.139596e-05 0.260365
15.926000 6.406047e+00 4.374266e-05 1.132929e-05 0.258999
15.927000 6.406598e+00 4.371621e-05 1.140700e-05 0.260933
15.928000 6.407150e+00 4.368979e-05 1.136753e-05 0.260187
15.929000 6.407701e+00 4.366338e-05 1.139333e-05 0.260936
15.930000 6.408252e+00 4.363699e-05 1.137856e-05 0.260755
15.931000 6.408803e+00 4.361062e-05 1.137174e-05 0.260756
15.932000 6.409354e+00 4.358426e-05 1.136493e-05 0.260758
15.933000 6.409906e+00 4.355792e-05 1.135812e-05 0.260759
15.934000 6.410457e+00 4.353160e-05 1.135132e-05 0.260760
15.935000 6.411008e+00 4.350530e-05 1.134452e-05 0.260762
15.936000 6.411559e+00 4.347902e-05 1.134564e-05 0.260945
15.937000 6.412110e+00 4.345276e-05 1.135475e-05 0.261313
15.938000 6.412661e+00 4.342651e-05 1.127426e-05 0.259617
15.939000 6.413213e+00 4.340028e-05 1.129284e-05 0.260202
15.940000 6.413764e+00 4.337407e-05 1.126076e-05 0.259620
15.941000 6.414315e+00 4.334787e-05 1.127932e-05 0.260205
15.942000 6.414866e+00 4.332170e-05 1.127256e-05 0.260206
15.943000 6.415417e+00 4.329554e-05 1.129817e-05 0.260955
15.944000 6.415968e+00 4.326940e-05 1.123381e-05 0.259625
15.945000 6.416519e+00 4.324328e-05 1.127678e-05 0.260775
15.946000 6.417070e+00 4.321717e-05 1.124560e-05 0.260211
15.947000 6.417621e+00 4.319109e-05 1.123887e-05 0.260213
15.948000 6.418172e+00 4.316502e-05 1.123999e-05 0.260396
15.949000 6.418723e+00 4.313897e-05 1.124982e-05 0.260781
15.950000 6.419274e+00 4.311293e-05 1.121870e-05 0.260217
15.951000 6.419825e+00 4.308692e-05 1.121199e-05 0.260218
15.952000 6.420376e+00 4.306092e-05 1.126109e-05 0.261515
15.953000 6.420927e+00 4.303494e-05 1.117344e-05 0.259637
15.954000 6.421478e+00 4.300898e-05 1.119188e-05 0.260222
15.955000 6.422029e+00 4.298303e-05 1.118519e-05 0.260223
15.956000 6.422580e+00 4.295711e-05 1.118631e-05 0.260406
15.957000 6.423131e+00 4.293120e-05 1.117181e-05 0.260226
15.958000 6.423682e+00 4.290531e-05 1.116513e-05 0.260227
15.959000 6.424233e+00 4.287943e-05 1.115846e-05 0.260229
15.960000 6.424784e+00 4.285358e-05 1.115179e-05 0.260230
15.961000 6.425335e+00 4.282774e-05 1.109423e-05 0.259043
15.962000 6.425886e+00 4.280192e-05 1.116268e-05 0.260799
15.963000 6.426437e+00 4.277611e-05 1.115601e-05 0.260800
15.964000 6.426988e+00 4.275033e-05 1.113292e-05 0.260417
15.965000 6.427539e+00 4.272456e-05 1.111850e-05 0.260237
15.966000 6.428089e+00 4.269881e-05 1.108690e-05 0.259654
15.967000 6.428640e+00 4.267307e-05 1.108028e-05 0.259655
15.968000 6.429191e+00 4.264736e-05 1.109858e-05 0.260241
15.969000 6.429742e+00 4.262166e-05 1.109195e-05 0.260242
15.970000 6.430293e+00 4.259598e-05 1.110945e-05 0.260810
15.971000 6.430844e+00 4.257031e-05 1.110281e-05 0.260811
15.972000 6.431395e+00 4.254467e-05 1.110391e-05 0.260994
15.973000 6.431945e+00 4.251904e-05 1.101492e-05 0.259059
15.974000 6.432496e+00 4.249343e-05 1.105887e-05 0.260249
15.975000 6.433047e+00 4.246784e-05 1.107632e-05 0.260817
15.976000 6.433598e+00 4.244226e-05 1.106971e-05 0.260818
15.977000 6.434149e+00 4.241670e-05 1.106310e-05 0.260819
15.978000 6.434699e+00 4.239116e-05 1.100769e-05 0.259669
15.979000 6.435250e+00 4.236564e-05 1.097551e-05 0.259066
15.980000 6.435801e+00 4.234013e-05 1.101932e-05 0.260257
15.981000 6.436352e+00 4.231464e-05 1.103671e-05 0.260825
15.982000 6.436902e+00 4.228917e-05 1.100617e-05 0.260260
15.983000 6.437453e+00 4.226372e-05 1.099960e-05 0.260261
15.984000 6.438004e+00 4.223828e-05 1.099304e-05 0.260262
15.985000 6.438554e+00 4.221286e-05 1.096178e-05 0.259679
15.986000 6.439105e+00 4.218746e-05 1.095524e-05 0.259680
15.987000 6.439656e+00 4.216207e-05 1.099727e-05 0.260833
15.988000 6.440207e+00 4.213670e-05 1.099071e-05 0.260835
15.989000 6.440757e+00 4.211135e-05 1.093565e-05 0.259684
15.990000 6.441308e+00 4.208602e-05 1.092913e-05 0.259685
15.991000 6.441859e+00 4.206070e-05 1.097107e-05 0.260839
15.992000 6.442409e+00 4.203541e-05 1.096452e-05 0.260840
15.993000 6.442960e+00 4.201012e-05 1.087621e-05 0.258895
15.994000 6.443510e+00 4.198486e-05 1.092765e-05 0.260276
15.995000 6.444061e+00 4.195961e-05 1.089658e-05 0.259692
15.996000 6.444612e+00 4.193438e-05 1.091463e-05 0.260279
15.997000 6.445162e+00 4.190917e-05 1.088359e-05 0.259695
15.998000 6.445713e+00 4.188397e-05 1.092538e-05 0.260849
15.999000 6.446263e+00 4.185880e-05 1.091887e-05 0.260850
16.000000 6.446814e+00 4.183363e-05 1.086414e-05 0.259699
