0.500000 3.358099e-04 3.237545e+06 3.108962e+06 0.960284
0.506000 3.439170e-04 3.086572e+06 2.963534e+06 0.960138
0.512000 3.521207e-04 2.944293e+06 2.826502e+06 0.959993
0.518000 3.604210e-04 2.810115e+06 2.697291e+06 0.959851
0.524000 3.688181e-04 2.683490e+06 2.575372e+06 0.959710
0.530000 3.773118e-04 2.563914e+06 2.460256e+06 0.959570
0.536000 3.859021e-04 2.450922e+06 2.351494e+06 0.959433
0.542000 3.945892e-04 2.344082e+06 2.248670e+06 0.959296
0.548000 4.033728e-04 2.242998e+06 2.151398e+06 0.959162
0.554000 4.122532e-04 2.147302e+06 2.059323e+06 0.959028
0.560000 4.212302e-04 2.056652e+06 1.972117e+06 0.958896
0.566000 4.303038e-04 1.970733e+06 1.889472e+06 0.958766
0.572000 4.394741e-04 1.889252e+06 1.811107e+06 0.958637
0.578000 4.487411e-04 1.811936e+06 1.736757e+06 0.958509
0.584000 4.581047e-04 1.738532e+06 1.666179e+06 0.958383
0.590000 4.675650e-04 1.668806e+06 1.599146e+06 0.958258
0.596000 4.771219e-04 1.602538e+06 1.535446e+06 0.958134
0.602000 4.867754e-04 1.539525e+06 1.474883e+06 0.958012
0.608000 4.965256e-04 1.479577e+06 1.417272e+06 0.957890
0.614000 5.063725e-04 1.422516e+06 1.362444e+06 0.957770
0.620000 5.163159e-04 1.368178e+06 1.310238e+06 0.957651
0.626000 5.263561e-04 1.316408e+06 1.260505e+06 0.957533
0.632000 5.364928e-04 1.267062e+06 1.213107e+06 0.957417
0.638000 5.467262e-04 1.220005e+06 1.167913e+06 0.957301
0.644000 5.570563e-04 1.175111e+06 1.124801e+06 0.957187
0.650000 5.674829e-04 1.132261e+06 1.083657e+06 0.957073
0.656000 5.780062e-04 1.091345e+06 1.044375e+06 0.956961
0.662000 5.886262e-04 1.052259e+06 1.006854e+06 0.956850
0.668000 5.993427e-04 1.014906e+06 9.710011e+05 0.956740
0.674000 6.101559e-04 9.791949e+05 9.367274e+05 0.956630
0.680000 6.210657e-04 9.450390e+05 9.039505e+05 0.956522
0.686000 6.320722e-04 9.123582e+05 8.725927e+05 0.956415
0.692000 6.431752e-04 8.810767e+05 8.425809e+05 0.956308
0.698000 6.543749e-04 8.511233e+05 8.138463e+05 0.956203
0.704000 6.656712e-04 8.224308e+05 7.863245e+05 0.956098
0.710000 6.770641e-04 7.949361e+05 7.599545e+05 0.955994
0.716000 6.885537e-04 7.685798e+05 7.346790e+05 0.955892
0.722000 7.001398e-04 7.433057e+05 7.104440e+05 0.955790
0.728000 7.118226e-04 7.190611e+05 6.871985e+05 0.955689
0.734000 7.236019e-04 6.957959e+05 6.648945e+05 0.955588
0.740000 7.354779e-04 6.734631e+05 6.434866e+05 0.955489
0.746000 7.474505e-04 6.520183e+05 6.229320e+05 0.955390
0.752000 7.595197e-04 6.314194e+05 6.031903e+05 0.955293
0.758000 7.716855e-04 6.116267e+05 5.842231e+05 0.955196
0.764000 7.839479e-04 5.926027e+05 5.659944e+05 0.955099
0.770000 7.963068e-04 5.743118e+05 5.484700e+05 0.955004
0.776000 8.087624e-04 5.567204e+05 5.316174e+05 0.954909
0.782000 8.213146e-04 5.397966e+05 5.154060e+05 0.954815
0.788000 8.339634e-04 5.235104e+05 4.998068e+05 0.954722
0.794000 8.467087e-04 5.078330e+05 4.847922e+05 0.954629
0.800000 8.595507e-04 4.927374e+05 4.703363e+05 0.954537
0.806000 8.724892e-04 4.781979e+05 4.564142e+05 0.954446
0.812000 8.855243e-04 4.641901e+05 4.430025e+05 0.954356
0.818000 8.986560e-04 4.506908e+05 4.300789e+05 0.954266
0.824000 9.118843e-04 4.376780e+05 4.176223e+05 0.954177
0.830000 9.252091e-04 4.251310e+05 4.056125e+05 0.954088
0.836000 9.386306e-04 4.130298e+05 3.940306e+05 0.954001
0.842000 9.521486e-04 4.013555e+05 3.828584e+05 0.953913
0.848000 9.657631e-04 3.900902e+05 3.720785e+05 0.953827
0.854000 9.794743e-04 3.792169e+05 3.616747e+05 0.953741
0.860000 9.932820e-04 3.687193e+05 3.516312e+05 0.953655
0.866000 1.007186e-03 3.585819e+05 3.419332e+05 0.953571
0.872000 1.021187e-03 3.487901e+05 3.325667e+05 0.953487
0.878000 1.035285e-03 3.393297e+05 3.235180e+05 0.953403
0.884000 1.049478e-03 3.301875e+05 3.147743e+05 0.953320
0.890000 1.063769e-03 3.213506e+05 3.063235e+05 0.953238
0.896000 1.078156e-03 3.128069e+05 2.981537e+05 0.953156
0.902000 1.092640e-03 3.045449e+05 2.902540e+05 0.953075
0.908000 1.107220e-03 2.965534e+05 2.826135e+05 0.952994
0.914000 1.121897e-03 2.888219e+05 2.752223e+05 0.952914
0.920000 1.136670e-03 2.813404e+05 2.680707e+05 0.952834
0.926000 1.151540e-03 2.740992e+05 2.611493e+05 0.952755
0.932000 1.166506e-03 2.670890e+05 2.544493e+05 0.952676
0.938000 1.181569e-03 2.603012e+05 2.479624e+05 0.952598
0.944000 1.196728e-03 2.537273e+05 2.416804e+05 0.952520
0.950000 1.211984e-03 2.473593e+05 2.355957e+05 0.952443
0.956000 1.227337e-03 2.411894e+05 2.297008e+05 0.952367
0.962000 1.242786e-03 2.352104e+05 2.239886e+05 0.952291
0.968000 1.258331e-03 2.294152e+05 2.184526e+05 0.952215
0.974000 1.273973e-03 2.237971e+05 2.130861e+05 0.952140
0.980000 1.289712e-03 2.183496e+05 2.078830e+05 0.952065
0.986000 1.305547e-03 2.130665e+05 2.028373e+05 0.951991
0.992000 1.321479e-03 2.079420e+05 1.979435e+05 0.951917
0.998000 1.337507e-03 2.029703e+05 1.931960e+05 0.951844
1.004000 1.353631e-03 1.981460e+05 1.885896e+05 0.951771
1.010000 1.369853e-03 1.934640e+05 1.841193e+05 0.951698
1.016000 1.386170e-03 1.889191e+05 1.797804e+05 0.951626
1.022000 1.402584e-03 1.845067e+05 1.755682e+05 0.951555
1.028000 1.419095e-03 1.802221e+05 1.714784e+05 0.951484
1.034000 1.435702e-03 1.760609e+05 1.675066e+05 0.951413
1.040000 1.452406e-03 1.720189e+05 1.636489e+05 0.951343
1.046000 1.469206e-03 1.680919e+05 1.599013e+05 0.951273
1.052000 1.486103e-03 1.642762e+05 1.562600e+05 0.951203
1.058000 1.503096e-03 1.605679e+05 1.527216e+05 0.951134
1.064000 1.520185e-03 1.569634e+05 1.492825e+05 0.951065
1.070000 1.537371e-03 1.534593e+05 1.459393e+05 0.950997
1.076000 1.554654e-03 1.500522e+05 1.426890e+05 0.950929
1.082000 1.572033e-03 1.467389e+05 1.395284e+05 0.950862
1.088000 1.589508e-03 1.435164e+05 1.364546e+05 0.950795
1.094000 1.607080e-03 1.403816e+05 1.334647e+05 0.950728
1.100000 1.624749e-03 1.373318e+05 1.305561e+05 0.950662
1.106000 1.642514e-03 1.343642e+05 1.277260e+05 0.950596
1.112000 1.660375e-03 1.314761e+05 1.249720e+05 0.950530
1.118000 1.678333e-03 1.286650e+05 1.222915e+05 0.950465
1.124000 1.696387e-03 1.259285e+05 1.196824e+05 0.950400
1.130000 1.714538e-03 1.232641e+05 1.171422e+05 0.950335
1.136000 1.732785e-03 1.206697e+05 1.146689e+05 0.950271
1.142000 1.751129e-03 1.181430e+05 1.122603e+05 0.950207
1.148000 1.769569e-03 1.156820e+05 1.099145e+05 0.950143
1.154000 1.788105e-03 1.132845e+05 1.076294e+05 0.950080
1.160000 1.806738e-03 1.109487e+05 1.054032e+05 0.950017
1.166000 1.825468e-03 1.086726e+05 1.032340e+05 0.949955
1.172000 1.844294e-03 1.064544e+05 1.011202e+05 0.949893
1.178000 1.863216e-03 1.042924e+05 9.906010e+04 0.949831
1.184000 1.882235e-03 1.021848e+05 9.705199e+04 0.949769
1.190000 1.901350e-03 1.001301e+05 9.509435e+04 0.949708
1.196000 1.920561e-03 9.812660e+04 9.318565e+04 0.949647
1.202000 1.939869e-03 9.617285e+04 9.132445e+04 0.949587
1.208000 1.959274e-03 9.426735e+04 8.950933e+04 0.949526
1.214000 1.978774e-03 9.240868e+04 8.773893e+04 0.949466
1.220000 1.998372e-03 9.059546e+04 8.601193e+04 0.949407
1.226000 2.018065e-03 8.882637e+04 8.432708e+04 0.949347
1.232000 2.037855e-03 8.710014e+04 8.268313e+04 0.949288
1.238000 2.057742e-03 8.541551e+04 8.107892e+04 0.949229
1.244000 2.077724e-03 8.377130e+04 7.951329e+04 0.949171
1.250000 2.097804e-03 8.216635e+04 7.798513e+04 0.949113
1.256000 2.117979e-03 8.059953e+04 7.649338e+04 0.949055
1.262000 2.138251e-03 7.906978e+04 7.503700e+04 0.948997
1.268000 2.158620e-03 7.757603e+04 7.361499e+04 0.948940
1.274000 2.179084e-03 7.611729e+04 7.222638e+04 0.948883
1.280000 2.199645e-03 7.469256e+04 7.087025e+04 0.948826
1.286000 2.220303e-03 7.330092e+04 6.954567e+04 0.948770
1.292000 2.241057e-03 7.194143e+04 6.825179e+04 0.948713
1.298000 2.261907e-03 7.061321e+04 6.698774e+04 0.948657
1.304000 2.282854e-03 6.931541e+04 6.575271e+04 0.948602
1.310000 2.303897e-03 6.804719e+04 6.454590e+04 0.948546
1.316000 2.325036e-03 6.680775e+04 6.336655e+04 0.948491
1.322000 2.346272e-03 6.559631e+04 6.221391e+04 0.948436
1.328000 2.367604e-03 6.441212e+04 6.108725e+04 0.948381
1.334000 2.389032e-03 6.325443e+04 5.998588e+04 0.948327
1.340000 2.410557e-03 6.212256e+04 5.890913e+04 0.948273
1.346000 2.432178e-03 6.101580e+04 5.785633e+04 0.948219
1.352000 2.453895e-03 5.993349e+04 5.682685e+04 0.948165
1.358000 2.475709e-03 5.887499e+04 5.582008e+04 0.948112
1.364000 2.497619e-03 5.783968e+04 5.483541e+04 0.948059
1.370000 2.519625e-03 5.682694e+04 5.387227e+04 0.948006
1.376000 2.541728e-03 5.583620e+04 5.293009e+04 0.947953
1.382000 2.563927e-03 5.486687e+04 5.200834e+04 0.947901
1.388000 2.586222e-03 5.391842e+04 5.110648e+04 0.947848
1.394000 2.608614e-03 5.299029e+04 5.022400e+04 0.947796
1.400000 2.631102e-03 5.208198e+04 4.936041e+04 0.947745
1.406000 2.653686e-03 5.119297e+04 4.851522e+04 0.947693
1.412000 2.676367e-03 5.032278e+04 4.768797e+04 0.947642
1.418000 2.699144e-03 4.947093e+04 4.687819e+04 0.947591
1.424000 2.722017e-03 4.863696e+04 4.608546e+04 0.947540
1.430000 2.744986e-03 4.782043e+04 4.530934e+04 0.947489
1.436000 2.768052e-03 4.702089e+04 4.454941e+04 0.947439
1.442000 2.791214e-03 4.623793e+04 4.380528e+04 0.947389
1.448000 2.814473e-03 4.547113e+04 4.307656e+04 0.947339
1.454000 2.837827e-03 4.472010e+04 4.236285e+04 0.947289
1.460000 2.861278e-03 4.398445e+04 4.166380e+04 0.947239
1.466000 2.884825e-03 4.326380e+04 4.097904e+04 0.947190
1.472000 2.908469e-03 4.255779e+04 4.030823e+04 0.947141
1.478000 2.932208e-03 4.186607e+04 3.965102e+04 0.947092
1.484000 2.956044e-03 4.118829e+04 3.900709e+04 0.947043
1.490000 2.979976e-03 4.052411e+04 3.837612e+04 0.946995
1.496000 3.004005e-03 3.987320e+04 3.775779e+04 0.946946
1.502000 3.028130e-03 3.923526e+04 3.715181e+04 0.946898
1.508000 3.052350e-03 3.860997e+04 3.655787e+04 0.946850
1.514000 3.076668e-03 3.799704e+04 3.597570e+04 0.946803
1.520000 3.101081e-03 3.739617e+04 3.540502e+04 0.946755
1.526000 3.125591e-03 3.680707e+04 3.484555e+04 0.946708
1.532000 3.150196e-03 3.622948e+04 3.429704e+04 0.946661
1.538000 3.174899e-03 3.566313e+04 3.375922e+04 0.946614
1.544000 3.199697e-03 3.510775e+04 3.323185e+04 0.946567
1.550000 3.224591e-03 3.456309e+04 3.271468e+04 0.946521
1.556000 3.249582e-03 3.402891e+04 3.220749e+04 0.946474
1.562000 3.274669e-03 3.350495e+04 3.171003e+04 0.946428
1.568000 3.299852e-03 3.299100e+04 3.122210e+04 0.946382
1.574000 3.325132e-03 3.248682e+04 3.074346e+04 0.946336
1.580000 3.350507e-03 3.199219e+04 3.027391e+04 0.946291
1.586000 3.375979e-03 3.150689e+04 2.981325e+04 0.946245
1.592000 3.401547e-03 3.103072e+04 2.936127e+04 0.946200
1.598000 3.427211e-03 3.056346e+04 2.891777e+04 0.946155
1.604000 3.452971e-03 3.010493e+04 2.848258e+04 0.946110
1.610000 3.478828e-03 2.965492e+04 2.805549e+04 0.946065
1.616000 3.504780e-03 2.921325e+04 2.763634e+04 0.946021
1.622000 3.530829e-03 2.877972e+04 2.722494e+04 0.945976
1.628000 3.556974e-03 2.835417e+04 2.682113e+04 0.945932
1.634000 3.583215e-03 2.793642e+04 2.642473e+04 0.945888
1.640000 3.609553e-03 2.752630e+04 2.603559e+04 0.945844
1.646000 3.635986e-03 2.712363e+04 2.565355e+04 0.945801
1.652000 3.662516e-03 2.672827e+04 2.527845e+04 0.945757
1.658000 3.689141e-03 2.634004e+04 2.491014e+04 0.945714
1.664000 3.715863e-03 2.595880e+04 2.454848e+04 0.945671
1.670000 3.742681e-03 2.558440e+04 2.419332e+04 0.945628
1.676000 3.769595e-03 2.521669e+04 2.384452e+04 0.945585
1.682000 3.796606e-03 2.485553e+04 2.350195e+04 0.945542
1.688000 3.823712e-03 2.450077e+04 2.316547e+04 0.945499
1.694000 3.850914e-03 2.415229e+04 2.283496e+04 0.945457
1.700000 3.878213e-03 2.380995e+04 2.251028e+04 0.945415
1.706000 3.905608e-03 2.347362e+04 2.219132e+04 0.945373
1.712000 3.933099e-03 2.314318e+04 2.187796e+04 0.945331
1.718000 3.960686e-03 2.281849e+04 2.157007e+04 0.945289
1.724000 3.988369e-03 2.249945e+04 2.126755e+04 0.945247
1.730000 4.016148e-03 2.218594e+04 2.097028e+04 0.945206
1.736000 4.044023e-03 2.187784e+04 2.067816e+04 0.945165
1.742000 4.071994e-03 2.157503e+04 2.039107e+04 0.945124
1.748000 4.100062e-03 2.127742e+04 2.010892e+04 0.945083
1.754000 4.128225e-03 2.098489e+04 1.983160e+04 0.945042
1.760000 4.156485e-03 2.069735e+04 1.955901e+04 0.945001
1.766000 4.184840e-03 2.041468e+04 1.929106e+04 0.944960
1.772000 4.213292e-03 2.013679e+04 1.902766e+04 0.944920
1.778000 4.241839e-03 1.986359e+04 1.876871e+04 0.944880
1.784000 4.270483e-03 1.959498e+04 1.851411e+04 0.944840
1.790000 4.299223e-03 1.933087e+04 1.826380e+04 0.944800
1.796000 4.328059e-03 1.907116e+04 1.801767e+04 0.944760
1.802000 4.356991e-03 1.881578e+04 1.777564e+04 0.944720
1.808000 4.386019e-03 1.856463e+04 1.753764e+04 0.944681
1.814000 4.415143e-03 1.831763e+04 1.730359e+04 0.944641
1.820000 4.444363e-03 1.807470e+04 1.707340e+04 0.944602
1.826000 4.473679e-03 1.783576e+04 1.684699e+04 0.944563
1.832000 4.503091e-03 1.760073e+04 1.662431e+04 0.944524
1.838000 4.532599e-03 1.736953e+04 1.640526e+04 0.944485
1.844000 4.562203e-03 1.714210e+04 1.618979e+04 0.944446
1.850000 4.591903e-03 1.691835e+04 1.597782e+04 0.944407
1.856000 4.621699e-03 1.669822e+04 1.576928e+04 0.944369
1.862000 4.651591e-03 1.648163e+04 1.556411e+04 0.944331
1.868000 4.681579e-03 1.626852e+04 1.536224e+04 0.944292
1.874000 4.711663e-03 1.605882e+04 1.516361e+04 0.944254
1.880000 4.741843e-03 1.585247e+04 1.496816e+04 0.944216
1.886000 4.772119e-03 1.564940e+04 1.477583e+04 0.944179
1.892000 4.802490e-03 1.544955e+04 1.458655e+04 0.944141
1.898000 4.832958e-03 1.525285e+04 1.440027e+04 0.944103
1.904000 4.863522e-03 1.505926e+04 1.421693e+04 0.944066
1.910000 4.894182e-03 1.486871e+04 1.403649e+04 0.944029
1.916000 4.924938e-03 1.468114e+04 1.385887e+04 0.943991
1.922000 4.955789e-03 1.449650e+04 1.368403e+04 0.943954
1.928000 4.986737e-03 1.431473e+04 1.351193e+04 0.943917
1.934000 5.017781e-03 1.413579e+04 1.334250e+04 0.943881
1.940000 5.048920e-03 1.395961e+04 1.317569e+04 0.943844
1.946000 5.080155e-03 1.378615e+04 1.301147e+04 0.943807
1.952000 5.111487e-03 1.361536e+04 1.284978e+04 0.943771
1.958000 5.142914e-03 1.344718e+04 1.269057e+04 0.943735
1.964000 5.174437e-03 1.328158e+04 1.253380e+04 0.943698
1.970000 5.206056e-03 1.311849e+04 1.237943e+04 0.943662
1.976000 5.237771e-03 1.295789e+04 1.222740e+04 0.943626
1.982000 5.269582e-03 1.279972e+04 1.207769e+04 0.943590
1.988000 5.301489e-03 1.264393e+04 1.193024e+04 0.943555
1.994000 5.333491e-03 1.249049e+04 1.178502e+04 0.943519
2.000000 5.365590e-03 1.233936e+04 1.164198e+04 0.943484
2.006000 5.397784e-03 1.219049e+04 1.150109e+04 0.943448
2.012000 5.430074e-03 1.204384e+04 1.136231e+04 0.943413
2.018000 5.462461e-03 1.189937e+04 1.122560e+04 0.943378
2.024000 5.494943e-03 1.175704e+04 1.109092e+04 0.943343
2.030000 5.527520e-03 1.161682e+04 1.095824e+04 0.943308
2.036000 5.560194e-03 1.147867e+04 1.082752e+04 0.943273
2.042000 5.592964e-03 1.134255e+04 1.069872e+04 0.943238
2.048000 5.625829e-03 1.120843e+04 1.057183e+04 0.943204
2.054000 5.658790e-03 1.107626e+04 1.044679e+04 0.943169
2.060000 5.691847e-03 1.094603e+04 1.032358e+04 0.943135
2.066000 5.725000e-03 1.081769e+04 1.020216e+04 0.943100
2.072000 5.758249e-03 1.069120e+04 1.008251e+04 0.943066
2.078000 5.791593e-03 1.056655e+04 9.964598e+03 0.943032
2.084000 5.825033e-03 1.044370e+04 9.848386e+03 0.942998
2.090000 5.858569e-03 1.032261e+04 9.733850e+03 0.942964
2.096000 5.892201e-03 1.020325e+04 9.620959e+03 0.942931
2.102000 5.925929e-03 1.008561e+04 9.509686e+03 0.942897
2.108000 5.959752e-03 9.969635e+03 9.400003e+03 0.942863
2.114000 5.993672e-03 9.855312e+03 9.291883e+03 0.942830
2.120000 6.027687e-03 9.742611e+03 9.185300e+03 0.942797
2.126000 6.061798e-03 9.631502e+03 9.080227e+03 0.942763
2.132000 6.096004e-03 9.521960e+03 8.976639e+03 0.942730
2.138000 6.130306e-03 9.413957e+03 8.874510e+03 0.942697
2.144000 6.164704e-03 9.307469e+03 8.773817e+03 0.942664
2.150000 6.199198e-03 9.202469e+03 8.674536e+03 0.942631
2.156000 6.233788e-03 9.098933e+03 8.576642e+03 0.942599
2.162000 6.268473e-03 8.996837e+03 8.480113e+03 0.942566
2.168000 6.303254e-03 8.896157e+03 8.384925e+03 0.942533
2.174000 6.338131e-03 8.796868e+03 8.291057e+03 0.942501
2.180000 6.373103e-03 8.698949e+03 8.198487e+03 0.942469
2.186000 6.408172e-03 8.602377e+03 8.107194e+03 0.942436
2.192000 6.443336e-03 8.507130e+03 8.017155e+03 0.942404
2.198000 6.478595e-03 8.413185e+03 7.928352e+03 0.942372
2.204000 6.513950e-03 8.320523e+03 7.840763e+03 0.942340
2.210000 6.549402e-03 8.229121e+03 7.754369e+03 0.942308
2.216000 6.584948e-03 8.138959e+03 7.669151e+03 0.942277
2.222000 6.620591e-03 8.050018e+03 7.585089e+03 0.942245
2.228000 6.656329e-03 7.962278e+03 7.502164e+03 0.942213
2.234000 6.692162e-03 7.875718e+03 7.420359e+03 0.942182
2.240000 6.728092e-03 7.790322e+03 7.339655e+03 0.942150
2.246000 6.764117e-03 7.706068e+03 7.260035e+03 0.942119
2.252000 6.800238e-03 7.622941e+03 7.181481e+03 0.942088
2.258000 6.836454e-03 7.540920e+03 7.103976e+03 0.942057
2.264000 6.872766e-03 7.459990e+03 7.027503e+03 0.942026
2.270000 6.909174e-03 7.380132e+03 6.952047e+03 0.941995
2.276000 6.945677e-03 7.301330e+03 6.877590e+03 0.941964
2.282000 6.982276e-03 7.223567e+03 6.804118e+03 0.941933
2.288000 7.018970e-03 7.146827e+03 6.731615e+03 0.941903
2.294000 7.055760e-03 7.071093e+03 6.660065e+03 0.941872
2.300000 7.092646e-03 6.996350e+03 6.589453e+03 0.941841
2.306000 7.129627e-03 6.922583e+03 6.519765e+03 0.941811
2.312000 7.166704e-03 6.849776e+03 6.450987e+03 0.941781
2.318000 7.203877e-03 6.777914e+03 6.383104e+03 0.941751
2.324000 7.241145e-03 6.706983e+03 6.316102e+03 0.941720
2.330000 7.278509e-03 6.636968e+03 6.249969e+03 0.941690
2.336000 7.315968e-03 6.567856e+03 6.184689e+03 0.941660
2.342000 7.353523e-03 6.499631e+03 6.120251e+03 0.941630
2.348000 7.391173e-03 6.432282e+03 6.056641e+03 0.941601
2.354000 7.428919e-03 6.365794e+03 5.993846e+03 0.941571
2.360000 7.466761e-03 6.300154e+03 5.931855e+03 0.941541
2.366000 7.504698e-03 6.235349e+03 5.870654e+03 0.941512
2.372000 7.542730e-03 6.171367e+03 5.810233e+03 0.941482
2.378000 7.580859e-03 6.108195e+03 5.750578e+03 0.941453
2.384000 7.619082e-03 6.045822e+03 5.691679e+03 0.941424
2.390000 7.657401e-03 5.984234e+03 5.633523e+03 0.941394
2.396000 7.695816e-03 5.923420e+03 5.576101e+03 0.941365
2.402000 7.734326e-03 5.863368e+03 5.519400e+03 0.941336
2.408000 7.772932e-03 5.804068e+03 5.463410e+03 0.941307
2.414000 7.811633e-03 5.745508e+03 5.408121e+03 0.941278
2.420000 7.850430e-03 5.687677e+03 5.353522e+03 0.941249
2.426000 7.889322e-03 5.630563e+03 5.299602e+03 0.941221
2.432000 7.928310e-03 5.574157e+03 5.246352e+03 0.941192
2.438000 7.967393e-03 5.518449e+03 5.193761e+03 0.941163
2.444000 8.006571e-03 5.463426e+03 5.141821e+03 0.941135
2.450000 8.045845e-03 5.409081e+03 5.090521e+03 0.941106
2.456000 8.085215e-03 5.355402e+03 5.039851e+03 0.941078
2.462000 8.124680e-03 5.302380e+03 4.989804e+03 0.941050
2.468000 8.164240e-03 5.250006e+03 4.940369e+03 0.941022
2.474000 8.203896e-03 5.198270e+03 4.891537e+03 0.940993
2.480000 8.243647e-03 5.147162e+03 4.843301e+03 0.940965
2.486000 8.283494e-03 5.096674e+03 4.795651e+03 0.940937
2.492000 8.323436e-03 5.046796e+03 4.748578e+03 0.940909
2.498000 8.363474e-03 4.997520e+03 4.702075e+03 0.940882
2.504000 8.403606e-03 4.948838e+03 4.656133e+03 0.940854
2.510000 8.443835e-03 4.900740e+03 4.610744e+03 0.940826
2.516000 8.484158e-03 4.853218e+03 4.565901e+03 0.940799
2.522000 8.524577e-03 4.806265e+03 4.521595e+03 0.940771
2.528000 8.565092e-03 4.759871e+03 4.477818e+03 0.940744
2.534000 8.605702e-03 4.714029e+03 4.434564e+03 0.940716
2.540000 8.646407e-03 4.668732e+03 4.391824e+03 0.940689
2.546000 8.687207e-03 4.623971e+03 4.349592e+03 0.940662
2.552000 8.728103e-03 4.579739e+03 4.307860e+03 0.940634
2.558000 8.769095e-03 4.536028e+03 4.266622e+03 0.940607
2.564000 8.810181e-03 4.492832e+03 4.225869e+03 0.940580
2.570000 8.851363e-03 4.450142e+03 4.185596e+03 0.940553
2.576000 8.892640e-03 4.407952e+03 4.145796e+03 0.940527
2.582000 8.934013e-03 4.366255e+03 4.106462e+03 0.940500
2.588000 8.975481e-03 4.325044e+03 4.067587e+03 0.940473
2.594000 9.017044e-03 4.284313e+03 4.029166e+03 0.940446
2.600000 9.058702e-03 4.244053e+03 3.991191e+03 0.940420
2.606000 9.100456e-03 4.204260e+03 3.953658e+03 0.940393
2.612000 9.142305e-03 4.164927e+03 3.916558e+03 0.940367
2.618000 9.184250e-03 4.126047e+03 3.879888e+03 0.940340
2.624000 9.226289e-03 4.087613e+03 3.843640e+03 0.940314
2.630000 9.268424e-03 4.049621e+03 3.807809e+03 0.940288
2.636000 9.310654e-03 4.012064e+03 3.772389e+03 0.940262
2.642000 9.352980e-03 3.974936e+03 3.737375e+03 0.940235
2.648000 9.395400e-03 3.938231e+03 3.702761e+03 0.940209
2.654000 9.437916e-03 3.901943e+03 3.668542e+03 0.940183
2.660000 9.480527e-03 3.866067e+03 3.634711e+03 0.940157
2.666000 9.523234e-03 3.830597e+03 3.601265e+03 0.940132
2.672000 9.566035e-03 3.795528e+03 3.568198e+03 0.940106
2.678000 9.608932e-03 3.760854e+03 3.535504e+03 0.940080
2.684000 9.651924e-03 3.726570e+03 3.503178e+03 0.940054
2.690000 9.695011e-03 3.692671e+03 3.471217e+03 0.940029
2.696000 9.738194e-03 3.659151e+03 3.439614e+03 0.940003
2.702000 9.781471e-03 3.626006e+03 3.408365e+03 0.939978
2.708000 9.824844e-03 3.593231e+03 3.377466e+03 0.939952
2.714000 9.868312e-03 3.560820e+03 3.346911e+03 0.939927
2.720000 9.911875e-03 3.528769e+03 3.316697e+03 0.939902
2.726000 9.955533e-03 3.497074e+03 3.286817e+03 0.939877
2.732000 9.999287e-03 3.465728e+03 3.257269e+03 0.939851
2.738000 1.004314e-02 3.434728e+03 3.228048e+03 0.939826
2.744000 1.008708e-02 3.404070e+03 3.199149e+03 0.939801
2.750000 1.013112e-02 3.373748e+03 3.170568e+03 0.939776
2.756000 1.017525e-02 3.343759e+03 3.142302e+03 0.939751
2.762000 1.021948e-02 3.314097e+03 3.114345e+03 0.939727
2.768000 1.026380e-02 3.284759e+03 3.086694e+03 0.939702
2.774000 1.030822e-02 3.255741e+03 3.059345e+03 0.939677
2.780000 1.035274e-02 3.227038e+03 3.032294e+03 0.939652
2.786000 1.039735e-02 3.198647e+03 3.005537e+03 0.939628
2.792000 1.044205e-02 3.170562e+03 2.979071e+03 0.939603
2.798000 1.048685e-02 3.142781e+03 2.952891e+03 0.939579
2.804000 1.053175e-02 3.115300e+03 2.926994e+03 0.939554
2.810000 1.057674e-02 3.088114e+03 2.901376e+03 0.939530
2.816000 1.062182e-02 3.061219e+03 2.876033e+03 0.939506
2.822000 1.066700e-02 3.034613e+03 2.850963e+03 0.939482
2.828000 1.071228e-02 3.008291e+03 2.826161e+03 0.939457
2.834000 1.075765e-02 2.982250e+03 2.801625e+03 0.939433
2.840000 1.080311e-02 2.956486e+03 2.777350e+03 0.939409
2.846000 1.084867e-02 2.930996e+03 2.753334e+03 0.939385
2.852000 1.089433e-02 2.905776e+03 2.729573e+03 0.939361
2.858000 1.094008e-02 2.880823e+03 2.706064e+03 0.939337
2.864000 1.098592e-02 2.856133e+03 2.682804e+03 0.939314
2.870000 1.103186e-02 2.831703e+03 2.659789e+03 0.939290
2.876000 1.107790e-02 2.807530e+03 2.637018e+03 0.939266
2.882000 1.112403e-02 2.783611e+03 2.614485e+03 0.939242
2.888000 1.117025e-02 2.759942e+03 2.592189e+03 0.939219
2.894000 1.121657e-02 2.736520e+03 2.570127e+03 0.939195
2.900000 1.126299e-02 2.713343e+03 2.548295e+03 0.939172
2.906000 1.130950e-02 2.690407e+03 2.526692e+03 0.939148
2.912000 1.135610e-02 2.667710e+03 2.505313e+03 0.939125
2.918000 1.140280e-02 2.645247e+03 2.484156e+03 0.939102
2.924000 1.144959e-02 2.623017e+03 2.463219e+03 0.939078
2.930000 1.149648e-02 2.601017e+03 2.442498e+03 0.939055
2.936000 1.154347e-02 2.579243e+03 2.421992e+03 0.939032
2.942000 1.159055e-02 2.557693e+03 2.401697e+03 0.939009
2.948000 1.163772e-02 2.536364e+03 2.381610e+03 0.938986
2.954000 1.168499e-02 2.515254e+03 2.361730e+03 0.938963
2.960000 1.173236e-02 2.494360e+03 2.342054e+03 0.938940
2.966000 1.177981e-02 2.473678e+03 2.322579e+03 0.938917
2.972000 1.182737e-02 2.453208e+03 2.303303e+03 0.938894
2.978000 1.187502e-02 2.432945e+03 2.284223e+03 0.938871
2.984000 1.192276e-02 2.412888e+03 2.265337e+03 0.938849
2.990000 1.197060e-02 2.393034e+03 2.246643e+03 0.938826
2.996000 1.201853e-02 2.373381e+03 2.228138e+03 0.938803
3.002000 1.206656e-02 2.353926e+03 2.209821e+03 0.938781
3.008000 1.211468e-02 2.334666e+03 2.191688e+03 0.938758
3.014000 1.216290e-02 2.315600e+03 2.173737e+03 0.938736
3.020000 1.221121e-02 2.296726e+03 2.155967e+03 0.938714
3.026000 1.225962e-02 2.278040e+03 2.138376e+03 0.938691
3.032000 1.230812e-02 2.259540e+03 2.120960e+03 0.938669
3.038000 1.235672e-02 2.241226e+03 2.103719e+03 0.938647
3.044000 1.240541e-02 2.223093e+03 2.086649e+03 0.938624
3.050000 1.245420e-02 2.205140e+03 2.069750e+03 0.938602
3.056000 1.250308e-02 2.187366e+03 2.053018e+03 0.938580
3.062000 1.255205e-02 2.169767e+03 2.036452e+03 0.938558
3.068000 1.260112e-02 2.152342e+03 2.020050e+03 0.938536
3.074000 1.265029e-02 2.135088e+03 2.003811e+03 0.938514
3.080000 1.269955e-02 2.118004e+03 1.987731e+03 0.938492
3.086000 1.274890e-02 2.101088e+03 1.971810e+03 0.938471
3.092000 1.279835e-02 2.084338e+03 1.956045e+03 0.938449
3.098000 1.284790e-02 2.067752e+03 1.940434e+03 0.938427
3.104000 1.289754e-02 2.051327e+03 1.924976e+03 0.938405
3.110000 1.294727e-02 2.035063e+03 1.909670e+03 0.938384
3.116000 1.299710e-02 2.018957e+03 1.894512e+03 0.938362
3.122000 1.304702e-02 2.003007e+03 1.879502e+03 0.938341
3.128000 1.309704e-02 1.987211e+03 1.864638e+03 0.938319
3.134000 1.314715e-02 1.971569e+03 1.849918e+03 0.938298
3.140000 1.319736e-02 1.956077e+03 1.835340e+03 0.938276
3.146000 1.324766e-02 1.940735e+03 1.820904e+03 0.938255
3.152000 1.329806e-02 1.925540e+03 1.806606e+03 0.938234
3.158000 1.334855e-02 1.910491e+03 1.792446e+03 0.938212
3.164000 1.339913e-02 1.895586e+03 1.778422e+03 0.938191
3.170000 1.344981e-02 1.880824e+03 1.764532e+03 0.938170
3.176000 1.350059e-02 1.866203e+03 1.750776e+03 0.938149
3.182000 1.355146e-02 1.851721e+03 1.737151e+03 0.938128
3.188000 1.360242e-02 1.837377e+03 1.723655e+03 0.938107
3.194000 1.365348e-02 1.823169e+03 1.710289e+03 0.938086
3.200000 1.370463e-02 1.809095e+03 1.697049e+03 0.938065
3.206000 1.375588e-02 1.795155e+03 1.683935e+03 0.938044
3.212000 1.380722e-02 1.781347e+03 1.670944e+03 0.938023
3.218000 1.385866e-02 1.767668e+03 1.658077e+03 0.938002
3.224000 1.391019e-02 1.754119e+03 1.645331e+03 0.937982
3.230000 1.396182e-02 1.740696e+03 1.632705e+03 0.937961
3.236000 1.401354e-02 1.727400e+03 1.620198e+03 0.937940
3.242000 1.406535e-02 1.714228e+03 1.607808e+03 0.937920
3.248000 1.411726e-02 1.701179e+03 1.595534e+03 0.937899
3.254000 1.416926e-02 1.688251e+03 1.583375e+03 0.937879
3.260000 1.422136e-02 1.675444e+03 1.571329e+03 0.937858
3.266000 1.427356e-02 1.662756e+03 1.559396e+03 0.937838
3.272000 1.432584e-02 1.650186e+03 1.547573e+03 0.937817
3.278000 1.437822e-02 1.637732e+03 1.535860e+03 0.937797
3.284000 1.443070e-02 1.625393e+03 1.524256e+03 0.937777
3.290000 1.448327e-02 1.613168e+03 1.512759e+03 0.937756
3.296000 1.453594e-02 1.601056e+03 1.501368e+03 0.937736
3.302000 1.458870e-02 1.589055e+03 1.490082e+03 0.937716
3.308000 1.464155e-02 1.577164e+03 1.478900e+03 0.937696
3.314000 1.469450e-02 1.565382e+03 1.467821e+03 0.937676
3.320000 1.474754e-02 1.553708e+03 1.456843e+03 0.937656
3.326000 1.480068e-02 1.542140e+03 1.445966e+03 0.937636
3.332000 1.485391e-02 1.530678e+03 1.435188e+03 0.937616
3.338000 1.490724e-02 1.519320e+03 1.424509e+03 0.937596
3.344000 1.496066e-02 1.508065e+03 1.413926e+03 0.937576
3.350000 1.501417e-02 1.496912e+03 1.403440e+03 0.937557
3.356000 1.506778e-02 1.485861e+03 1.393049e+03 0.937537
3.362000 1.512148e-02 1.474909e+03 1.382752e+03 0.937517
3.368000 1.517528e-02 1.464056e+03 1.372548e+03 0.937497
3.374000 1.522917e-02 1.453300e+03 1.362437e+03 0.937478
3.380000 1.528316e-02 1.442642e+03 1.352416e+03 0.937458
3.386000 1.533724e-02 1.432079e+03 1.342486e+03 0.937439
3.392000 1.539142e-02 1.421610e+03 1.332644e+03 0.937419
3.398000 1.544569e-02 1.411235e+03 1.322891e+03 0.937400
3.404000 1.550005e-02 1.400953e+03 1.313226e+03 0.937380
3.410000 1.555451e-02 1.390762e+03 1.303646e+03 0.937361
3.416000 1.560906e-02 1.380663e+03 1.294152e+03 0.937341
3.422000 1.566371e-02 1.370652e+03 1.284743e+03 0.937322
3.428000 1.571845e-02 1.360731e+03 1.275417e+03 0.937303
3.434000 1.577328e-02 1.350897e+03 1.266174e+03 0.937284
3.440000 1.582821e-02 1.341151e+03 1.257013e+03 0.937264
3.446000 1.588323e-02 1.331490e+03 1.247933e+03 0.937245
3.452000 1.593835e-02 1.321914e+03 1.238933e+03 0.937226
3.458000 1.599356e-02 1.312423e+03 1.230012e+03 0.937207
3.464000 1.604887e-02 1.303015e+03 1.221170e+03 0.937188
3.470000 1.610427e-02 1.293689e+03 1.212405e+03 0.937169
3.476000 1.615977e-02 1.284445e+03 1.203718e+03 0.937150
3.482000 1.621535e-02 1.275282e+03 1.195106e+03 0.937131
3.488000 1.627104e-02 1.266198e+03 1.186570e+03 0.937113
3.494000 1.632681e-02 1.257194e+03 1.178108e+03 0.937094
3.500000 1.638269e-02 1.248268e+03 1.169720e+03 0.937075
3.506000 1.643865e-02 1.239419e+03 1.161405e+03 0.937056
3.512000 1.649471e-02 1.230647e+03 1.153162e+03 0.937037
3.518000 1.655086e-02 1.221951e+03 1.144991e+03 0.937019
3.524000 1.660711e-02 1.213330e+03 1.136890e+03 0.937000
3.530000 1.666345e-02 1.204783e+03 1.128860e+03 0.936982
3.536000 1.671989e-02 1.196310e+03 1.120898e+03 0.936963
3.542000 1.677642e-02 1.187910e+03 1.113005e+03 0.936945
3.548000 1.683304e-02 1.179581e+03 1.105180e+03 0.936926
3.554000 1.688976e-02 1.171324e+03 1.097423e+03 0.936908
3.560000 1.694657e-02 1.163138e+03 1.089731e+03 0.936889
3.566000 1.700348e-02 1.155021e+03 1.082106e+03 0.936871
3.572000 1.706048e-02 1.146974e+03 1.074546e+03 0.936853
3.578000 1.711758e-02 1.138995e+03 1.067050e+03 0.936834
3.584000 1.717476e-02 1.131084e+03 1.059618e+03 0.936816
3.590000 1.723205e-02 1.123240e+03 1.052249e+03 0.936798
3.596000 1.728942e-02 1.115462e+03 1.044943e+03 0.936780
3.602000 1.734689e-02 1.107750e+03 1.037698e+03 0.936762
3.608000 1.740446e-02 1.100104e+03 1.030515e+03 0.936744
3.614000 1.746212e-02 1.092521e+03 1.023393e+03 0.936726
3.620000 1.751987e-02 1.085003e+03 1.016330e+03 0.936708
3.626000 1.757772e-02 1.077547e+03 1.009327e+03 0.936690
3.632000 1.763566e-02 1.070155e+03 1.002383e+03 0.936672
3.638000 1.769369e-02 1.062824e+03 9.954978e+02 0.936654
3.644000 1.775182e-02 1.055554e+03 9.886698e+02 0.936636
3.650000 1.781004e-02 1.048345e+03 9.818989e+02 0.936618
3.656000 1.786836e-02 1.041196e+03 9.751846e+02 0.936600
3.662000 1.792677e-02 1.034107e+03 9.685263e+02 0.936582
3.668000 1.798527e-02 1.027076e+03 9.619235e+02 0.936565
3.674000 1.804387e-02 1.020104e+03 9.553755e+02 0.936547
3.680000 1.810256e-02 1.013190e+03 9.488819e+02 0.936529
3.686000 1.816135e-02 1.006332e+03 9.424421e+02 0.936512
3.692000 1.822023e-02 9.995317e+02 9.360557e+02 0.936494
3.698000 1.827920e-02 9.927871e+02 9.297220e+02 0.936477
3.704000 1.833827e-02 9.860980e+02 9.234405e+02 0.936459
3.710000 1.839743e-02 9.794639e+02 9.172108e+02 0.936442
3.716000 1.845668e-02 9.728842e+02 9.110323e+02 0.936424
3.722000 1.851603e-02 9.663584e+02 9.049046e+02 0.936407
3.728000 1.857547e-02 9.598859e+02 8.988271e+02 0.936390
3.734000 1.863501e-02 9.534663e+02 8.927994e+02 0.936372
3.740000 1.869464e-02 9.470991e+02 8.868209e+02 0.936355
3.746000 1.875436e-02 9.407837e+02 8.808912e+02 0.936338
3.752000 1.881418e-02 9.345197e+02 8.750098e+02 0.936320
3.758000 1.887409e-02 9.283065e+02 8.691763e+02 0.936303
3.764000 1.893410e-02 9.221436e+02 8.633902e+02 0.936286
3.770000 1.899420e-02 9.160306e+02 8.576510e+02 0.936269
3.776000 1.905439e-02 9.099670e+02 8.519583e+02 0.936252
3.782000 1.911468e-02 9.039523e+02 8.463116e+02 0.936235
3.788000 1.917506e-02 8.979861e+02 8.407106e+02 0.936218
3.794000 1.923553e-02 8.920678e+02 8.351546e+02 0.936201
3.800000 1.929610e-02 8.861971e+02 8.296434e+02 0.936184
3.806000 1.935676e-02 8.803735e+02 8.241765e+02 0.936167
3.812000 1.941752e-02 8.745964e+02 8.187535e+02 0.936150
3.818000 1.947836e-02 8.688656e+02 8.133739e+02 0.936133
3.824000 1.953931e-02 8.631805e+02 8.080374e+02 0.936116
3.830000 1.960034e-02 8.575407e+02 8.027435e+02 0.936100
3.836000 1.966147e-02 8.519458e+02 7.974919e+02 0.936083
3.842000 1.972270e-02 8.463954e+02 7.922820e+02 0.936066
3.848000 1.978401e-02 8.408890e+02 7.871137e+02 0.936049
3.854000 1.984542e-02 8.354262e+02 7.819863e+02 0.936033
3.860000 1.990693e-02 8.300066e+02 7.768996e+02 0.936016
3.866000 1.996852e-02 8.246299e+02 7.718532e+02 0.936000
3.872000 2.003022e-02 8.192955e+02 7.668467e+02 0.935983
3.878000 2.009200e-02 8.140032e+02 7.618797e+02 0.935967
3.884000 2.015388e-02 8.087525e+02 7.569519e+02 0.935950
3.890000 2.021585e-02 8.035430e+02 7.520629e+02 0.935934
3.896000 2.027792e-02 7.983743e+02 7.472123e+02 0.935917
3.902000 2.034008e-02 7.932462e+02 7.423997e+02 0.935901
3.908000 2.040233e-02 7.881581e+02 7.376249e+02 0.935884
3.914000 2.046467e-02 7.831097e+02 7.328874e+02 0.935868
3.920000 2.052711e-02 7.781007e+02 7.281870e+02 0.935852
3.926000 2.058965e-02 7.731307e+02 7.235232e+02 0.935836
3.932000 2.065227e-02 7.681993e+02 7.188958e+02 0.935819
3.938000 2.071499e-02 7.633062e+02 7.143043e+02 0.935803
3.944000 2.077781e-02 7.584510e+02 7.097486e+02 0.935787
3.950000 2.084071e-02 7.536334e+02 7.052281e+02 0.935771
3.956000 2.090371e-02 7.488530e+02 7.007427e+02 0.935755
3.962000 2.096681e-02 7.441095e+02 6.962920e+02 0.935739
3.968000 2.103000e-02 7.394025e+02 6.918757e+02 0.935723
3.974000 2.109328e-02 7.347318e+02 6.874934e+02 0.935707
3.980000 2.115665e-02 7.300969e+02 6.831448e+02 0.935691
3.986000 2.122012e-02 7.254976e+02 6.788297e+02 0.935675
3.992000 2.128368e-02 7.209335e+02 6.745478e+02 0.935659
3.998000 2.134733e-02 7.164044e+02 6.702986e+02 0.935643
4.004000 2.141108e-02 7.119098e+02 6.660821e+02 0.935627
4.010000 2.147492e-02 7.074495e+02 6.618977e+02 0.935611
4.016000 2.153886e-02 7.030232e+02 6.577453e+02 0.935595
4.022000 2.160289e-02 6.986306e+02 6.536246e+02 0.935580
4.028000 2.166701e-02 6.942713e+02 6.495352e+02 0.935564
4.034000 2.173122e-02 6.899451e+02 6.454769e+02 0.935548
4.040000 2.179553e-02 6.856516e+02 6.414494e+02 0.935533
4.046000 2.185993e-02 6.813907e+02 6.374525e+02 0.935517
4.052000 2.192442e-02 6.771619e+02 6.334858e+02 0.935501
4.058000 2.198901e-02 6.729650e+02 6.295491e+02 0.935486
4.064000 2.205369e-02 6.687997e+02 6.256422e+02 0.935470
4.070000 2.211847e-02 6.646657e+02 6.217646e+02 0.935455
4.076000 2.218333e-02 6.605628e+02 6.179163e+02 0.935439
4.082000 2.224830e-02 6.564906e+02 6.140969e+02 0.935424
4.088000 2.231335e-02 6.524490e+02 6.103062e+02 0.935408
4.094000 2.237850e-02 6.484376e+02 6.065439e+02 0.935393
4.100000 2.244374e-02 6.444561e+02 6.028097e+02 0.935377
4.106000 2.250907e-02 6.405043e+02 5.991035e+02 0.935362
4.112000 2.257450e-02 6.365820e+02 5.954249e+02 0.935347
4.118000 2.264002e-02 6.326888e+02 5.917738e+02 0.935332
4.124000 2.270563e-02 6.288245e+02 5.881498e+02 0.935316
4.130000 2.277134e-02 6.249889e+02 5.845528e+02 0.935301
4.136000 2.283714e-02 6.211817e+02 5.809825e+02 0.935286
4.142000 2.290303e-02 6.174027e+02 5.774387e+02 0.935271
4.148000 2.296901e-02 6.136516e+02 5.739211e+02 0.935256
4.154000 2.303509e-02 6.099281e+02 5.704295e+02 0.935240
4.160000 2.310127e-02 6.062321e+02 5.669636e+02 0.935225
4.166000 2.316753e-02 6.025632e+02 5.635234e+02 0.935210
4.172000 2.323389e-02 5.989213e+02 5.601084e+02 0.935195
4.178000 2.330034e-02 5.953062e+02 5.567186e+02 0.935180
4.184000 2.336688e-02 5.917175e+02 5.533537e+02 0.935165
4.190000 2.343352e-02 5.881550e+02 5.500134e+02 0.935150
4.196000 2.350025e-02 5.846186e+02 5.466976e+02 0.935135
4.202000 2.356708e-02 5.811080e+02 5.434061e+02 0.935121
4.208000 2.363399e-02 5.776230e+02 5.401385e+02 0.935106
4.214000 2.370100e-02 5.741633e+02 5.368949e+02 0.935091
4.220000 2.376810e-02 5.707287e+02 5.336748e+02 0.935076
4.226000 2.383530e-02 5.673191e+02 5.304782e+02 0.935061
4.232000 2.390259e-02 5.639342e+02 5.273047e+02 0.935047
4.238000 2.396997e-02 5.605738e+02 5.241544e+02 0.935032
4.244000 2.403744e-02 5.572376e+02 5.210268e+02 0.935017
4.250000 2.410501e-02 5.539256e+02 5.179218e+02 0.935003
4.256000 2.417267e-02 5.506374e+02 5.148393e+02 0.934988
4.262000 2.424042e-02 5.473729e+02 5.117790e+02 0.934973
4.268000 2.430827e-02 5.441318e+02 5.087408e+02 0.934959
4.274000 2.437621e-02 5.409141e+02 5.057245e+02 0.934944
4.280000 2.444424e-02 5.377194e+02 5.027298e+02 0.934930
4.286000 2.451237e-02 5.345475e+02 4.997566e+02 0.934915
4.292000 2.458058e-02 5.313984e+02 4.968047e+02 0.934901
4.298000 2.464890e-02 5.282717e+02 4.938739e+02 0.934886
4.304000 2.471730e-02 5.251673e+02 4.909641e+02 0.934872
4.310000 2.478580e-02 5.220851e+02 4.880751e+02 0.934857
4.316000 2.485438e-02 5.190247e+02 4.852067e+02 0.934843
4.322000 2.492307e-02 5.159861e+02 4.823587e+02 0.934829
4.328000 2.499184e-02 5.129691e+02 4.795309e+02 0.934814
4.334000 2.506071e-02 5.099734e+02 4.767232e+02 0.934800
4.340000 2.512967e-02 5.069990e+02 4.739355e+02 0.934786
4.346000 2.519872e-02 5.040455e+02 4.711675e+02 0.934772
4.352000 2.526787e-02 5.011129e+02 4.684190e+02 0.934757
4.358000 2.533711e-02 4.982010e+02 4.656900e+02 0.934743
4.364000 2.540644e-02 4.953095e+02 4.629802e+02 0.934729
4.370000 2.547586e-02 4.924384e+02 4.602896e+02 0.934715
4.376000 2.554538e-02 4.895874e+02 4.576178e+02 0.934701
4.382000 2.561499e-02 4.867565e+02 4.549648e+02 0.934687
4.388000 2.568469e-02 4.839453e+02 4.523305e+02 0.934673
4.394000 2.575449e-02 4.811538e+02 4.497146e+02 0.934659
4.400000 2.582438e-02 4.783818e+02 4.471171e+02 0.934645
4.406000 2.589436e-02 4.756292e+02 4.445377e+02 0.934631
4.412000 2.596443e-02 4.728957e+02 4.419763e+02 0.934617
4.418000 2.603460e-02 4.701812e+02 4.394327e+02 0.934603
4.424000 2.610485e-02 4.674856e+02 4.369069e+02 0.934589
4.430000 2.617521e-02 4.648087e+02 4.343987e+02 0.934575
4.436000 2.624565e-02 4.621504e+02 4.319078e+02 0.934561
4.442000 2.631619e-02 4.595104e+02 4.294343e+02 0.934547
4.448000 2.638681e-02 4.568887e+02 4.269779e+02 0.934534
4.454000 2.645754e-02 4.542851e+02 4.245385e+02 0.934520
4.460000 2.652835e-02 4.516995e+02 4.221160e+02 0.934506
4.466000 2.659926e-02 4.491316e+02 4.197101e+02 0.934492
4.472000 2.667026e-02 4.465814e+02 4.173209e+02 0.934479
4.478000 2.674135e-02 4.440488e+02 4.149481e+02 0.934465
4.484000 2.681253e-02 4.415335e+02 4.125916e+02 0.934452
4.490000 2.688381e-02 4.390355e+02 4.102514e+02 0.934438
4.496000 2.695518e-02 4.365545e+02 4.079271e+02 0.934424
4.502000 2.702664e-02 4.340905e+02 4.056188e+02 0.934411
4.508000 2.709819e-02 4.316433e+02 4.033263e+02 0.934397
4.514000 2.716984e-02 4.292128e+02 4.010495e+02 0.934384
4.520000 2.724158e-02 4.267989e+02 3.987881e+02 0.934370
4.526000 2.731341e-02 4.244013e+02 3.965422e+02 0.934357
4.532000 2.738534e-02 4.220201e+02 3.943116e+02 0.934343
4.538000 2.745735e-02 4.196550e+02 3.920962e+02 0.934330
4.544000 2.752946e-02 4.173059e+02 3.898958e+02 0.934316
4.550000 2.760166e-02 4.149728e+02 3.877103e+02 0.934303
4.556000 2.767396e-02 4.126554e+02 3.855397e+02 0.934290
4.562000 2.774634e-02 4.103536e+02 3.833837e+02 0.934276
4.568000 2.781882e-02 4.080673e+02 3.812423e+02 0.934263
4.574000 2.789139e-02 4.057965e+02 3.791153e+02 0.934250
4.580000 2.796406e-02 4.035409e+02 3.770027e+02 0.934237
4.586000 2.803681e-02 4.013005e+02 3.749043e+02 0.934223
4.592000 2.810966e-02 3.990751e+02 3.728200e+02 0.934210
4.598000 2.818260e-02 3.968646e+02 3.707497e+02 0.934197
4.604000 2.825563e-02 3.946689e+02 3.686933e+02 0.934184
4.610000 2.832876e-02 3.924878e+02 3.666507e+02 0.934171
4.616000 2.840198e-02 3.903214e+02 3.646217e+02 0.934158
4.622000 2.847529e-02 3.881694e+02 3.626063e+02 0.934145
4.628000 2.854869e-02 3.860317e+02 3.606043e+02 0.934131
4.634000 2.862218e-02 3.839082e+02 3.586157e+02 0.934118
4.640000 2.869577e-02 3.817988e+02 3.566404e+02 0.934105
4.646000 2.876945e-02 3.797035e+02 3.546782e+02 0.934092
4.652000 2.884322e-02 3.776220e+02 3.527289e+02 0.934079
4.658000 2.891708e-02 3.755543e+02 3.507927e+02 0.934067
4.664000 2.899104e-02 3.735002e+02 3.488693e+02 0.934054
4.670000 2.906508e-02 3.714598e+02 3.469586e+02 0.934041
4.676000 2.913922e-02 3.694327e+02 3.450605e+02 0.934028
4.682000 2.921346e-02 3.674191e+02 3.431749e+02 0.934015
4.688000 2.928778e-02 3.654187e+02 3.413018e+02 0.934002
4.694000 2.936220e-02 3.634314e+02 3.394411e+02 0.933989
4.700000 2.943670e-02 3.614572e+02 3.375925e+02 0.933977
4.706000 2.951130e-02 3.594959e+02 3.357562e+02 0.933964
4.712000 2.958600e-02 3.575474e+02 3.339318e+02 0.933951
4.718000 2.966078e-02 3.556117e+02 3.321195e+02 0.933938
4.724000 2.973566e-02 3.536887e+02 3.303189e+02 0.933926
4.730000 2.981063e-02 3.517782e+02 3.285302e+02 0.933913
4.736000 2.988569e-02 3.498801e+02 3.267532e+02 0.933900
4.742000 2.996084e-02 3.479944e+02 3.249877e+02 0.933888
4.748000 3.003609e-02 3.461209e+02 3.232338e+02 0.933875
4.754000 3.011142e-02 3.442597e+02 3.214912e+02 0.933863
4.760000 3.018685e-02 3.424104e+02 3.197600e+02 0.933850
4.766000 3.026237e-02 3.405732e+02 3.180401e+02 0.933838
4.772000 3.033799e-02 3.387479e+02 3.163312e+02 0.933825
4.778000 3.041369e-02 3.369343e+02 3.146335e+02 0.933813
4.784000 3.048949e-02 3.351325e+02 3.129467e+02 0.933800
4.790000 3.056538e-02 3.333423e+02 3.112709e+02 0.933788
4.796000 3.064136e-02 3.315636e+02 3.096058e+02 0.933775
4.802000 3.071743e-02 3.297963e+02 3.079515e+02 0.933763
4.808000 3.079359e-02 3.280404e+02 3.063079e+02 0.933750
4.814000 3.086985e-02 3.262958e+02 3.046748e+02 0.933738
4.820000 3.094620e-02 3.245623e+02 3.030522e+02 0.933726
4.826000 3.102264e-02 3.228400e+02 3.014401e+02 0.933713
4.832000 3.109917e-02 3.211287e+02 2.998382e+02 0.933701
4.838000 3.117580e-02 3.194283e+02 2.982466e+02 0.933689
4.844000 3.125251e-02 3.177387e+02 2.966652e+02 0.933677
4.850000 3.132932e-02 3.160599e+02 2.950939e+02 0.933664
4.856000 3.140622e-02 3.143918e+02 2.935327e+02 0.933652
4.862000 3.148321e-02 3.127344e+02 2.919813e+02 0.933640
4.868000 3.156029e-02 3.110874e+02 2.904399e+02 0.933628
4.874000 3.163747e-02 3.094509e+02 2.889082e+02 0.933616
4.880000 3.171473e-02 3.078247e+02 2.873863e+02 0.933604
4.886000 3.179209e-02 3.062089e+02 2.858740e+02 0.933592
4.892000 3.186954e-02 3.046032e+02 2.843713e+02 0.933579
4.898000 3.194709e-02 3.030077e+02 2.828782e+02 0.933567
4.904000 3.202472e-02 3.014223e+02 2.813944e+02 0.933555
4.910000 3.210244e-02 2.998469e+02 2.799200e+02 0.933543
4.916000 3.218026e-02 2.982813e+02 2.784550e+02 0.933531
4.922000 3.225817e-02 2.967256e+02 2.769991e+02 0.933519
4.928000 3.233617e-02 2.951797e+02 2.755525e+02 0.933507
4.934000 3.241426e-02 2.936435e+02 2.741149e+02 0.933496
4.940000 3.249245e-02 2.921169e+02 2.726863e+02 0.933484
4.946000 3.257072e-02 2.905998e+02 2.712667e+02 0.933472
4.952000 3.264909e-02 2.890922e+02 2.698560e+02 0.933460
4.958000 3.272755e-02 2.875941e+02 2.684541e+02 0.933448
4.964000 3.280610e-02 2.861053e+02 2.670610e+02 0.933436
4.970000 3.288474e-02 2.846257e+02 2.656766e+02 0.933424
4.976000 3.296348e-02 2.831554e+02 2.643008e+02 0.933413
4.982000 3.304230e-02 2.816942e+02 2.629336e+02 0.933401
4.988000 3.312122e-02 2.802421e+02 2.615749e+02 0.933389
4.994000 3.320023e-02 2.787990e+02 2.602247e+02 0.933377
5.000000 3.327933e-02 2.773648e+02 2.588828e+02 0.933366
5.006000 3.335852e-02 2.759395e+02 2.575492e+02 0.933354
5.012000 3.343780e-02 2.745230e+02 2.562239e+02 0.933342
5.018000 3.351717e-02 2.731152e+02 2.549069e+02 0.933331
5.024000 3.359664e-02 2.717162e+02 2.535979e+02 0.933319
5.030000 3.367620e-02 2.703257e+02 2.522970e+02 0.933308
5.036000 3.375585e-02 2.689438e+02 2.510042e+02 0.933296
5.042000 3.383559e-02 2.675704e+02 2.497193e+02 0.933284
5.048000 3.391542e-02 2.662054e+02 2.484423e+02 0.933273
5.054000 3.399534e-02 2.648488e+02 2.471732e+02 0.933261
5.060000 3.407536e-02 2.635006e+02 2.459119e+02 0.933250
5.066000 3.415546e-02 2.621605e+02 2.446583e+02 0.933238
5.072000 3.423566e-02 2.608287e+02 2.434124e+02 0.933227
5.078000 3.431595e-02 2.595050e+02 2.421741e+02 0.933216
5.084000 3.439633e-02 2.581893e+02 2.409433e+02 0.933204
5.090000 3.447680e-02 2.568817e+02 2.397201e+02 0.933193
5.096000 3.455736e-02 2.555820e+02 2.385044e+02 0.933181
5.102000 3.463802e-02 2.542903e+02 2.372960e+02 0.933170
5.108000 3.471876e-02 2.530063e+02 2.360951e+02 0.933159
5.114000 3.479960e-02 2.517302e+02 2.349014e+02 0.933147
5.120000 3.488053e-02 2.504618e+02 2.337150e+02 0.933136
5.126000 3.496155e-02 2.492011e+02 2.325357e+02 0.933125
5.132000 3.504266e-02 2.479480e+02 2.313636e+02 0.933114
5.138000 3.512386e-02 2.467025e+02 2.301986e+02 0.933102
5.144000 3.520515e-02 2.454644e+02 2.290407e+02 0.933091
5.150000 3.528654e-02 2.442339e+02 2.278897e+02 0.933080
5.156000 3.536801e-02 2.430107e+02 2.267457e+02 0.933069
5.162000 3.544958e-02 2.417949e+02 2.256086e+02 0.933058
5.168000 3.553124e-02 2.405864e+02 2.244783e+02 0.933046
5.174000 3.561299e-02 2.393852e+02 2.233549e+02 0.933035
5.180000 3.569483e-02 2.381912e+02 2.222381e+02 0.933024
5.186000 3.577676e-02 2.370043e+02 2.211281e+02 0.933013
5.192000 3.585878e-02 2.358245e+02 2.200247e+02 0.933002
5.198000 3.594089e-02 2.346518e+02 2.189280e+02 0.932991
5.204000 3.602310e-02 2.334860e+02 2.178378e+02 0.932980
5.210000 3.610539e-02 2.323272e+02 2.167541e+02 0.932969
5.216000 3.618778e-02 2.311753e+02 2.156769e+02 0.932958
5.222000 3.627026e-02 2.300303e+02 2.146061e+02 0.932947
5.228000 3.635283e-02 2.288921e+02 2.135417e+02 0.932936
5.234000 3.643549e-02 2.277606e+02 2.124836e+02 0.932925
5.240000 3.651824e-02 2.266358e+02 2.114318e+02 0.932914
5.246000 3.660108e-02 2.255177e+02 2.103863e+02 0.932903
5.252000 3.668402e-02 2.244063e+02 2.093469e+02 0.932892
5.258000 3.676704e-02 2.233014e+02 2.083137e+02 0.932882
5.264000 3.685016e-02 2.222030e+02 2.072867e+02 0.932871
5.270000 3.693336e-02 2.211111e+02 2.062657e+02 0.932860
5.276000 3.701666e-02 2.200256e+02 2.052507e+02 0.932849
5.282000 3.710005e-02 2.189465e+02 2.042417e+02 0.932838
5.288000 3.718353e-02 2.178738e+02 2.032387e+02 0.932828
5.294000 3.726710e-02 2.168074e+02 2.022416e+02 0.932817
5.300000 3.735076e-02 2.157472e+02 2.012503e+02 0.932806
5.306000 3.743451e-02 2.146932e+02 2.002649e+02 0.932795
5.312000 3.751835e-02 2.136454e+02 1.992852e+02 0.932785
5.318000 3.760229e-02 2.126038e+02 1.983113e+02 0.932774
5.324000 3.768631e-02 2.115682e+02 1.973431e+02 0.932763
5.330000 3.777043e-02 2.105387e+02 1.963806e+02 0.932753
5.336000 3.785463e-02 2.095152e+02 1.954236e+02 0.932742
5.342000 3.793893e-02 2.084976e+02 1.944723e+02 0.932732
5.348000 3.802332e-02 2.074860e+02 1.935265e+02 0.932721
5.354000 3.810780e-02 2.064802e+02 1.925863e+02 0.932710
5.360000 3.819237e-02 2.054803e+02 1.916515e+02 0.932700
5.366000 3.827703e-02 2.044862e+02 1.907221e+02 0.932689
5.372000 3.836178e-02 2.034979e+02 1.897982e+02 0.932679
5.378000 3.844662e-02 2.025153e+02 1.888796e+02 0.932668
5.384000 3.853155e-02 2.015383e+02 1.879663e+02 0.932658
5.390000 3.861657e-02 2.005670e+02 1.870583e+02 0.932647
5.396000 3.870169e-02 1.996013e+02 1.861556e+02 0.932637
5.402000 3.878689e-02 1.986412e+02 1.852581e+02 0.932627
5.408000 3.887219e-02 1.976866e+02 1.843657e+02 0.932616
5.414000 3.895757e-02 1.967375e+02 1.834786e+02 0.932606
5.420000 3.904305e-02 1.957939e+02 1.825965e+02 0.932595
5.426000 3.912862e-02 1.948557e+02 1.817195e+02 0.932585
5.432000 3.921428e-02 1.939228e+02 1.808475e+02 0.932575
5.438000 3.930002e-02 1.929953e+02 1.799806e+02 0.932564
5.444000 3.938586e-02 1.920731e+02 1.791186e+02 0.932554
5.450000 3.947179e-02 1.911562e+02 1.782616e+02 0.932544
5.456000 3.955781e-02 1.902446e+02 1.774095e+02 0.932534
5.462000 3.964392e-02 1.893381e+02 1.765622e+02 0.932523
5.468000 3.973013e-02 1.884368e+02 1.757198e+02 0.932513
5.474000 3.981642e-02 1.875406e+02 1.748822e+02 0.932503
5.480000 3.990280e-02 1.866496e+02 1.740494e+02 0.932493
5.486000 3.998927e-02 1.857636e+02 1.732213e+02 0.932483
5.492000 4.007584e-02 1.848826e+02 1.723980e+02 0.932472
5.498000 4.016249e-02 1.840067e+02 1.715793e+02 0.932462
5.504000 4.024923e-02 1.831357e+02 1.707653e+02 0.932452
5.510000 4.033607e-02 1.822696e+02 1.699558e+02 0.932442
5.516000 4.042299e-02 1.814084e+02 1.691510e+02 0.932432
5.522000 4.051001e-02 1.805521e+02 1.683508e+02 0.932422
5.528000 4.059712e-02 1.797006e+02 1.675550e+02 0.932412
5.534000 4.068431e-02 1.788540e+02 1.667638e+02 0.932402
5.540000 4.077160e-02 1.780121e+02 1.659770e+02 0.932392
5.546000 4.085898e-02 1.771749e+02 1.651947e+02 0.932382
5.552000 4.094644e-02 1.763425e+02 1.644168e+02 0.932372
5.558000 4.103400e-02 1.755147e+02 1.636432e+02 0.932362
5.564000 4.112165e-02 1.746916e+02 1.628740e+02 0.932352
5.570000 4.120939e-02 1.738730e+02 1.621092e+02 0.932342
5.576000 4.129722e-02 1.730591e+02 1.613486e+02 0.932332
5.582000 4.138514e-02 1.722497e+02 1.605923e+02 0.932322
5.588000 4.147315e-02 1.714449e+02 1.598402e+02 0.932312
5.594000 4.156125e-02 1.706445e+02 1.590923e+02 0.932303
5.600000 4.164944e-02 1.698486e+02 1.583486e+02 0.932293
5.606000 4.173772e-02 1.690572e+02 1.576091e+02 0.932283
5.612000 4.182609e-02 1.682701e+02 1.568737e+02 0.932273
5.618000 4.191455e-02 1.674875e+02 1.561424e+02 0.932263
5.624000 4.200310e-02 1.667091e+02 1.554152e+02 0.932253
5.630000 4.209174e-02 1.659351e+02 1.546920e+02 0.932244
5.636000 4.218047e-02 1.651654e+02 1.539728e+02 0.932234
5.642000 4.226929e-02 1.644000e+02 1.532576e+02 0.932224
5.648000 4.235821e-02 1.636388e+02 1.525464e+02 0.932214
5.654000 4.244721e-02 1.628818e+02 1.518392e+02 0.932205
5.660000 4.253630e-02 1.621290e+02 1.511358e+02 0.932195
5.666000 4.262548e-02 1.613803e+02 1.504364e+02 0.932185
5.672000 4.271475e-02 1.606358e+02 1.497408e+02 0.932176
5.678000 4.280412e-02 1.598953e+02 1.490490e+02 0.932166
5.684000 4.289357e-02 1.591590e+02 1.483611e+02 0.932157
5.690000 4.298311e-02 1.584267e+02 1.476769e+02 0.932147
5.696000 4.307274e-02 1.576984e+02 1.469966e+02 0.932137
5.702000 4.316247e-02 1.569741e+02 1.463199e+02 0.932128
5.708000 4.325228e-02 1.562538e+02 1.456470e+02 0.932118
5.714000 4.334218e-02 1.555374e+02 1.449778e+02 0.932109
5.720000 4.343217e-02 1.548250e+02 1.443122e+02 0.932099
5.726000 4.352225e-02 1.541164e+02 1.436503e+02 0.932090
5.732000 4.361243e-02 1.534117e+02 1.429920e+02 0.932080
5.738000 4.370269e-02 1.527109e+02 1.423373e+02 0.932071
5.744000 4.379304e-02 1.520138e+02 1.416862e+02 0.932061
5.750000 4.388348e-02 1.513206e+02 1.410387e+02 0.932052
5.756000 4.397402e-02 1.506312e+02 1.403946e+02 0.932042
5.762000 4.406464e-02 1.499454e+02 1.397541e+02 0.932033
5.768000 4.415535e-02 1.492635e+02 1.391171e+02 0.932024
5.774000 4.424615e-02 1.485852e+02 1.384835e+02 0.932014
5.780000 4.433704e-02 1.479106e+02 1.378534e+02 0.932005
5.786000 4.442802e-02 1.472396e+02 1.372267e+02 0.931996
5.792000 4.451909e-02 1.465723e+02 1.366033e+02 0.931986
5.798000 4.461026e-02 1.459086e+02 1.359834e+02 0.931977
5.804000 4.470151e-02 1.452484e+02 1.353668e+02 0.931968
5.810000 4.479285e-02 1.445918e+02 1.347536e+02 0.931958
5.816000 4.488428e-02 1.439388e+02 1.341436e+02 0.931949
5.822000 4.497580e-02 1.432893e+02 1.335370e+02 0.931940
5.828000 4.506741e-02 1.426433e+02 1.329336e+02 0.931931
5.834000 4.515911e-02 1.420007e+02 1.323335e+02 0.931921
5.840000 4.525090e-02 1.413616e+02 1.317366e+02 0.931912
5.846000 4.534277e-02 1.407259e+02 1.311429e+02 0.931903
5.852000 4.543474e-02 1.400936e+02 1.305524e+02 0.931894
5.858000 4.552680e-02 1.394648e+02 1.299651e+02 0.931885
5.864000 4.561895e-02 1.388392e+02 1.293809e+02 0.931876
5.870000 4.571119e-02 1.382171e+02 1.287998e+02 0.931866
5.876000 4.580351e-02 1.375982e+02 1.282219e+02 0.931857
5.882000 4.589593e-02 1.369827e+02 1.276470e+02 0.931848
5.888000 4.598844e-02 1.363704e+02 1.270753e+02 0.931839
5.894000 4.608103e-02 1.357614e+02 1.265065e+02 0.931830
5.900000 4.617372e-02 1.351556e+02 1.259408e+02 0.931821
5.906000 4.626649e-02 1.345530e+02 1.253781e+02 0.931812
5.912000 4.635936e-02 1.339537e+02 1.248184e+02 0.931803
5.918000 4.645231e-02 1.333575e+02 1.242617e+02 0.931794
5.924000 4.654536e-02 1.327645e+02 1.237080e+02 0.931785
5.930000 4.663849e-02 1.321746e+02 1.231571e+02 0.931776
5.936000 4.673171e-02 1.315879e+02 1.226092e+02 0.931767
5.942000 4.682502e-02 1.310042e+02 1.220642e+02 0.931758
5.948000 4.691842e-02 1.304236e+02 1.215221e+02 0.931749
5.954000 4.701192e-02 1.298461e+02 1.209829e+02 0.931740
5.960000 4.710550e-02 1.292717e+02 1.204465e+02 0.931731
5.966000 4.719917e-02 1.287002e+02 1.199129e+02 0.931723
5.972000 4.729292e-02 1.281318e+02 1.193821e+02 0.931714
5.978000 4.738677e-02 1.275663e+02 1.188542e+02 0.931705
5.984000 4.748071e-02 1.270039e+02 1.183290e+02 0.931696
5.990000 4.757474e-02 1.264443e+02 1.178066e+02 0.931687
5.996000 4.766886e-02 1.258877e+02 1.172869e+02 0.931678
6.002000 4.776306e-02 1.253341e+02 1.167699e+02 0.931670
6.008000 4.785736e-02 1.247833e+02 1.162557e+02 0.931661
6.014000 4.795174e-02 1.242354e+02 1.157441e+02 0.931652
6.020000 4.804621e-02 1.236904e+02 1.152353e+02 0.931643
6.026000 4.814078e-02 1.231482e+02 1.147291e+02 0.931634
6.032000 4.823543e-02 1.226088e+02 1.142255e+02 0.931626
6.038000 4.833017e-02 1.220722e+02 1.137246e+02 0.931617
6.044000 4.842500e-02 1.215385e+02 1.132263e+02 0.931608
6.050000 4.851992e-02 1.210075e+02 1.127305e+02 0.931600
6.056000 4.861493e-02 1.204793e+02 1.122374e+02 0.931591
6.062000 4.871003e-02 1.199538e+02 1.117468e+02 0.931582
6.068000 4.880522e-02 1.194310e+02 1.112588e+02 0.931574
6.074000 4.890049e-02 1.189110e+02 1.107733e+02 0.931565
6.080000 4.899586e-02 1.183936e+02 1.102903e+02 0.931557
6.086000 4.909132e-02 1.178789e+02 1.098099e+02 0.931548
6.092000 4.918686e-02 1.173669e+02 1.093319e+02 0.931539
6.098000 4.928249e-02 1.168575e+02 1.088564e+02 0.931531
6.104000 4.937821e-02 1.163507e+02 1.083833e+02 0.931522
6.110000 4.947403e-02 1.158466e+02 1.079127e+02 0.931514
6.116000 4.956993e-02 1.153450e+02 1.074445e+02 0.931505
6.122000 4.966592e-02 1.148461e+02 1.069788e+02 0.931497
6.128000 4.976199e-02 1.143497e+02 1.065154e+02 0.931488
6.134000 4.985816e-02 1.138558e+02 1.060544e+02 0.931480
6.140000 4.995442e-02 1.133645e+02 1.055958e+02 0.931471
6.146000 5.005076e-02 1.128757e+02 1.051395e+02 0.931463
6.152000 5.014720e-02 1.123894e+02 1.046856e+02 0.931454
6.158000 5.024372e-02 1.119056e+02 1.042340e+02 0.931446
6.164000 5.034033e-02 1.114243e+02 1.037848e+02 0.931438
6.170000 5.043703e-02 1.109454e+02 1.033378e+02 0.931429
6.176000 5.053382e-02 1.104690e+02 1.028931e+02 0.931421
6.182000 5.063070e-02 1.099950e+02 1.024507e+02 0.931413
6.188000 5.072767e-02 1.095234e+02 1.020105e+02 0.931404
6.194000 5.082473e-02 1.090542e+02 1.015726e+02 0.931396
6.200000 5.092187e-02 1.085874e+02 1.011370e+02 0.931388
6.206000 5.101911e-02 1.081230e+02 1.007035e+02 0.931379
6.212000 5.111643e-02 1.076609e+02 1.002722e+02 0.931371
6.218000 5.121384e-02 1.072012e+02 9.984318e+01 0.931363
6.224000 5.131134e-02 1.067438e+02 9.941630e+01 0.931354
6.230000 5.140893e-02 1.062887e+02 9.899159e+01 0.931346
6.236000 5.150661e-02 1.058359e+02 9.856902e+01 0.931338
6.242000 5.160438e-02 1.053854e+02 9.814861e+01 0.931330
6.248000 5.170223e-02 1.049372e+02 9.773031e+01 0.931322
6.254000 5.180018e-02 1.044913e+02 9.731414e+01 0.931313
6.260000 5.189821e-02 1.040476e+02 9.690006e+01 0.931305
6.266000 5.199633e-02 1.036061e+02 9.648808e+01 0.931297
6.272000 5.209454e-02 1.031669e+02 9.607818e+01 0.931289
6.278000 5.219284e-02 1.027299e+02 9.567034e+01 0.931281
6.284000 5.229123e-02 1.022950e+02 9.526455e+01 0.931273
6.290000 5.238971e-02 1.018624e+02 9.486081e+01 0.931265
6.296000 5.248827e-02 1.014319e+02 9.445910e+01 0.931256
6.302000 5.258693e-02 1.010036e+02 9.405940e+01 0.931248
6.308000 5.268567e-02 1.005774e+02 9.366171e+01 0.931240
6.314000 5.278450e-02 1.001533e+02 9.326602e+01 0.931232
6.320000 5.288342e-02 9.973141e+01 9.287230e+01 0.931224
6.326000 5.298243e-02 9.931159e+01 9.248056e+01 0.931216
6.332000 5.308152e-02 9.889387e+01 9.209077e+01 0.931208
6.338000 5.318071e-02 9.847823e+01 9.170293e+01 0.931200
6.344000 5.327998e-02 9.806466e+01 9.131704e+01 0.931192
6.350000 5.337934e-02 9.765315e+01 9.093306e+01 0.931184
6.356000 5.347879e-02 9.724368e+01 9.055101e+01 0.931176
6.362000 5.357833e-02 9.683625e+01 9.017085e+01 0.931168
6.368000 5.367796e-02 9.643085e+01 8.979258e+01 0.931160
6.374000 5.377768e-02 9.602745e+01 8.941620e+01 0.931152
6.380000 5.387748e-02 9.562606e+01 8.904168e+01 0.931145
6.386000 5.397737e-02 9.522665e+01 8.866903e+01 0.931137
6.392000 5.407735e-02 9.482923e+01 8.829822e+01 0.931129
6.398000 5.417742e-02 9.443376e+01 8.792925e+01 0.931121
6.404000 5.427758e-02 9.404025e+01 8.756211e+01 0.931113
6.410000 5.437782e-02 9.364868e+01 8.719678e+01 0.931105
6.416000 5.447816e-02 9.325905e+01 8.683326e+01 0.931097
6.422000 5.457858e-02 9.287133e+01 8.647153e+01 0.931090
6.428000 5.467909e-02 9.248553e+01 8.611159e+01 0.931082
6.434000 5.477969e-02 9.210162e+01 8.575342e+01 0.931074
6.440000 5.488038e-02 9.171960e+01 8.539702e+01 0.931066
6.446000 5.498115e-02 9.133946e+01 8.504238e+01 0.931059
6.452000 5.508202e-02 9.096118e+01 8.468947e+01 0.931051
6.458000 5.518297e-02 9.058475e+01 8.433830e+01 0.931043
6.464000 5.528401e-02 9.021017e+01 8.398885e+01 0.931035
6.470000 5.538514e-02 8.983743e+01 8.364112e+01 0.931028
6.476000 5.548635e-02 8.946651e+01 8.329510e+01 0.931020
6.482000 5.558766e-02 8.909740e+01 8.295076e+01 0.931012
6.488000 5.568905e-02 8.873009e+01 8.260812e+01 0.931005
6.494000 5.579053e-02 8.836458e+01 8.226715e+01 0.930997
6.500000 5.589210e-02 8.800085e+01 8.192784e+01 0.930989
